0 0.7276312468749999 0.6073009234375 0.709698109375 0.6277554703125 0.7533238375 0.654009528125 0.7704468656250001 0.635285221875 0.7276312468749999 0.6073009234375
12 0.7664659968749999 0.6418794015625 0.7550265609375 0.6546382015625001 0.7245143281249999 0.6379788 0.7204612109374999 0.6454007671875 0.7638778875 0.677825890625 0.7807636609374999 0.6517510640624999 0.7664659968749999 0.6418794015625
1 0.6656661703125 0.6904824578125 0.6385106734375 0.6517249359374999 0.611240984375 0.66462018125 0.6357391484375 0.70613484375 0.6656661703125 0.6904824578125
1 0.654735034375 0.6986759859375 0.6366292 0.707264521875 0.625128234375 0.6905216765625 0.6139701 0.696281625 0.6366313015625 0.7437401265625 0.6729951609375 0.7285951921875 0.654735034375 0.6986759859375
10 0.6586611390625 0.7367606125 0.6380399062500001 0.7452214765625 0.62690274375 0.725568934375 0.6148571234375 0.7314284390625 0.6429308734375 0.7848372265625 0.6755925984375 0.7680583859375 0.6586611390625 0.7367606125
8 0.562067540625 0.7094810921875 0.5973656265625 0.715357603125 0.5859630109375 0.6748329531249999 0.564369221875 0.678074984375 0.56774088125 0.6985986453125 0.565823975 0.7016825671875 0.5546171296875 0.684087046875 0.562067540625 0.7094810921875
6 0.5899741828125 0.718235965625 0.5511210234374999 0.7102992109375 0.5606221203125 0.76128319375 0.597457921875 0.75961006875 0.5899741828125 0.718235965625
3 0.5855542359375 0.7625847640625001 0.5619559140625 0.7623630921875 0.5566647859375 0.74369411875 0.5431306218749999 0.7452123546875 0.551094 0.8037459734375 0.59200086875 0.803255525 0.5855542359375 0.7625847640625001
7 0.524563559375 0.70999965 0.49030001875 0.7035972453125 0.48345230624999996 0.754366 0.5217869078125 0.7619510843749999 0.524563559375 0.70999965
4 0.5041765515625001 0.7598281703125 0.483751553125 0.755971796875 0.48445865 0.74031851875 0.47032599062499997 0.73862516875 0.46030239218749996 0.7917993921875001 0.4985647453125 0.8002122625 0.5041765515625001 0.7598281703125
7 0.46782643593750006 0.7106265375 0.43946067187500004 0.694546034375 0.41365342656250004 0.734736565625 0.4451382125 0.7566147984375 0.46782643593750006 0.7106265375
6 0.42847477187500005 0.747418365625 0.41350892968749997 0.7363921390625 0.42116885625 0.720368746875 0.40702337968749996 0.7125292203125 0.379232109375 0.7590899296875 0.410492459375 0.779763815625 0.42847477187500005 0.747418365625
10 0.4044156859375 0.6681490859375 0.3810110328125 0.6543809406250001 0.352231825 0.6883474046875 0.376983090625 0.7093416265625 0.4044156859375 0.6681490859375
3 0.3649118328125 0.70290878125 0.35282775625 0.690329759375 0.3596078875 0.6780936296875 0.35197149843750003 0.669933765625 0.318318809375 0.7081354984375 0.3418884671875 0.730081953125 0.3649118328125 0.70290878125
12 0.5071717203125 0.5855349171875 0.538725334375 0.6077824828125 0.5313118171875 0.5724128687500001 0.506076146875 0.5752437593749999 0.506803428125 0.58061715625 0.5071717203125 0.5855349171875