0 0.703162625 0.6628070234375001 0.723685696875 0.6462535640625 0.68624800625 0.61395413125 0.6645972921875 0.6321225625 0.703162625 0.6628070234375001
12 0.718498546875 0.6523097078125 0.7047413234375 0.663614509375 0.677452403125 0.6438311062500001 0.6720397250000001 0.6506947359375 0.7092518875 0.687435340625 0.7309026015625 0.663614509375 0.718498546875 0.6523097078125
1 0.55972665 0.657558365625 0.576415740625 0.7011626 0.609117340625 0.6890503125 0.589270853125 0.6478685359374999 0.55972665 0.657558365625
1 0.596713284375 0.695913940625 0.5770923265625 0.702373828125 0.56874778125 0.684609140625 0.5565692531249999 0.6890503125 0.5703264781249999 0.738306946875 0.60934286875 0.7274058875 0.596713284375 0.695913940625
10 0.5935558890625 0.733865775 0.5714541203125 0.73992191875 0.5640116875000001 0.7193310312500001 0.5509310468749999 0.7237722015625 0.568973309375 0.7794887234375001 0.6046067734375 0.76656895 0.5935558890625 0.733865775
8 0.5364972390625 0.7060075140625 0.532663259375 0.6648257390625 0.5105614875 0.6656332234375 0.5101104328125 0.6862241124999999 0.5076296203124999 0.6890503125 0.49973613125 0.6704781390625 0.5024424703125 0.6963176843750001 0.5364972390625 0.7060075140625
6 0.4913915859375 0.747189290625 0.5283782203125 0.7496117484375 0.52860375 0.7080262296875001 0.4913915859375 0.695913940625 0.4913915859375 0.747189290625
3 0.5159741671875 0.75122671875 0.49251922812500004 0.74840051875 0.4907150015625 0.729424603125 0.4769577765625 0.729424603125 0.474025909375 0.787967325 0.5148465265625 0.792004753125 0.5159741671875 0.75122671875
7 0.41583961875000003 0.7318470593749999 0.45260072500000004 0.7435556046875 0.4650047796875 0.6926839984375001 0.432077653125 0.682590425 0.41583961875000003 0.7318470593749999
4 0.43546057656250003 0.7395181749999999 0.41583961875000003 0.7334620328125 0.41944807031250003 0.7181198015625 0.4056908453125 0.714889859375 0.385844359375 0.76616520625 0.42237993749999997 0.7786812375000001 0.43546057656250003 0.7395181749999999
7 0.349985365625 0.7047962859375 0.3772742859375 0.7298283453125001 0.40839718437499994 0.687031596875 0.3831380203125 0.66805568125 0.349985365625 0.7047962859375
6 0.36238941874999997 0.7189272859375 0.3495343078125 0.7064112578125 0.3601341375 0.69147276875 0.3475045546875 0.6821866828125 0.31119450312499997 0.72498343125 0.3384834234375 0.7488042609375001 0.36238941874999997 0.7189272859375
10 0.2974372796875 0.6523097078125 0.3181858796875 0.6757267953125 0.3531427609375 0.63817870625 0.33239416093749996 0.622028990625 0.2974372796875 0.6523097078125
3 0.3073605234375 0.66805568125 0.2976628078125 0.6543284218750001 0.3066839375 0.6430236203125 0.3005946765625 0.6341412765625 0.25999958749999996 0.66805568125 0.27939501875 0.69228025625 0.3073605234375 0.66805568125
12 0.471328140625 0.563263928125 0.4707823609375 0.56814921875 0.4980712828125 0.593552721875 0.4972526140625 0.5578901109375 0.4716010296875 0.5578901109375 0.471328140625 0.563263928125