0 0.7090709562499999 0.603758609375 0.687291325 0.62142580625 0.725719103125 0.6530126968750001 0.746360484375 0.6369344671875 0.7090709562499999 0.603758609375
12 0.741132528125 0.642870784375 0.727294784375 0.65385705625 0.7000919624999999 0.633435384375 0.6946335343750001 0.6401740609375 0.7316714281250001 0.6777865171874999 0.7534839796874999 0.6544660578125 0.741132528125 0.642870784375
1 0.6314206203125 0.6770707218750001 0.6117927984375 0.6354206687499999 0.582160634375 0.644424221875 0.59861358125 0.6884236015625 0.6314206203125 0.6770707218750001
1 0.6189633531250001 0.6836466453125001 0.5992838359375 0.6896507640625 0.591033846875 0.67168911875 0.5788164578125 0.675847465625 0.5923014906249999 0.72543185625 0.6314230046875 0.7154373921875 0.6189633531250001 0.6836466453125001
10 0.6155815546875 0.721530759375 0.5934209296875 0.727073325 0.586090478125 0.7063060484375 0.5729700125 0.71044339375 0.590707034375 0.7665884078125 0.6264537671875 0.7544961703124999 0.6155815546875 0.721530759375
8 0.524589590625 0.6818559390625001 0.5586242640625 0.6923399984375 0.5550260375 0.6510626984375001 0.532895978125 0.651355803125 0.5323245187500001 0.6719393296875 0.5298246 0.6747082109375 0.522030853125 0.65594945625 0.524589590625 0.6818559390625001
6 0.5507105953125 0.694175271875 0.5135292640625 0.6811948812499999 0.5132306343749999 0.73247804375 0.5502426296875 0.735761875 0.5507105953125 0.694175271875
3 0.537815934375 0.737088340625 0.514352425 0.73371570625 0.512656790625 0.7146949 0.49888488437499995 0.7143746484375 0.49560893437500003 0.7728580390625 0.536449596875 0.7778463375 0.537815934375 0.737088340625
7 0.4871331109375 0.6773501937499999 0.45422963281250006 0.6664885796875 0.4376873984375 0.7153747140625 0.47441954218750004 0.7279408 0.4871331109375 0.6773501937499999
4 0.457284615625 0.7235037515625 0.43767799218750003 0.716989934375 0.4413796484375 0.7017293671875 0.427626553125 0.6981786796875 0.40746025937499997 0.7489998375 0.44396193124999994 0.7623682796875 0.457284615625 0.7235037515625
7 0.430498028125 0.670379175 0.40532242500000004 0.6508123640625 0.3719204140625 0.6867868125000001 0.3990926671875 0.7124579390625 0.430498028125 0.670379175
6 0.3842554046875 0.701208715625 0.3714594703125 0.6883915296875001 0.3821576125 0.6736975171874999 0.3695686359375 0.6641160140625 0.3329705875 0.706074028125 0.36014989375 0.730533740625 0.3842554046875 0.701208715625
10 0.3754691625 0.620232584375 0.354792478125 0.6035974046875 0.3196219375 0.63306898125 0.340256296875 0.6569726390625 0.3754691625 0.620232584375
3 0.32946406562499997 0.6490483546875 0.3198359484375 0.6350932515625 0.3289325453125 0.6239967296875 0.3228885171875 0.61497128125 0.282052590625 0.6479458484375 0.301327634375 0.6726256171875 0.32946406562499997 0.6490483546875
12 0.493642153125 0.5529309359375 0.52081224375 0.5789735625 0.520200403125 0.5432864609375 0.4945214453125 0.5426893234375 0.49421696718749997 0.54805760625 0.493642153125 0.5529309359375