3 0.47275936874999996 0.55370344375 0.476291084375 0.4880788515625 0.4494821078125 0.4874918828125 0.4428102171875 0.550382103125 0.47275936874999996 0.55370344375
6 0.4992246546875 0.5534569203124999 0.5016783546875 0.4900989046875 0.47797836250000003 0.48826596875000006 0.4746810234375 0.5515304249999999 0.4992246546875 0.5534569203124999
8 0.5524831671875 0.5625447593749999 0.5526403328125 0.49654593125 0.5030219375 0.48945253125 0.5004901109375 0.5535972578125 0.5524831671875 0.5625447593749999
10 0.861180015625 0.71369939375 0.7996577265625 0.6504048734375 0.76442750625 0.6830851906250001 0.826793434375 0.74647326875 0.861180015625 0.71369939375
0 0.828324459375 0.7482338109375 0.7865492359374999 0.7093997734374999 0.7666453109375 0.7294629859375 0.831448278125 0.8026658484375 0.8690689062500001 0.7630922390625 0.8430414921875 0.7331630109375 0.828324459375 0.7482338109375
5 0.7551456640625 0.81090685 0.71073081875 0.7256482359375 0.6577218203124999 0.7484031296875 0.7042457609375 0.8338956421875 0.7551456640625 0.81090685
8 0.7057767859374999 0.8356561843750001 0.685123703125 0.8031414609375 0.66231398125 0.8181101609375 0.7134621859375 0.9128646437500001 0.7672993781249999 0.8774755687500001 0.7348356671875 0.8221758859375001 0.7057767859374999 0.8356561843750001
8 0.6390506421875 0.8720020140625 0.6169455734375 0.7725146296875 0.55506293125 0.78155941875 0.5753244734375 0.8824331078125001 0.6390506421875 0.8720020140625
4 0.5764336765625 0.8841468703125 0.56592 0.8440074578125 0.5395640312500001 0.8474476109375001 0.5557009500000001 0.9597945328125 0.624957703125 0.945204515625 0.61153853125 0.8784954578124999 0.5764336765625 0.8841468703125
10 0.5103797812499999 0.8879568093750001 0.5132089734374999 0.7864623609375 0.4496236140625 0.78259229375 0.4426543578125 0.8828322375000001 0.5103797812499999 0.8879568093750001
2 0.4428417984375 0.8852391546874999 0.4438734859375 0.8447893578125001 0.4120808078125 0.8428543265625 0.4006432375 0.95373400625 0.4710870171875 0.9615461765625 0.47639988281249995 0.8865745921875 0.4428417984375 0.8852391546874999
0 0.3659184890625 0.8665216078125001 0.40119928125 0.772819825 0.3444457234375 0.7470030125 0.30690676875 0.8361159515625 0.3659184890625 0.8665216078125001
4 0.3066226734375 0.8389767234375001 0.31770124375000003 0.8054979859375001 0.2871515015625 0.7890947875000001 0.24003978906249998 0.8887152281249999 0.3004860203125 0.9163876921874999 0.3309374875 0.8517961953125001 0.3066226734375 0.8389767234375001
3 0.2421003 0.8094060765625001 0.29740669375 0.7287711625 0.24756994375 0.6957676546875 0.189977034375 0.7681952296875 0.2421003 0.8094060765625001
10 0.190530909375 0.7704258609375 0.2107417765625 0.7386829609375 0.1923921109375 0.7243558125 0.1256525875 0.8029997281249999 0.1741115359375 0.8459734156250001 0.215214878125 0.791240040625 0.190530909375 0.7704258609375
7 0.1428678109375 0.6921100234375 0.2130156359375 0.6377053828125 0.18202599218749999 0.5944998203125 0.1116367390625 0.6474315500000001 0.1428678109375 0.6921100234375
11 0.11135264687499999 0.6502923203125001 0.132870015625 0.6288172859375 0.11784386718749999 0.6083510859375 0.043932346875 0.6616152671875 0.0727205375 0.7074689656250001 0.12460348437499999 0.6691155 0.11135264687499999 0.6502923203125001