3 0.5175906234375 0.5529728984375 0.5188308375 0.48766313125 0.4919945375 0.4856735875 0.48751783125000003 0.5480899734375 0.5175906234375 0.5529728984375
6 0.5440540281249999 0.55411260625 0.544295128125 0.491008484375 0.52052508125 0.487938225 0.5194368578125 0.5509048015625 0.5440540281249999 0.55411260625
8 0.597643546875 0.5659711140625 0.5954952796875 0.50011115625 0.5456164765625 0.4904337390625 0.5453247109375 0.5543189265625 0.597643546875 0.5659711140625
10 0.9116990609375 0.7329901515625 0.8479501140625001 0.6665995640625 0.8138525234375 0.6973705109375 0.8784485875 0.7638986437499999 0.9116990609375 0.7329901515625
0 0.880041503125 0.7657358671875001 0.8368991015624999 0.724791315625 0.8176909609375 0.743772628125 0.8850675390625 0.8202237234374999 0.9213153515625001 0.78269829375 0.8942358265625 0.7514654953125001 0.880041503125 0.7657358671875001
5 0.8090333859375001 0.8244531484375001 0.7616289875 0.7370377046875001 0.7094013796875 0.7569719640625 0.7589235828125 0.844731278125 0.8090333859375001 0.8244531484375001
8 0.76051649375 0.8465685000000001 0.738722353125 0.813036728125 0.716429715625 0.8267814640625 0.770900896875 0.9240265437499999 0.8235155734375 0.8915264765625001 0.7891118734375 0.8346364312500001 0.76051649375 0.8465685000000001
8 0.695043009375 0.879348553125 0.6694570234375 0.7789006609375 0.6078745921875 0.784687321875 0.631665009375 0.8864222484375001 0.695043009375 0.879348553125
4 0.6328343624999999 0.888190696875 0.6209158593749999 0.8475802343750001 0.5946733562500001 0.8496335593750001 0.6147388859375 0.9626030359375 0.6835035984375 0.9516682375000001 0.6677507296875 0.8843885874999999 0.6328343624999999 0.888190696875
10 0.5668967515625 0.8885344625 0.5661812562499999 0.78738905625 0.50244453125 0.7801972687500001 0.4989750875 0.879873878125 0.5668967515625 0.8885344625
2 0.49924665468749996 0.8822858453125001 0.49886561093750004 0.8419701375 0.46699725000000003 0.8383742468750001 0.4594300203125 0.9484355671875001 0.5301646156250001 0.9599207609375 0.5328599234375 0.8853757671875 0.49924665468749996 0.8822858453125001
0 0.421649934375 0.8595775859374999 0.45366650937499997 0.7679086093749999 0.39599667968749996 0.739171240625 0.3615610703125 0.8261422171874999 0.421649934375 0.8595775859374999
4 0.3613768375 0.82898245 0.37128874375 0.7961500640625 0.3401582328125 0.7781797265625 0.2965144796875 0.8751361687499999 0.35794274375 0.9059188671875 0.3861456453125 0.8430496890624999 0.3613768375 0.82898245
3 0.2958050875 0.7960918953125 0.34830880937500003 0.7185124796875 0.2973065015625 0.682964809375 0.24222898437499998 0.7522334093749999 0.2958050875 0.7960918953125
10 0.2428609203125 0.7544886281250001 0.26196808437499997 0.723866815625 0.24311327500000002 0.7086072234375 0.1791039640625 0.7836009374999999 0.2290763984375 0.8290269078125 0.26827824843750003 0.7765540765625001 0.2428609203125 0.7544886281250001
7 0.19244996406249998 0.673832134375 0.260715171875 0.623208178125 0.2282083859375 0.5784654984375 0.159650240625 0.627606815625 0.19244996406249998 0.673832134375
11 0.15946600625000001 0.63044705 0.18023868437499999 0.610141190625 0.16449378750000002 0.5889287203125 0.092424090625 0.6382174046875 0.1228213671875 0.6854877078125 0.1733777484375 0.6499267953125 0.15946600625000001 0.63044705