3 0.5124592484375 0.5202641921875 0.5068184984374999 0.45470686875000005 0.480221371875 0.45785624062499997 0.4823757546875 0.52113953125 0.5124592484375 0.5202641921875
6 0.5386004390625 0.5163362609375 0.5322089437499999 0.4531762578125 0.50851334375 0.4546575546875 0.514057415625 0.517842215625 0.5386004390625 0.5163362609375
8 0.5925406640624999 0.5179340609375 0.583510225 0.4524753671875 0.5334478515625001 0.452348384375 0.539871571875 0.516299275 0.5925406640624999 0.5179340609375
10 0.9188955 0.6248363375 0.8492373625 0.570643628125 0.8189414265625 0.6079490875 0.8894469875000001 0.662117140625 0.9188955 0.6248363375
0 0.9335726328125 0.6727105859375 0.9036645828125 0.6466587796875001 0.891206284375 0.6636495984375 0.8444834625000001 0.63096063125 0.8275899250000001 0.653623275 0.9018718890624999 0.7171833421875 0.9335726328125 0.6727105859375
5 0.8275517562499999 0.7359741578125 0.771756725 0.657623328125 0.7224952359375 0.68756238125 0.7804088250000001 0.765851565625 0.8275517562499999 0.7359741578125
8 0.8488375953125 0.8002844296875 0.8090325984375 0.749974028125 0.7821681203125 0.7673840249999999 0.7572156984375 0.738020728125 0.736739115625 0.7560366765625 0.8005154359375 0.8428653468749999 0.8488375953125 0.8002844296875
8 0.721231303125 0.8127074656250001 0.685521371875 0.7171439015625001 0.62557519375 0.7347246515625 0.659654734375 0.8319193031250001 0.721231303125 0.8127074656250001
4 0.7174811859375 0.8872481062500001 0.6949242109375 0.82297481875 0.6609903203124999 0.8334640906249999 0.6450050578125001 0.795129803125 0.6194164843750001 0.802208953125 0.6510134375 0.9113532109375001 0.7174811859375 0.8872481062500001
10 0.5961899625 0.846435134375 0.584861921875 0.7454111828125 0.5214341484375 0.7504240421875 0.52849285 0.8507803953125 0.5961899625 0.846435134375
2 0.5675697890625 0.9248667203125001 0.5623897453125 0.849794096875 0.529013240625 0.8531407281250001 0.5244037265625 0.8128917875000001 0.49268984062500004 0.8153982187500001 0.4968100203125 0.92692561875 0.5675697890625 0.9248667203125001
0 0.4503270515625 0.8452889515625 0.472179884375 0.7474746109375 0.41245450312500004 0.72977674375 0.387729546875 0.8233556125 0.4503270515625 0.8452889515625
4 0.39255152656250003 0.9038374578124999 0.41367955624999997 0.8355576750000001 0.38784673281250004 0.8262315640625 0.394144340625 0.7914959703125 0.36164606718750003 0.7794844421875 0.32891563281249997 0.884813696875 0.39255152656250003 0.9038374578124999
3 0.319915134375 0.8058931109374999 0.363392975 0.71824715625 0.30950840468749996 0.69246109375 0.262626765625 0.772287840625 0.319915134375 0.8058931109374999
10 0.25776034999999997 0.8516119109375 0.2907957 0.791623746875 0.2634850390625 0.7744223890625 0.27905655 0.74013679375 0.2589137171875 0.7284856000000001 0.20385082031250001 0.8157488031250001 0.25776034999999997 0.8516119109375
7 0.205443634375 0.703407315625 0.267251196875 0.639702603125 0.23058741718750003 0.6011781734375 0.16833606875 0.66345611875 0.205443634375 0.703407315625
11 0.138202140625 0.72839874375 0.1841788609375 0.6831506765625 0.1684532546875 0.6663320703125 0.18674606875 0.6420450640625 0.1690359125 0.62384451875 0.10334713437500001 0.6869423234375 0.138202140625 0.72839874375