3 0.4659609015625 0.5279226546875 0.47140255625 0.4622381328125 0.44460202656250003 0.46258708125 0.4360987203125 0.525649428125 0.4659609015625 0.5279226546875
6 0.492441871875 0.5267530093749999 0.4967392359375 0.463370490625 0.47308493125 0.4623662015625 0.46794637968749997 0.5256846859375 0.492441871875 0.5267530093749999
8 0.5454531874999999 0.533973925 0.547530090625 0.4680332640625 0.49810205312500005 0.4626778625 0.49370365468750005 0.5268490625 0.5454531874999999 0.533973925
10 0.8498527734374999 0.6742125203125 0.790151715625 0.6131255203125 0.7539596000000001 0.6470034828125 0.8145018421874999 0.7081545171875 0.8498527734374999 0.6742125203125
0 0.815982153125 0.7098599437499999 0.775323040625 0.6725208734375 0.754829140625 0.6932591734375 0.8175237296875 0.7641305 0.8563075281250001 0.7232824921875001 0.8311422828125 0.694290209375 0.815982153125 0.7098599437499999
5 0.7409568609375 0.775025709375 0.699007615625 0.691398928125 0.645319696875 0.7159813328125 0.6893719125 0.7997682 0.7409568609375 0.775025709375
8 0.6908522203125 0.801473628125 0.6711382390625 0.7697108375 0.6478857875 0.7854609203125 0.6962943546875 0.8783394875000001 0.7511782218749999 0.8411061921874999 0.7203125484374999 0.78699248125 0.6908522203125 0.801473628125
8 0.6230474296875 0.84011244375 0.60382900625 0.741492240625 0.5416633703125 0.7526873578125 0.5589973484375 0.8527568499999999 0.6230474296875 0.84011244375
4 0.5600570640625 0.8544302593750001 0.550707525 0.8146963749999999 0.5242430140625001 0.81905275625 0.5371173234375 0.9307283203125 0.6068207390625 0.91373604375 0.5953375921874999 0.8475595078125 0.5600570640625 0.8544302593750001
10 0.49387109687499997 0.8605411109375 0.49965333437500004 0.759045834375 0.43616008281249996 0.7573979578125 0.4262729375 0.8577843828124999 0.49387109687499997 0.8605411109375
2 0.4263904296875 0.8601824390624999 0.428599 0.8197356593749999 0.39685237500000003 0.8189117203125 0.3821860015625 0.9300835187500001 0.45242521562500004 0.9354304078125001 0.45992046562500005 0.8603457656250001 0.4263904296875 0.8601824390624999
0 0.34998680000000004 0.8441667562499999 0.38800442031250004 0.7493244125 0.331983525 0.7255125984374999 0.291840490625 0.815849309375 0.34998680000000004 0.8441667562499999
4 0.291473096875 0.818717234375 0.3035290140625 0.7848842578124999 0.2734465578125 0.7695627421875 0.22342205937499998 0.8707308125000001 0.2830828390625 0.8962676515625001 0.3154228578125 0.8306760125 0.291473096875 0.818717234375
3 0.227790075 0.7914262562500001 0.2854596640625 0.708939496875 0.23656684218750001 0.67770659375 0.17684872499999998 0.7520737046875 0.227790075 0.7914262562500001
10 0.1773378953125 0.7542828625 0.1984785625 0.721865428125 0.1805397203125 0.70819230625 0.1114912328125 0.789088884375 0.1587158109375 0.8303304218750001 0.201424390625 0.7742157578125 0.1773378953125 0.7542828625
7 0.13193740781250002 0.677705490625 0.20369025624999998 0.6209059 0.173947346875 0.578823215625 0.10199583906250001 0.634159740625 0.13193740781250002 0.677705490625
11 0.1016284421875 0.637027665625 0.12377737343749999 0.6148226125 0.10934168281250001 0.5949004046875 0.033857103124999996 0.6506919484375 0.061320825 0.6954970203124999 0.114336040625 0.655370378125 0.1016284421875 0.637027665625