3 0.502514621875 0.5514873921875 0.49916589062499994 0.4857384515625 0.472479115625 0.48671140625 0.4724234921875 0.549911984375 0.502514621875 0.5514873921875
6 0.528772978125 0.5497019609375 0.524590415625 0.48627949531250003 0.5008611671875001 0.48582720625000003 0.5041960921875 0.5492052921874999 0.528772978125 0.5497019609375
8 0.5826163703125 0.5556810828125001 0.5758770906249999 0.48975463125 0.5258572703125 0.4855557765625 0.5300444343749999 0.549768528125 0.5826163703125 0.5556810828125001
10 0.9049921734374999 0.6886953390625 0.8372782171875001 0.6290571078125 0.8057035203125 0.663746034375 0.874265115625 0.7234286453125 0.9049921734374999 0.6886953390625
0 0.8759695953125 0.72509796875 0.8304230828125 0.6887415265625 0.8127515609374999 0.7099375609374999 0.884758934375 0.7792810953125 0.917987484375 0.7375683625 0.8890113265625 0.709189846875 0.8759695953125 0.72509796875
5 0.8098396625 0.7919496484375 0.756821290625 0.7093794859375 0.70655254375 0.7351892578125 0.761690009375 0.8178703625000001 0.8098396625 0.7919496484375
8 0.7633944875 0.8195396875000001 0.7394857453125 0.7882662984375 0.7183960593750001 0.8045431140625 0.7790937953125 0.89620580625 0.8288650843750001 0.8577292906249999 0.7908460578125001 0.8043859843750001 0.7633944875 0.8195396875000001
8 0.7009224421875 0.8597213890625 0.668574540625 0.7616425078125 0.608060503125 0.77427519375 0.6387223359374999 0.8738458890624999 0.7009224421875 0.8597213890625
4 0.6400029953125 0.8754930234374999 0.625367640625 0.8360146593750001 0.5995515140625 0.8409834171874999 0.6273156515625 0.95225305625 0.6945739703125 0.9336531171875 0.6742770874999999 0.8678069046875001 0.6400029953125 0.8754930234374999
10 0.5747993390625 0.883139925 0.5670053109375 0.781606290625 0.5034509046875 0.7814390999999999 0.5070021421875001 0.8819605640624999 0.5747993390625 0.883139925
2 0.5074397687500001 0.8843536078125 0.5042383140625 0.8438937703124999 0.4724611109375 0.8438101765624999 0.4726862328125 0.9552181125000001 0.54346396875 0.95892365 0.54090764375 0.883735671875 0.5074397687500001 0.8843536078125
0 0.429087496875 0.870133009375 0.45433707187500005 0.7744950421875 0.3952747640625 0.7520108796875 0.3673030578125 0.8431970046874999 0.429087496875 0.870133009375
4 0.36731979375 0.8460707656249999 0.3748247578125 0.8119890546875 0.3427703921875 0.7973828765625 0.306389253125 0.8996202703125 0.369312828125 0.9237430281250001 0.392807496875 0.8574602656250001 0.36731979375 0.8460707656249999
3 0.300149665625 0.8202892374999999 0.3466529390625 0.7365373187500001 0.29370924375 0.706473059375 0.24407762812499997 0.782160759375 0.300149665625 0.8202892374999999
10 0.24486076093750003 0.7843564234375 0.2616168625 0.751477271875 0.241895953125 0.7382350296875 0.183829803125 0.8206633546875001 0.2364467828125 0.8607656109375 0.27155035625 0.8037092828124999 0.24486076093750003 0.7843564234375
7 0.1893417328125 0.70890938125 0.25332530468750003 0.6504921671874999 0.2180338125 0.609142315625 0.1536565828125 0.6661024765625 0.1893417328125 0.70890938125
11 0.15367331875 0.6689762375 0.1727997375 0.6462762859375 0.1557382015625 0.6267092796875 0.0878975484375 0.6842063359375 0.121279328125 0.7283290906250001 0.1688000375 0.6870055046875 0.15367331875 0.6689762375