3 0.486848109375 0.5557928999999999 0.4747733296875 0.49088364531249995 0.44866554062499997 0.496343753125 0.4570528484375 0.559288278125 0.486848109375 0.5557928999999999
6 0.512426159375 0.54959583125 0.49984233749999996 0.48714361406249995 0.4764519375 0.4906867234375 0.48819645468750006 0.553237403125 0.512426159375 0.54959583125
8 0.5661622562499999 0.5464883 0.550730265625 0.4819728921875 0.5009912062499999 0.4862097296875 0.5136851124999999 0.549448140625 0.5661622562499999 0.5464883
10 0.900881184375 0.6246898984375 0.8263404062499999 0.5766980015625001 0.799930540625 0.6165551 0.87531061875 0.6644485343750001 0.900881184375 0.6246898984375
0 0.9201860359375 0.671170640625 0.8879067718749999 0.647787825 0.8772093999999999 0.66582399375 0.8275729406250001 0.63728545625 0.813030009375 0.6613664953125 0.89308834375 0.718300378125 0.9201860359375 0.671170640625
5 0.8211218406249999 0.7435242265625 0.7579662609375 0.6702235203125 0.7119908546875 0.7043848546875 0.7772446921875 0.77743940625 0.8211218406249999 0.7435242265625
8 0.8486136421875001 0.8058257531249999 0.8041089984375 0.75910485625 0.779143471875 0.778814865625 0.751459678125 0.7516965203125 0.7328990140625 0.771454259375 0.804819278125 0.8525169171875 0.8486136421875001 0.8058257531249999
8 0.723089821875 0.8293415234375001 0.67818534375 0.7371185 0.62037690625 0.7598823109375 0.6638229531250001 0.8538746390625 0.723089821875 0.8293415234375001
4 0.7267235734375 0.9040311859375001 0.6979728140625 0.8418773500000001 0.6653020796875 0.8552993296875 0.6456396671875 0.81844980625 0.620921615625 0.82774240625 0.6630814046875 0.9338722171875 0.7267235734375 0.9040311859375001
10 0.6022169546875 0.8738875328125 0.5809917453125 0.77409198125 0.5184843578125 0.78462135 0.5354029640625 0.8841230171875001 0.6022169546875 0.8738875328125
2 0.5815316109374999 0.9546265703125 0.568975090625 0.8801845625 0.5361528765625 0.8864323593749999 0.5276008796875 0.8466812203125 0.4963471859375 0.8519459078124999 0.511449796875 0.9628480953125 0.5815316109374999 0.9546265703125
0 0.4572194265625 0.885457734375 0.46926935 0.7859720375 0.408197496875 0.7735221578125 0.3928765890625 0.8690328265625 0.4572194265625 0.885457734375
4 0.40561145 0.9489023609375 0.4198571078125 0.87894393125 0.39327690625 0.871891703125 0.396103140625 0.8366900749999999 0.362637096875 0.8275398062500001 0.3405244234375 0.935470596875 0.40561145 0.9489023609375
3 0.32379320625 0.8575228046875001 0.35832689375000004 0.7662963625 0.3022581921875 0.7452684875 0.263571621875 0.8289910609375 0.32379320625 0.8575228046875001
10 0.26656878906250003 0.9085500375000001 0.2934604390625 0.8458255828125001 0.2646348625 0.8310457078125 0.2767172109375 0.795484675 0.2555592921875 0.7856169609375 0.2094804828125 0.8774713390625 0.26656878906250003 0.9085500375000001
7 0.199972171875 0.7652590515625 0.2550761125 0.6963190828125 0.21485513437499998 0.6610822421875 0.1591695328125 0.7286375281249999 0.199972171875 0.7652590515625
11 0.1356489484375 0.7960517312500001 0.17685030468750002 0.746904215625 0.1595698484375 0.7314964046875 0.1753423109375 0.7056729125000001 0.15595419375 0.6890594375 0.096935159375 0.757732240625 0.1356489484375 0.7960517312500001