12 0.217816 0.6338767875 0.20534424843750002 0.62247598125 0.2246786421875 0.6097934578124999 0.21412878124999998 0.5973448171875 0.1549542625 0.6221129609375 0.1749486984375 0.6502894015625 0.217816 0.6338767875
0 0.2118687984375 0.6226659015625 0.2313930359375 0.6419984390625 0.283284128125 0.6137069515625 0.25915723281249997 0.593136659375 0.2118687984375 0.6226659015625
5 0.25688111406249997 0.70786320625 0.28337514375 0.6832475484375 0.2671750765625 0.6717382140625 0.283828703125 0.6567701031250001 0.265591271875 0.6485127953125 0.21982058593749998 0.684708878125 0.25688111406249997 0.70786320625
11 0.2727675484375 0.6719010046875 0.3043510734375 0.6926883484374999 0.34744099375 0.6542066765625 0.3148099203125 0.63559639375 0.2727675484375 0.6719010046875
4 0.381721925 0.7126009578125 0.36703960625 0.7077584640625 0.3773418875 0.68929414375 0.349610465625 0.6840718046875 0.314620578125 0.72830814375 0.361232834375 0.74732540625 0.381721925 0.7126009578125
7 0.3746117046875 0.705771325 0.4169099765625 0.7180403484375 0.43809188906249996 0.6700907453125 0.3974268359375 0.66228436875 0.3746117046875 0.705771325
9 0.49310949062500004 0.7246735390625 0.4700384625 0.719586859375 0.470087878125 0.7008240890625 0.4431730671875 0.6978330749999999 0.43463611249999995 0.7538771984375 0.49061856718749997 0.75440300625 0.49310949062500004 0.7246735390625
3 0.4730656390625 0.71525986875 0.5183333515624999 0.724303996875 0.520815953125 0.67691385625 0.4725788015625 0.67109461875 0.4730656390625 0.71525986875
3 0.6042494781250001 0.7058331578125 0.583281865625 0.7140530296875001 0.572088603125 0.696066775 0.54785455625 0.69536135 0.5657044796874999 0.7466546796875 0.6156242671875 0.7381737968750001 0.6042494781250001 0.7058331578125
1 0.584329415625 0.71187596875 0.628013325 0.6976946796875 0.5976422328125001 0.6537633109375001 0.55593795 0.6657946703125 0.584329415625 0.71187596875
4 0.6935969234375 0.6753206515625 0.6716972343750001 0.68351339375 0.657707734375 0.66544574375 0.643322409375 0.672753440625 0.68115013125 0.7169018640625 0.72023138125 0.7014828203125 0.6935969234375 0.6753206515625
0 0.7062335609375 0.6657544984375 0.6737096375 0.627279346875 0.63270649375 0.6437462218750001 0.655084703125 0.662058059375 0.671812703125 0.6813092000000001 0.7062335609375 0.6657544984375
3 0.7725099796875 0.6301553140625 0.756029559375 0.6418171328125 0.72724226875 0.6211111828125 0.7156531796875 0.6285002765625001 0.7671650875 0.6609054828125001 0.7943025203125 0.6418274375 0.7725099796875 0.6301553140625
2 0.7215920625 0.6220504874999999 0.7319026625 0.6212468421875 0.7562604984375 0.637408746875 0.7870107765625 0.6206434234375 0.731597346875 0.591435978125 0.7053919953125 0.610541153125 0.7215920625 0.6220504874999999