12 0.21009606249999999 0.6328927 0.1981083703125 0.62061894375 0.2179295390625 0.609283546875 0.20790345000000002 0.5960959109374999 0.14781163749999998 0.6167382031249999 0.1666266078125 0.646316146875 0.21009606249999999 0.6328927
0 0.20461502343750002 0.6212643718749999 0.22332096093749998 0.6419637921875 0.2762842828125 0.6172889968749999 0.2530332984375 0.5950302640625 0.20461502343750002 0.6212643718749999
5 0.246085025 0.709621221875 0.2735410203125 0.686850071875 0.2578352390625 0.674207496875 0.2750729640625 0.6603989109375 0.25720045625 0.6508667984375001 0.210025859375 0.6838750515625 0.246085025 0.709621221875
11 0.26341237031250003 0.674760721875 0.2940995265625 0.6977570875 0.33869068593749996 0.6622756390625 0.3068688828125 0.6413836515625 0.26341237031250003 0.674760721875
4 0.370538371875 0.7230748796875 0.3560762703125 0.717206453125 0.3671150265625 0.6994575671875001 0.3396396203125 0.6922982828124999 0.302901353125 0.7341010156250001 0.3486659828125 0.7563760703125 0.370538371875 0.7230748796875
7 0.36371756718750003 0.7157475078125 0.40544995312500004 0.7309718000000001 0.4285530796875 0.6844911328125 0.388269490625 0.6738444078125 0.36371756718750003 0.7157475078125
9 0.481260490625 0.7429257078125 0.45843269218750005 0.736227440625 0.459246709375 0.717464309375 0.432495703125 0.71259380625 0.421687953125 0.7680533625 0.477561815625 0.7724873265625 0.481260490625 0.7429257078125
3 0.4616315015625 0.7321108953125 0.5064601375 0.7443169296875001 0.510870265625 0.6970904703125 0.46294538437500005 0.687902690625 0.4616315015625 0.7321108953125
3 0.592995275 0.731840009375 0.5717253078125 0.7385978343749999 0.56128250625 0.71982654375 0.5371149390625 0.7174292328125 0.5528466046875 0.7699790578125 0.60303430625 0.764981275 0.592995275 0.731840009375
1 0.5728599515624999 0.736493459375 0.6170538078125001 0.7253587968749999 0.5885204328125 0.6792983453125 0.5463907421875 0.6884208375 0.5728599515624999 0.736493459375
4 0.68344715 0.7075585125 0.6612476609375 0.7142241359375 0.6480162921875 0.6951762296874999 0.6333555390625001 0.7014811953125 0.6693250890625 0.7482792796875 0.7089738953125 0.73558530625 0.68344715 0.7075585125
0 0.6964539828125 0.6988725609374999 0.665548759375 0.6581191515625 0.6239383468749999 0.6717270046875 0.6455354109375 0.6916047484375001 0.661452784375 0.71202755625 0.6964539828125 0.6988725609374999
3 0.7640780609375 0.6678928 0.74714801875 0.678406515625 0.719249425 0.6556867640624999 0.7073772359375 0.6622683406250001 0.7574882609375 0.698276096875 0.7853609703125 0.6810885984375 0.7640780609375 0.6678928
2 0.7135697328124999 0.6562318281249999 0.7238970328125001 0.6561477859375 0.7475582625 0.6740133546875 0.7789439359375 0.6593912546875 0.7248071421875 0.6263095515625 0.6978639546875 0.643589253125 0.7135697328124999 0.6562318281249999