12 0.186197459375 0.80397105625 0.16955811875 0.80194448125 0.0991782515625 0.8379679 0.1369623828125 0.8475248171875001 0.1837872578125 0.8229146859375 0.1668628046875 0.8191045499999999 0.186197459375 0.80397105625
11 0.1746122484375 0.81655071875 0.20625815468750003 0.8274003453125 0.27094901875 0.789809625 0.23155366718749998 0.7815138312500001 0.1746122484375 0.81655071875
7 0.2858693875 0.8207740765624999 0.26017604843750003 0.8188106656249999 0.20977896875000002 0.8607655390625 0.26540753906250003 0.8628772187499999 0.3004051890625 0.8379924875 0.27428417656250004 0.833353740625 0.2858693875 0.8207740765624999
6 0.2794029546875 0.8313539249999999 0.3318090828125 0.8359878515625001 0.37196860625 0.7980326078125 0.31984759218750003 0.795182240625 0.2794029546875 0.8313539249999999
9 0.40809841562500004 0.8199213515625001 0.37596019062499997 0.8230024390624999 0.351563115625 0.8631689328125001 0.41991734999999997 0.8598351843750001 0.434482990625 0.8318790125 0.4051179875 0.8352978625 0.40809841562500004 0.8199213515625001
9 0.40907476249999997 0.8316991609375 0.4726168828125 0.8266134359375 0.4850441734375 0.78528056875 0.42382605937499995 0.793564065625 0.40907476249999997 0.8316991609375
9 0.5510456968749999 0.79635313125 0.518491253125 0.804047084375 0.5272330140625 0.8432681656250001 0.5981812984375 0.8283264875 0.591383490625 0.8012660390624999 0.55710510625 0.8084850515625 0.5510456968749999 0.79635313125
6 0.5580514640625001 0.804095740625 0.6261998531249999 0.792257725 0.6098555734375 0.762179746875 0.5443578953125 0.7751355281250001 0.5580514640625001 0.804095740625
7 0.68639861875 0.7619818515625 0.6567540765625 0.7724149875 0.6961967453125 0.802656465625 0.7613252234375001 0.782236421875 0.7319278234375 0.7632874453125 0.6992241921875 0.7752028265625001 0.68639861875 0.7619818515625
10 0.7211833359375001 0.7270021437499999 0.6615054625 0.745436290625 0.698705803125 0.7719599921875 0.7614427671875 0.7520436 0.7211833359375001 0.7270021437499999
9 0.7950219328125 0.7198317859375 0.7747942625 0.732471740625 0.8442898515625 0.749680075 0.8883226687500001 0.72616075 0.84097910625 0.71350523125 0.8202134609374999 0.727934490625 0.7950219328125 0.7198317859375
7 0.8188979 0.7248595390625 0.8635787 0.7053937593749999 0.799125334375 0.68879954375 0.7562980734375 0.7095509718749999 0.8188979 0.7248595390625
6 0.88084523125 0.6690753625 0.86406544375 0.6826652015625 0.9448902140625 0.6882695890625 0.9686049453125 0.666515240625 0.932900996875 0.6648164578125 0.9213126203125 0.6747989796875 0.88084523125 0.6690753625
3 0.8883181499999999 0.65912155 0.8786029031249999 0.6653575859374999 0.9209238281250001 0.672366853125 0.9444893703125 0.65483393125 0.8680392484375 0.6508222499999999 0.8556732921875 0.6559405218750001 0.8883181499999999 0.65912155
10 0.879419665625 0.6601575640624999 0.8125356015625 0.6541312765625 0.7829814765625 0.6754393953125 0.858744434375 0.6854618046875001 0.879419665625 0.6601575640624999
5 0.4812264375 0.6605013953125 0.45310394218749994 0.6641345125 0.4570120453125 0.685061396875 0.4867679765625 0.6810842781249999 0.4812264375 0.6605013953125
10 0.5070958812499999 0.6533362 0.48268284218749996 0.65904994375 0.48894589374999997 0.680625609375 0.5117254953125 0.6752558671875 0.5070958812499999 0.6533362
0 0.5586309734375 0.6447723984375 0.509273796875 0.6528775328124999 0.512548903125 0.673365359375 0.5656289171875 0.6639038296875001 0.5586309734375 0.6447723984375