12 0.1983631375 0.80130154375 0.181776953125 0.7972455921875 0.11084290625 0.82463773125 0.14841978125 0.83879760625 0.19562459375000002 0.8199306921874999 0.1787847546875 0.814058275 0.1983631375 0.80130154375
11 0.1865705421875 0.81245331875 0.21799315937500002 0.827155090625 0.28327165 0.7975027390625 0.2440632453125 0.784405925 0.1865705421875 0.81245331875
7 0.2976352015625 0.8302558171875001 0.27200357343750003 0.825157540625 0.22092738125000003 0.8609145515625001 0.2764597109375 0.8698157999999999 0.311854715625 0.84923056875 0.28584260625 0.84140759375 0.2976352015625 0.8302558171875001
6 0.2909908546875 0.840034875 0.343260121875 0.851062246875 0.3840398140625 0.8180506718749999 0.3320242 0.808839765625 0.2909908546875 0.840034875
9 0.41974871406250003 0.8443272343749999 0.38759095625 0.8434812031250001 0.36251826875000004 0.88062614375 0.43085780781249994 0.8856414828125001 0.4458962578125 0.85949349375 0.4165028640625 0.8593234515624999 0.41974871406250003 0.8443272343749999
9 0.42051827968750005 0.8562116812499999 0.48408144374999995 0.8588893921875 0.49721749375 0.8191179015625 0.4359199953125 0.819918296875 0.42051827968750005 0.8562116812499999
9 0.5629551765625 0.838236934375 0.530301065625 0.8419480296874999 0.5383483703125 0.882194565625 0.6094819640625 0.8759310749999999 0.603164109375 0.8480695375 0.56879619375 0.8510957187500001 0.5629551765625 0.838236934375
6 0.5698182171874999 0.8468266328125 0.6381006859375 0.8433216453125001 0.6222992578125 0.81128025 0.556645146875 0.8162254390625 0.5698182171874999 0.8468266328125
7 0.6987640921875 0.8204278875 0.66896893125 0.8272305203125001 0.7078412468749999 0.86225538125 0.7732569406249999 0.8498088140625001 0.7442219125 0.82729085625 0.7113450328125 0.8352006609375 0.6987640921875 0.8204278875
10 0.7341227359375 0.78973245 0.674186521875 0.8008607140624999 0.7108838453125 0.8318979953125 0.7739017796875001 0.81966255625 0.7341227359375 0.78973245
9 0.808007803125 0.791584871875 0.78758091875 0.801741696875 0.8567017578125 0.8274165515625 0.9010984375 0.8092983921875 0.8540264593750001 0.7908760874999999 0.8330309140625 0.802754625 0.808007803125 0.791584871875
7 0.8317704718750001 0.799522334375 0.8767436359375 0.7855325078125001 0.8126489109374999 0.7610867328124999 0.76950485 0.7765871390625 0.8317704718750001 0.799522334375
6 0.8946261671875 0.751360975 0.877626890625 0.7628876296875 0.9582675265624999 0.7783541265625 0.9823369671875 0.7595183750000001 0.9467007859375001 0.7534622234375 0.9349503968749999 0.76201924375 0.8946261671875 0.751360975
3 0.9022649906250001 0.7423301671875 0.892451175 0.74737339375 0.93460450625 0.75954224375 0.958451178125 0.744905203125 0.8821527015624999 0.7315638234375 0.8697105296875 0.7351668453125 0.9022649906250001 0.7423301671875
10 0.893357903125 0.742278640625 0.8266504703124999 0.728092746875 0.796755659375 0.7457697984375 0.8722627062500001 0.7650315953125 0.893357903125 0.742278640625
5 0.49558351875 0.6940057453125 0.4674275625 0.69420144375 0.4709659390625 0.71558315 0.5007595953124999 0.715243246875 0.49558351875 0.6940057453125
10 0.521550525 0.69000665625 0.49706372343750005 0.6927336578125 0.5029432015624999 0.715050975 0.5257922984375 0.712468178125 0.521550525 0.69000665625
0 0.573180228125 0.687744034375 0.5237341296875 0.6898143859375 0.526647853125 0.71068021875 0.5798365109375 0.7077094500000001 0.573180228125 0.687744034375