12 0.1247560359375 0.74039989375 0.10904272343750002 0.7354872421875001 0.0335510546875 0.759065475 0.068229209375 0.775149578125 0.11858526093749999 0.7588228640625 0.10295676718749999 0.7520865296875 0.1247560359375 0.74039989375
11 0.110983059375 0.7508954875 0.1394515234375 0.7671967484375 0.2097478265625 0.7410691265625 0.17325307031249998 0.7259589078124999 0.110983059375 0.7508954875
7 0.2179367625 0.774466028125 0.1934372890625 0.768039915625 0.1361081796875 0.800996940625 0.18958503124999998 0.8127822109375 0.22853603437499997 0.794123259375 0.20416378750000003 0.7849616234375 0.2179367625 0.774466028125
6 0.2095287859375 0.783863646875 0.25937242656250004 0.7975966890625 0.305971534375 0.7668356171874999 0.2560430765625 0.7549262578125 0.2095287859375 0.783863646875
9 0.336549971875 0.794897753125 0.30478407343749997 0.7923671875 0.27301117656249996 0.828071934375 0.33992173124999997 0.83665634375 0.3596958453125 0.8113851500000001 0.3305488328125 0.80967335625 0.336549971875 0.794897753125
9 0.335111553125 0.8067827203125001 0.3977138421875 0.8127867171875 0.418124096875 0.77383789375 0.3571263671875 0.77141921875 0.335111553125 0.8067827203125001
9 0.479838196875 0.7963421687500001 0.44673507187499994 0.7983274 0.44726528749999994 0.8388612015625 0.5190395999999999 0.83635121875 0.517931075 0.8082516234374999 0.48325359843750004 0.8094643109374999 0.479838196875 0.7963421687500001
6 0.4850592734375 0.805263171875 0.5534921109375001 0.8053528390625001 0.5437439281249999 0.7725897828125 0.47765334218750005 0.774073403125 0.4850592734375 0.805263171875
7 0.61795460625 0.7857189796874999 0.5871166234375 0.7909353921875 0.6192141671875 0.827882475 0.686458190625 0.818910128125 0.661808315625 0.7949441796875 0.6277059687500001 0.8011023484375001 0.61795460625 0.7857189796874999
10 0.6587430796875 0.756981825 0.597182778125 0.7649278093749999 0.627860184375 0.7977865609375 0.6926848515625 0.78889881875 0.6587430796875 0.756981825
9 0.7317447578125 0.762704909375 0.7095849890625 0.7717558359375001 0.773442625 0.8009714609374999 0.8208723140625 0.7852436421875 0.7775583593750001 0.76441318125 0.7545150281249999 0.77515020625 0.7317447578125 0.762704909375
7 0.7538627921875001 0.7718626171875 0.8010997109375 0.7602795343750001 0.7420036828125001 0.7325525921875 0.6963025625 0.745737165625 0.7538627921875001 0.7718626171875
6 0.8251839984375 0.7271609406249999 0.8061729312500001 0.7377569515625 0.883357909375 0.757402925 0.9107419359375 0.7398933171875 0.8764885515625 0.7319875875 0.8632383203125 0.7398993421875 0.8251839984375 0.7271609406249999
3 0.8344405187499999 0.7185612453125 0.8237638609375001 0.7230726093750001 0.8633539812500001 0.7374125015625 0.8897387859375 0.7240758296875 0.816470409375 0.7067756859375 0.8034515015625001 0.7097137609375 0.8344405187499999 0.7185612453125
10 0.8256080921875 0.7180425203125 0.7620171484375 0.7004039546875 0.7290650624999999 0.716453084375 0.800450653125 0.7396122593750001 0.8256080921875 0.7180425203125
5 0.43968715312500006 0.649059634375 0.41170075781250004 0.6477772859375001 0.411250928125 0.6692729421875 0.440889778125 0.670497503125 0.43968715312500006 0.649059634375
10 0.466205428125 0.64643649375 0.4413922765625 0.6478694828125 0.44309305312499997 0.670420453125 0.46625375 0.66904525 0.466205428125 0.64643649375
0 0.5178770078125 0.646890559375 0.4684087 0.64635944375 0.467434384375 0.66730818125 0.5207847531249999 0.667138275 0.5178770078125 0.646890559375