12 0.0928830203125 0.7119186359375 0.0778947 0.7053464734375 0.000939471875 0.7210599609375 0.0334679953125 0.7408184921875 0.084863109375 0.7297365140625 0.0701496796875 0.7213453890625 0.0928830203125 0.7119186359375
11 0.0781936234375 0.7209935421875 0.10457264375 0.740318359375 0.1766692078125 0.721504671875 0.14224624375 0.702531703125 0.0781936234375 0.7209935421875
7 0.1812472140625 0.75583705 0.1577487890625 0.7468263296875 0.0977301515625 0.7738452640625 0.14925694843749998 0.7912670171875 0.1896439046875 0.776651121875 0.1665578140625 0.764911959375 0.1812472140625 0.75583705
6 0.171966259375 0.7643742312499999 0.219704165625 0.7833671109375 0.2689059140625 0.757423628125 0.22089311406249998 0.7402497125 0.171966259375 0.7643742312499999
9 0.2961336390625 0.7887575859375 0.2650574328125 0.7828891171875 0.2299655046875 0.8153428015624999 0.29508213437499997 0.8309655015624999 0.31724166249999997 0.8077106453124999 0.28866350937499996 0.8029375359375001 0.2961336390625 0.7887575859375
9 0.2934683453125 0.8005188875 0.3546048140625 0.813103346875 0.378826025 0.7762062625 0.31889677656250004 0.76738365 0.2934683453125 0.8005188875
9 0.4373561796875 0.8052356203125 0.40448715 0.803753025 0.40076047499999995 0.8444352828125 0.4718390890625 0.8494483671875 0.47369150312499997 0.8211681328125 0.43935015 0.8187460812499999 0.4373561796875 0.8052356203125
6 0.441572175 0.8147247265625 0.5090813921875 0.8219929078125 0.5028985109375 0.78813226875 0.43753530312500005 0.782686671875 0.441572175 0.8147247265625
7 0.5747412359374999 0.809075915625 0.543768309375 0.81106950625 0.5715632984375 0.851468103125 0.638849696875 0.8495288140625 0.6170418640625 0.8229223093750001 0.5827494421875 0.82551739375 0.5747412359374999 0.809075915625
10 0.617997775 0.784551475 0.5564267765625 0.78605825 0.583249246875 0.8222101875 0.6481397375 0.8201019171875 0.617997775 0.784551475
9 0.6894241531249999 0.797945228125 0.666611471875 0.8046924203125 0.72655286875 0.8406733515625 0.774997925 0.8298846781250001 0.7344466078125 0.8044630609375 0.7105853875 0.81280753125 0.6894241531249999 0.797945228125
7 0.7102865546875 0.809443996875 0.7581068578125 0.80278933125 0.7027073734375 0.7687999671875 0.6562344421875 0.7772208890625001 0.7102865546875 0.809443996875
6 0.78534174375 0.7721212203125 0.7654737046875 0.780747325 0.8395677375 0.8085346640625 0.8684217421874999 0.7938574171874999 0.835454846875 0.782340546875 0.8215521140625001 0.7888805328124999 0.78534174375 0.7721212203125
3 0.7953762453125 0.7644728 0.7843692234375 0.7678745609375001 0.8219269640625001 0.7864001265625 0.8493575796874999 0.7758005609375 0.7788818765625 0.750775259375 0.765728846875 0.752354434375 0.7953762453125 0.7644728
10 0.7867162000000001 0.763026403125 0.7258241265625001 0.738677021875 0.6916295734375 0.751306378125 0.75963335 0.7820066375 0.7867162000000001 0.763026403125
5 0.4131835078125 0.6534040828125 0.385705440625 0.6491831453125 0.3830078875 0.67068085 0.4121223921875 0.6750172015625 0.4131835078125 0.6534040828125
10 0.43962253906250004 0.6535565859375 0.41499063124999996 0.6523900640625 0.414304309375 0.6751710890625 0.437299778125 0.6762221937499999 0.43962253906250004 0.6535565859375
0 0.4905562109375 0.659431815625 0.44180445468749996 0.653710471875 0.438646765625 0.6746049875 0.49130221875 0.6800309171875 0.4905562109375 0.659431815625