12 0.09846484375 0.70591966875 0.083625096875 0.6979316640625 0.00656684375 0.7065200734375 0.0386767140625 0.7293673859375 0.090150921875 0.723042228125 0.07561729843750001 0.71325556875 0.09846484375 0.70591966875
11 0.08364941406250001 0.7136522546874999 0.109631128125 0.7354915578125001 0.1818958578125 0.723341153125 0.147882028125 0.701105165625 0.08364941406250001 0.7136522546874999
7 0.18586256406249999 0.7582003265624999 0.16257443437500002 0.7469736484375 0.102216975 0.768478709375 0.15332355 0.7907527453125 0.19387608437499998 0.779857578125 0.1710471359375 0.765932915625 0.18586256406249999 0.7582003265624999
6 0.1764529015625 0.765897596875 0.223751553125 0.7893942828125 0.27329748125000003 0.7679598609375 0.2256927078125 0.7462618328125 0.1764529015625 0.765897596875
9 0.29991575625 0.8019224359375 0.2690117765625 0.793141059375 0.23343014375 0.8224194828125 0.2981276609375 0.8441555609375 0.3206447671875 0.822897728125 0.2922140796875 0.815447684375 0.29991575625 0.8019224359375
9 0.2970505140625 0.81346970625 0.3578299625 0.8317877890625001 0.3826429796875 0.797040028125 0.323002190625 0.7826072640625 0.2970505140625 0.81346970625
9 0.4405340390625 0.8316081437499999 0.40776446093749996 0.827058378125 0.4033338859375 0.8675121078125001 0.4741658015625 0.8791631593749999 0.47650918124999997 0.850973 0.4422870203125 0.8453438406249999 0.4405340390625 0.8316081437499999
6 0.4445744796875 0.8415178046875 0.5118054984375 0.855097928125 0.506229246875 0.820562321875 0.44110752968750006 0.8090100734375 0.4445744796875 0.8415178046875
7 0.5775446671875 0.8482616343749999 0.5466060953125 0.8473748859375 0.5736316671874999 0.89048141875 0.640801565625 0.8948064359375 0.6195082984375 0.86609015 0.5852471234375 0.8654973296874999 0.5775446671875 0.8482616343749999
10 0.6211338390625001 0.8276964031249999 0.559674134375 0.8234701890625 0.585803709375 0.8622270453124999 0.650586015625 0.8661593296874999 0.6211338390625001 0.8276964031249999
9 0.6921660203125 0.847784990625 0.669286225 0.8524261140625 0.7284636671875 0.8940975953124999 0.7769892781250001 0.8877917015625 0.73697369375 0.8585171859375 0.7130197421875 0.86466254375 0.6921660203125 0.847784990625
7 0.7127804624999999 0.8612613453125 0.7606103421875 0.8590433109375001 0.705929790625 0.8197924390625 0.659413346875 0.8239074375 0.7127804624999999 0.8612613453125
6 0.78832124375 0.830823528125 0.7683466109375 0.8376234374999999 0.8417884890625 0.8723962015625 0.8708349328124999 0.860364828125 0.8381433796875 0.8457423828125 0.8241572375 0.851005953125 0.78832124375 0.830823528125
3 0.798467209375 0.8240878296874999 0.7874252453125 0.82647385 0.8245746765625 0.8485532390625 0.8521295249999999 0.840478809375 0.782249528125 0.8088133125000001 0.7690982625 0.80917145625 0.798467209375 0.8240878296874999
10 0.7898518515624999 0.821830240625 0.7295222234375001 0.7917356718749999 0.6951830234374999 0.801215528125 0.76249726875 0.8383422046875 0.7898518515624999 0.821830240625
5 0.41907356093750003 0.6770809796874999 0.3917308328125 0.6702872265625001 0.38866294687499997 0.6915963078125 0.41763643124999994 0.6986583000000001 0.41907356093750003 0.6770809796874999
10 0.4454508046875 0.6796976031249999 0.42089439687499997 0.6762323953125 0.4198107765625 0.69901595625 0.442736425 0.702212921875 0.4454508046875 0.6796976031249999
0 0.496167728125 0.6903361453125 0.4476251484375 0.6800552578125 0.4441087140625 0.7007165109375 0.49655143593749995 0.711064884375 0.496167728125 0.6903361453125