12 0.150906315625 0.7542100765625 0.134928 0.7487431921875001 0.060362525 0.7696995796875 0.0958698953125 0.7870113765625 0.1455802109375 0.7724330203124999 0.1296018953125 0.7651438421875 0.150906315625 0.7542100765625
11 0.2361239984375 0.757854665625 0.1988412625 0.741454015625 0.137591053125 0.7642326953125 0.16688463125 0.78154449375 0.2361239984375 0.757854665625
7 0.24588852499999997 0.7915671125 0.22103336875 0.784277934375 0.1651092625 0.8152569406250001 0.2192579984375 0.8289241484375 0.2574284203125 0.8116123515625 0.23257326250000002 0.8015897328125 0.24588852499999997 0.7915671125
6 0.3337692625 0.7870113765625 0.2831712625 0.77334416875 0.23789936875 0.8006785843750001 0.28849736875 0.8161680875 0.3337692625 0.7870113765625
9 0.36572589375 0.8161680875 0.3337692625 0.8125234984375 0.3035879984375 0.84714709375 0.3710519984375 0.858080859375 0.3896933671875 0.8334798859375001 0.36039978906250003 0.8307464437500001 0.36572589375 0.8161680875
9 0.44650515625000003 0.79794514375 0.385254946875 0.7933894078125 0.364838209375 0.8280130015625 0.4278637890625 0.8362133265624999 0.44650515625000003 0.79794514375
9 0.5094096875 0.82262895 0.4763232765625 0.823457265625 0.47874423281249995 0.8640447328124999 0.55056595625 0.8640447328124999 0.5481449984375 0.835882 0.513444615625 0.835882 0.5094096875 0.82262895
6 0.5723545671875 0.8010927421874999 0.5061817453125 0.8002644265625 0.5150585875 0.831740421875 0.5836523671875 0.83422536875 0.5723545671875 0.8010927421874999
7 0.6473472734375 0.8168307406249999 0.6166818187499999 0.82097231875 0.6505752171875 0.8590748390625 0.717555025 0.8524483140625 0.691731484375 0.82759884375 0.6578380875 0.8325687374999999 0.6473472734375 0.8168307406249999
10 0.6578380875 0.8292554750000001 0.7223969390625 0.82262895 0.6868895703125 0.7894963234375 0.6255586609375 0.7952945328125 0.6578380875 0.8292554750000001
9 0.7603252640625 0.7977794796875 0.7385366515625 0.8060626359375 0.8039024875 0.8375386328125 0.85070765625 0.823457265625 0.8063234453125 0.8010927421874999 0.783727846875 0.8110325312500001 0.7603252640625 0.7977794796875
7 0.7692021062500001 0.7679601171875 0.724010909375 0.7795565359375 0.7829208609375 0.8077192671875 0.8297260296875001 0.7977794796875 0.7692021062500001 0.7679601171875
6 0.8523216281250001 0.7654751703125 0.8337609578125 0.7754149578125 0.9120385640625001 0.7977794796875 0.9386690906249999 0.7812131671875 0.9039687078125 0.7721016953125 0.8910569374999999 0.7795565359375 0.8523216281250001 0.7654751703125
3 0.86119846875 0.7571920125 0.85070765625 0.7613335921875 0.8910569374999999 0.7770715874999999 0.916880478125 0.764646853125 0.8426378 0.744767278125 0.8297260296875001 0.747252225 0.86119846875 0.7571920125
10 0.75548335 0.751393803125 0.8281120578125 0.7770715874999999 0.8523216281250001 0.756363696875 0.787762775 0.736484121875 0.75548335 0.751393803125
5 0.4347418328125 0.6930490609375 0.46450566249999997 0.6953120640625 0.46230093437499997 0.6738135359374999 0.43419065 0.6715505312500001 0.4347418328125 0.6930490609375
10 0.46671039218750004 0.6953120640625 0.4898600375 0.6947463125 0.4887576734375 0.6721162828125 0.46395448124999994 0.672682034375 0.46671039218750004 0.6953120640625
0 0.4909624015625 0.6930490609375 0.5444270609374999 0.6947463125 0.5405687859375 0.6743792859375 0.4909624015625 0.6721162828125 0.4909624015625 0.6930490609375