12 0.123039996875 0.7558114781249999 0.107559496875 0.7474241859374999 0.1295210265625 0.7380017421875 0.11392397968750001 0.7314325828125 0.0381658140625 0.7471388890624999 0.07249570625 0.7668883921874999 0.123039996875 0.7558114781249999
11 0.1155911140625 0.7470725015624999 0.14371951249999998 0.7663884875 0.21433693125 0.7475833953125 0.1781769171875 0.7286190984375 0.1155911140625 0.7470725015624999
7 0.23216105312500002 0.8027046484374999 0.20799610156249998 0.79097085 0.22192601562499997 0.7819000875000001 0.1975862453125 0.7728934859375001 0.1397915421875 0.7999000734374999 0.19295899218749998 0.817313865625 0.23216105312500002 0.8027046484374999
6 0.21336993906249999 0.79043336875 0.2628771359375 0.8094175703125 0.3099241625 0.783485940625 0.2603004203125 0.7663198718750001 0.21336993906249999 0.79043336875
9 0.3627656265625 0.8337499796875001 0.333704853125 0.8289790515625001 0.339952790625 0.8148055796874999 0.3082925078125 0.8089397937499999 0.275956596875 0.84137865 0.34258777500000004 0.856994209375 0.3627656265625 0.8337499796875001
9 0.338309309375 0.8265615093750001 0.400685671875 0.8391402156250001 0.421737621875 0.8022599921875001 0.3609000203125 0.7934414109375 0.338309309375 0.8265615093750001
9 0.52074998125 0.8472013171875 0.4861182859375 0.844780371875 0.48293895625000005 0.8312760859375 0.4498650640625 0.8297941671875 0.44968541406250007 0.8704578359375 0.52136496875 0.8754686296875 0.52074998125 0.8472013171875
6 0.48799394218750003 0.84076085625 0.556293015625 0.848025715625 0.5471366125 0.8141805484375 0.48114775156249995 0.8087374390625 0.48799394218750003 0.84076085625
7 0.664582003125 0.8489546921875 0.6304378421875 0.851548590625 0.6209743343749999 0.8351146249999999 0.5901047 0.8371073046875 0.621494121875 0.87748744375 0.6887651515625001 0.875549040625 0.664582003125 0.8489546921875
10 0.6621865609375 0.8106013921875 0.600606221875 0.812107478125 0.63064974375 0.8482428953125 0.6955046125 0.8461355890625001 0.6621865609375 0.8106013921875
9 0.780642359375 0.8305038796875 0.7574557796875 0.8388445375 0.7349471328125 0.823989025 0.7126718921874999 0.8307331343750001 0.775895259375 0.8666976249999999 0.82350836875 0.85591388125 0.780642359375 0.8305038796875
7 0.75686229375 0.8354825390625 0.8042105234375001 0.828830915625 0.7457135328125 0.79485708125 0.6998701296875 0.8032741546875 0.75686229375 0.8354825390625
6 0.8799484921875 0.808391475 0.8665854968750001 0.8149284703124999 0.8288274515625 0.7981768171875 0.8096678125000001 0.806798978125 0.886360125 0.834573621875 0.9139974531249999 0.81990308125 0.8799484921875 0.808391475
3 0.8204871875 0.776840609375 0.8074420484375 0.7784190640624999 0.8382164796874999 0.790531890625 0.827481553125 0.793932096875 0.8667444265625001 0.8124491984375 0.8933114874999999 0.8018544750000001 0.8204871875 0.776840609375
10 0.8294101859375 0.7890861546875 0.7662505421875 0.7647478999999999 0.73308145 0.7773714859374999 0.8039241421875 0.808057715625 0.8294101859375 0.7890861546875
5 0.44544110156250005 0.679513925 0.4175311921875 0.675294915625 0.4167063234375 0.6967827984375 0.4462665046875 0.70111716875 0.44544110156250005 0.679513925
10 0.4719540203125 0.6796663578125 0.4471637421875 0.678500371875 0.44846686875 0.701270984375 0.471606875 0.702321609375 0.4719540203125 0.6796663578125
0 0.5235178421875 0.685538903125 0.47415438437499996 0.6798201765624999 0.47281560625 0.70070514375 0.5260658859375 0.7061285921875 0.5235178421875 0.685538903125