12 0.13802501250000002 0.7851323453125 0.1217601890625 0.781748759375 0.048292990625 0.8120595984375001 0.084707634375 0.8247009937499999 0.1336539296875 0.8038911421874999 0.11729360625 0.79869968125 0.13802501250000002 0.7851323453125
11 0.1252350125 0.7967757171875001 0.1554358640625 0.8102104671875001 0.2234336984375 0.7778678296875 0.1852914421875 0.7663570453124999 0.1252350125 0.7967757171875001
7 0.2349650203125 0.810066878125 0.20972785468750002 0.8060087765624999 0.1554272890625 0.8438828859375 0.21029229374999997 0.850528465625 0.2475554421875 0.82848016875 0.222175021875 0.8217102515624999 0.2349650203125 0.810066878125
6 0.22745337499999999 0.8201262953124999 0.27886314687499997 0.8290330984375001 0.3226070015625 0.794326903125 0.2712927328125 0.787227978125 0.22745337499999999 0.8201262953124999
9 0.3560916703125 0.819172853125 0.323944034375 0.8196371984375 0.2955773171875 0.8578403140624999 0.36361433125 0.8600740328125 0.3809664171875 0.8332876203125 0.3515295859375 0.8343158953125 0.3560916703125 0.819172853125
9 0.35582475156250004 0.831037396875 0.41928009375 0.8311259812499999 0.43591590937499997 0.79078048125 0.3744269453125 0.7940809796875 0.35582475156250004 0.831037396875
9 0.5001140640624999 0.8072376 0.46707106249999997 0.8122837109375001 0.47161911874999995 0.8522409906249999 0.5434408421875 0.8430710640625 0.5395439390625001 0.8154402265625 0.50484355625 0.8198706390625 0.5001140640624999 0.8072376
6 0.5062404765624999 0.8155557609375 0.5749644875000001 0.8092632546875 0.5619302796875 0.7778352015625 0.495714046875 0.785462134375 0.5062404765624999 0.8155557609375
7 0.6377477796875 0.7838739109375 0.6072993765625 0.791897975 0.64318964375 0.8253716843750001 0.7098221687499999 0.8102458531250001 0.682696321875 0.78889001875 0.6490633859375 0.7981479765625 0.6377477796875 0.7838739109375
10 0.6758575390625 0.7517071265624999 0.614830503125 0.7652899640624999 0.648889746875 0.7948609249999999 0.7131013171875 0.78004419375 0.6758575390625 0.7517071265624999
9 0.7497273359375 0.7505487625 0.728372825 0.761548278125 0.795388246875 0.78442960625 0.8414554437499999 0.764483728125 0.79589915625 0.747962940625 0.7738244812499999 0.760709015625 0.7497273359375 0.7505487625
7 0.7728438546875 0.7575249953125 0.8191281015625 0.7416879359374999 0.7570414109375 0.719831940625 0.71245795625 0.7371064609375 0.7728438546875 0.7575249953125
6 0.8400307015624999 0.706754265625 0.8219909546874999 0.718985175 0.9014406359375 0.7311785828125 0.9272029578125001 0.7113432421875 0.8920250640624999 0.7067342640625001 0.8795039843750001 0.71577865625 0.8400307015624999 0.706754265625
3 0.8484734421875 0.697403275 0.8381996796875001 0.7028515171875 0.8793737546875 0.713313365625 0.9045461421875001 0.697689871875 0.8292616203125001 0.6874465890625 0.8164800812499999 0.6915604046875 0.8484734421875 0.697403275
10 0.839553190625 0.6977148734374999 0.7739524921875 0.686235196875 0.7424544515625 0.7051482421874999 0.8164288734375 0.7213499296875 0.839553190625 0.6977148734374999
5 0.4452062265625 0.6656141359375 0.4169773421875 0.6669580484375001 0.418655215625 0.68821613125 0.44853764375000005 0.686661096875 0.4452062265625 0.6656141359375
10 0.471574015625 0.6605524140625 0.44680047343749996 0.6642804671875 0.45074237500000003 0.6863796062499999 0.47386237031249995 0.6828626703125 0.471574015625 0.6605524140625
0 0.523503728125 0.6561824671875 0.47377874374999995 0.6602709234375 0.474875784375 0.6810381015625 0.5284293921875001 0.6758957609375 0.523503728125 0.6561824671875