12 0.178169528125 0.8144306609375 0.161329690625 0.8106176218750001 0.180908075 0.7954725921875 0.1643218875 0.7934444703125 0.0933878421875 0.82949535 0.130964715625 0.8390595546874999 0.178169528125 0.8144306609375
11 0.169115478125 0.80806184375 0.2005380953125 0.8189197421875001 0.265816584375 0.7813003625 0.22660818124999998 0.7729982453125 0.169115478125 0.80806184375
7 0.29439965 0.829519959375 0.268387540625 0.824877675 0.28018013750000004 0.8122884203125 0.2545485078125 0.8103235124999999 0.203472315625 0.8523103703125001 0.259004646875 0.854423659375 0.29439965 0.829519959375
6 0.273535790625 0.822876334375 0.3258050578125 0.82751379375 0.3665847484375 0.7895296140625 0.3145691359375 0.786677075 0.273535790625 0.822876334375
9 0.42844119062499997 0.823401821875 0.3990477984375 0.8268232781249999 0.40229365 0.8114350453125001 0.37013589062499996 0.8145184828125 0.345063203125 0.8547155953125 0.41340274218750006 0.8513793062499999 0.42844119062499997 0.823401821875
9 0.4030632140625 0.8232218328125 0.4666263796875 0.8181322312500001 0.4797624296875 0.776767853125 0.41846492968750004 0.7850576671875 0.4030632140625 0.8232218328125
9 0.5857090453125 0.7927655109375 0.5513411296874999 0.7999900281250001 0.5455001125 0.7878488578125 0.5128460015625 0.7955486765625001 0.52089330625 0.8347996562500001 0.5920268984375 0.8198465890625 0.5857090453125 0.7927655109375
6 0.5523631531250001 0.79559736875 0.6206456203124999 0.783750328125 0.6048441921875 0.753649421875 0.53919008125 0.76661508125 0.5523631531250001 0.79559736875
7 0.7267668484375001 0.754757965625 0.69388996875 0.76668243125 0.681309028125 0.753451375 0.651513865625 0.7638924671875 0.6903861828125 0.7941569984375 0.7558018765625001 0.7737213859375001 0.7267668484375001 0.754757965625
10 0.7166676703125 0.7184450015625 0.65673145625 0.7368932015625 0.6934287796875 0.763437121875 0.7564467140625 0.743505546875 0.7166676703125 0.7184450015625
9 0.836571396875 0.7049378 0.8155758484375 0.719378059375 0.7905527390625 0.7112691765625 0.7701258531249999 0.72391876875 0.83924669375 0.74114021875 0.883643371875 0.717602965625 0.836571396875 0.7049378
7 0.8143154078125001 0.7163007640625 0.8592885703125 0.69682014375 0.7951938468749999 0.680213278125 0.7520497859375 0.7009805265625 0.8143154078125001 0.7163007640625
6 0.929245721875 0.656211909375 0.9174953312499999 0.6662020421875 0.877171103125 0.6604740609374999 0.8601718265624999 0.674074259375 0.9408124609374999 0.6796829203125 0.964881903125 0.6579119875 0.929245721875 0.656211909375
3 0.8646976359374999 0.6422070343749999 0.8522554640625 0.64732920625 0.8848099250000001 0.650512659375 0.8749961109375001 0.6567534515625 0.917149440625 0.6637680593749999 0.9409961125 0.646221771875 0.8646976359374999 0.6422070343749999
10 0.8759028375 0.6515494656249999 0.8091954046875 0.64551858125 0.77930059375 0.6668429437500001 0.8548076421875 0.6768729953125 0.8759028375 0.6515494656249999
5 0.47812845312499996 0.65189355625 0.4499724984375 0.6555294421875 0.4535108734375 0.6764722828124999 0.48330453125000006 0.6724921312500001 0.47812845312499996 0.65189355625
10 0.504095459375 0.6447229 0.479608659375 0.6504409984375 0.48548813749999997 0.6720331125000001 0.508337234375 0.666659278125 0.504095459375 0.6447229
0 0.5557251625 0.6361525703125 0.5062790640625 0.64426388125 0.5091927875 0.6647673281250001 0.5623814453125 0.6552985859375 0.5557251625 0.6361525703125