9 0.48606791562499996 0.661448071875 0.482958040625 0.6070006421875 0.425880565625 0.61534590625 0.4274337828125 0.6700209328125 0.48606791562499996 0.661448071875
5 0.1285263796875 0.80862624375 0.19505048125 0.75262515 0.1564471734375 0.729249621875 0.091376246875 0.7803323546875001 0.1285263796875 0.80862624375
0 0.09106481718750001 0.78194651875 0.1251053203125 0.7518713640625 0.108605675 0.7393817640625 0.037827001562500004 0.79129901875 0.073835634375 0.8189754921875 0.10631923437499999 0.7930495515625 0.09106481718750001 0.78194651875
7 0.21019649999999998 0.837469740625 0.23510500156249997 0.8024552406250001 0.211236975 0.7941802296875 0.156750246875 0.8609704031250001 0.21071268281250002 0.88053165 0.236347525 0.8469795859374999 0.21019649999999998 0.837469740625
6 0.26405520937500004 0.8562618343749999 0.313353078125 0.7902303203125001 0.26177737031250004 0.7726730609375 0.21372497343750002 0.8361695265625 0.26405520937500004 0.8562618343749999
8 0.42687926562499995 0.8708869124999999 0.44618620625 0.7982599296874999 0.3821564953125 0.794288303125 0.359736484375 0.8634488671874999 0.42687926562499995 0.8708869124999999
11 0.36004766718750003 0.8657563171874999 0.3698049875 0.8282511671874999 0.34022896875 0.8247322984375 0.31127065 0.9003390375 0.37789455 0.90785295 0.390661459375 0.8691234531250001 0.36004766718750003 0.8657563171874999
6 0.5886677671875 0.850369178125 0.5733133078125 0.7796727531250001 0.507103340625 0.790921903125 0.5190332953125 0.8597660765624999 0.5886677671875 0.850369178125
4 0.5192407515624999 0.8613043765624999 0.5112524625 0.82168790625 0.47897779375000005 0.82562245 0.48613355468749997 0.902223496875 0.5560794546875 0.891212434375 0.5525531921875 0.8572181015625 0.5192407515624999 0.8613043765624999
1 0.7530526625 0.7980991875 0.7089515203125 0.737880325 0.6490711765625 0.7607530812500001 0.6923420015625 0.8226619749999999 0.7530526625 0.7980991875
4 0.69420984375 0.8247418265625001 0.66806029375 0.791702284375 0.6407665390624999 0.8011830984375001 0.686735278125 0.867403428125 0.7495217296875001 0.8386155609375001 0.7281456359375 0.8095839890625 0.69420984375 0.8247418265625001
6 0.8868252406250001 0.718932359375 0.82144903125 0.6735888546875 0.7751627171875 0.7070230921875 0.8413692453125 0.750676565625 0.8868252406250001 0.718932359375
2 0.8421993140625 0.7529081515625 0.800482934375 0.7260662046874999 0.7765097062499999 0.7405517406250001 0.8441684281249999 0.7949733125 0.8934643296875 0.760314728125 0.863889540625 0.737187778125 0.8421993140625 0.7529081515625
1 0.93710609375 0.6582473359375001 0.968448684375 0.6238607468749999 0.89175996875 0.5927202890625 0.8597947640625 0.6264135953125 0.93710609375 0.6582473359375001
3 0.875878021875 0.6593562953125 0.9559912374999999 0.692349003125 0.984980921875 0.6569168953125 0.98506943125 0.653114178125 0.9548529328124999 0.6407505765625 0.9383513234375 0.659633903125 0.8897852015625001 0.640852296875 0.875878021875 0.6593562953125