9 0.48715663593749997 0.6695154671875 0.49702214843750003 0.6170181359375 0.439682278125 0.6053624953125001 0.42825294999999997 0.65754194375 0.48715663593749997 0.6695154671875
5 0.105517815625 0.68615048125 0.1832961890625 0.6560227109375 0.151381390625 0.6207267140625 0.076176275 0.6467059 0.105517815625 0.68615048125
0 0.11562741406249999 0.6313669375 0.1025776875 0.613920684375 0.0332874859375 0.6351630828125 0.0343797890625 0.6560054609375 0.050018946875000005 0.6772048953125 0.087662184375 0.6638342671874999 0.0754922796875 0.64812408125 0.11562741406249999 0.6313669375
7 0.1779139078125 0.7413543828125 0.210359596875 0.7168052984375 0.1891653484375 0.700817928125 0.12051061406250001 0.7452580546875 0.168226284375 0.7822087171875001 0.20103051875000003 0.7592897390625 0.1779139078125 0.7413543828125
6 0.22571094062500002 0.777542975 0.2891529625 0.7320432453125 0.2432782921875 0.6978026374999999 0.18164417187499998 0.7413340328125 0.22571094062500002 0.777542975
8 0.3801907515625 0.8470964406249999 0.4161019078125 0.7850998875 0.35493247656250004 0.759429425 0.3168217734375 0.8170858171875001 0.3801907515625 0.8470964406249999
11 0.31657768750000004 0.81937203125 0.3349159421875 0.7872836265625 0.307059628125 0.773835090625 0.2610815921875 0.835342540625 0.3239293 0.8652472031249999 0.34547654843750003 0.8330324890625 0.31657768750000004 0.81937203125
6 0.5419807578125 0.88309840625 0.5438134359375 0.81106018125 0.47692795468750004 0.79902139375 0.47221173125 0.8681376421874999 0.5419807578125 0.88309840625
4 0.47204900624999996 0.8696617859375 0.473673475 0.8295042609375001 0.44143600000000005 0.8221726453124999 0.4302535328125 0.8969819734375 0.500706553125 0.910524553125 0.505329025 0.8772053234375001 0.47204900624999996 0.8696617859375
1 0.7138017703124999 0.8899949921875001 0.6852710765625 0.8180135999999999 0.621775246875 0.8191216015625 0.649100675 0.892415215625 0.7138017703124999 0.8899949921875001
4 0.6504204031249999 0.8950193140625 0.6328722828125 0.8548575734374999 0.604154084375 0.8544702125000001 0.6330764265625 0.9327600984375 0.7007906921875 0.9270593187499999 0.686924575 0.8923176890625 0.6504204031249999 0.8950193140625
6 0.862292415625 0.8610047328125001 0.8096053421875 0.7957921578125 0.756796965625 0.8115303953125 0.8106893062499999 0.8754307484374999 0.862292415625 0.8610047328125001
2 0.8109664921874999 0.877822925 0.7768521453125 0.83818676875 0.7501707703125 0.8436637125 0.80292404375 0.91823306875 0.8589414109375 0.9023685218749999 0.835725503125 0.8703979937499999 0.8109664921874999 0.877822925
1 0.9254229687500001 0.8208919625 0.9639611890625 0.7991385484375 0.8969405359374999 0.7434701078125 0.8579624046875001 0.7643554906250001 0.9254229687500001 0.8208919625
3 0.9467771656249999 0.8104390968749999 0.9263027890625001 0.8226280265625 0.883637109375 0.7882611093749999 0.8657690890625 0.8009798421875001 0.9356732859375001 0.859570259375 0.9751395890625 0.834112446875 0.9467771656249999 0.8104390968749999