9 0.4613520015625 0.6688659515625 0.46901104531250004 0.6149937890625 0.41154831718749996 0.609972590625 0.4023221078125 0.6637078109375001 0.4613520015625 0.6688659515625
5 0.082746046875 0.7300614125 0.15881351562499998 0.690737703125 0.1256528859375 0.6590110265625 0.051973248437499994 0.6938684140625 0.082746046875 0.7300614125
0 0 0.695250321875 0.027223729687499996 0.7275472609375 0.06408840625 0.7097311578125 0.0513514328125 0.695372403125 0.0905542296875 0.67386479375 0.07687190625 0.6578651062499999 0 0.691115653125 0 0.695250321875
7 0.1569520515625 0.77706215625 0.188194340625 0.7486256375 0.1664773359375 0.73504051875 0.100062221875 0.7876742812499999 0.1489939328125 0.8192207343750001 0.18065918281249999 0.7923795046875 0.1569520515625 0.77706215625
6 0.2059334765625 0.807833790625 0.2671247078125 0.754743553125 0.2201334109375 0.725704146875 0.16065848437500002 0.776606865625 0.2059334765625 0.807833790625
8 0.362303609375 0.8596766953125 0.39545946249999997 0.7932283921875001 0.333617978125 0.774578796875 0.298098746875 0.8369247671875 0.362303609375 0.8596766953125
11 0.29794960625 0.839249225 0.3148632984375 0.8048856671875001 0.2866290671875 0.7946268765625 0.2434484046875 0.861757521875 0.30713087968749997 0.8844638046875 0.327228615625 0.8495993109375 0.29794960625 0.839249225
6 0.5245675624999999 0.8769722718749999 0.5234446328125 0.8044119703125 0.4564794859375 0.800118759375 0.4546172234375 0.8700807203125001 0.5245675624999999 0.8769722718749999
4 0.454517796875 0.8716303562500001 0.4544909515625 0.8311115250000001 0.42215258125000005 0.8275065765624999 0.4140966265625 0.9039397859375 0.4846687796875 0.9093273484375001 0.48790094375 0.8753266015625 0.454517796875 0.8716303562500001
1 0.6956111 0.8638684968750001 0.664314321875 0.79490485625 0.6012552578125 0.803419575 0.63140783125 0.8738415578125001 0.6956111 0.8638684968750001
4 0.63282585625 0.8763029578125 0.613744459375 0.838014921875 0.5851874890625 0.840973703125 0.6171313359374999 0.916227190625 0.6841951140625 0.9026082687500001 0.6689945453125 0.8693343234375 0.63282585625 0.8763029578125
6 0.8420013624999999 0.8174439421875 0.7869737906250001 0.7580941109375 0.7351342468750001 0.7800558234375 0.7913060203125 0.8379473109375001 0.8420013624999999 0.8174439421875
2 0.79167926875 0.8403174171875 0.7561552625 0.8044884109374999 0.7298622406249999 0.8130991625 0.785338028125 0.8818381203125 0.8403616171875001 0.8593754703125001 0.8159821609375 0.8299744375 0.79167926875 0.8403174171875
1 0.9031032187499999 0.7698000390625 0.9405147421875 0.743460925 0.8716320468750001 0.695367015625 0.8337478484374999 0.7208856640625 0.9031032187499999 0.7698000390625
3 0.923898534375 0.756813071875 0.9040485687500001 0.7714409718749999 0.8602413140625 0.7419006265625 0.8430032921875 0.7567567656249999 0.9148711781250001 0.807449015625 0.9530536578125 0.777281453125 0.923898534375 0.756813071875