9 0.5035240375 0.644024028125 0.50041479375 0.5895655390625001 0.44334891093750006 0.597912496875 0.44490181250000005 0.6525986296874999 0.5035240375 0.644024028125
5 0.1460551125 0.7912320937499999 0.21256570312499998 0.7352196265625001 0.1739702359375 0.71183935 0.108912521875 0.7629324578125 0.1460551125 0.7912320937499999
0 0.10860115625 0.76454695 0.142634746875 0.7344656875 0.1261384515625 0.7219735484375 0.055374153125000006 0.7739013515625001 0.091375471875 0.8015834453125 0.123852475 0.7756522390625 0.10860115625 0.76454695
7 0.22770864531249999 0.8200814484375 0.2526120890625 0.7850598375 0.228748909375 0.7767831453125 0.1742732453125 0.8435868875000001 0.22822472187499998 0.8631521062499999 0.2538543609375 0.829593228125 0.22770864531249999 0.8200814484375
6 0.281556415625 0.8388773625000001 0.33084427656250004 0.7728324343749999 0.279279040625 0.7552716078125 0.2312364046875 0.818780971875 0.281556415625 0.8388773625000001
8 0.4443474078125 0.8535054109375 0.4636504265625 0.780863675 0.39963371875 0.7768912421875 0.3772182609375 0.8460658546875001 0.4443474078125 0.8535054109375
11 0.37752938125 0.848373771875 0.3872847203125 0.8108610031250001 0.3577147078125 0.8073414203124999 0.3287622703125 0.8829635171874999 0.3953726390625 0.89047895625 0.40813695625 0.8517415921874999 0.37752938125 0.848373771875
6 0.6061030515625 0.8329835078125001 0.5907517125 0.762272721875 0.524555190625 0.7735241578125 0.5364827234375 0.842382315625 0.6061030515625 0.8329835078125001
4 0.5366901375 0.843920928125 0.5287034703125 0.8042964093749999 0.49643535625 0.8082317531250001 0.5035896640625 0.8848483609375 0.573521359375 0.8738350593750001 0.5699958125 0.839833821875 0.5366901375 0.843920928125
1 0.7704545640625 0.7807028984375 0.7263623781249999 0.72047180625 0.6664941953125 0.7433492078125 0.7097562328125 0.8052706765625001 0.7704545640625 0.7807028984375
4 0.711623696875 0.8073509515625 0.6854794562500001 0.774304696875 0.6581912453125 0.7837874390625 0.704150646875 0.85002121875 0.7669243484375 0.8212275015625 0.745552596875 0.7921900328125 0.711623696875 0.8073509515625
6 0.9041999781250001 0.701519990625 0.8388370437500001 0.6561672749999999 0.7925601296875 0.68960830625 0.8587532109374999 0.733270646875 0.9041999781250001 0.701519990625
2 0.8595831125 0.735502684375 0.8178752062499999 0.708655284375 0.7939068453125 0.7231437625 0.8615518265625 0.777576390625 0.9108377187500001 0.742910765625 0.881268934375 0.71977911875 0.8595831125 0.735502684375
1 0.9544706187499999 0.6408226421875 0.98580684375 0.6064290671875 0.909133703125 0.5752822859375 0.8771749890624999 0.6089824359375 0.9544706187499999 0.6408226421875
3 1 0.6346961296875 0.9722138546875 0.6233223296875 0.9557155953124999 0.642209490625 0.9071593375000001 0.6234240703125 0.8932549812499999 0.641931825 0.973351928125 0.6749312359374999 1 0.6423478859375 1 0.6346961296875