4 0.17253010625 0.6841504546875 0.1621909453125 0.675518696875 0.1758406140625 0.6637288453125 0.165501453125 0.6550970875 0.10398387656250001 0.6920214359375 0.1289629984375 0.7116493671875 0.17253010625 0.6841504546875
3 0.2273012390625 0.6665626812500001 0.2178269421875 0.65921030625 0.230627425 0.6488294031249999 0.2177250328125 0.641736159375 0.16819794999999998 0.676409378125 0.1862895234375 0.6911789140625 0.2273012390625 0.6665626812500001
9 0.22553231562499998 0.6572830921875 0.242774703125 0.6734615765624999 0.29230178281249997 0.6387883546875 0.26566349218749996 0.6286991484375 0.22553231562499998 0.6572830921875
9 0.256621946875 0.7119518375 0.24239795625 0.703024709375 0.2529509515625 0.69000193125 0.23377545 0.6825604625 0.18303165937500002 0.7297396578125 0.22418340625000002 0.7388540328125 0.256621946875 0.7119518375
10 0.31733354375 0.6729101265625 0.28396644375 0.662095934375 0.2466476578125 0.702703471875 0.277181621875 0.7137318234375 0.31733354375 0.6729101265625
9 0.34455932031250003 0.7241978671875 0.32895763125 0.7220430999999999 0.33311015624999996 0.7050586578125 0.309009059375 0.703546371875 0.27243743125000003 0.7507656484375 0.3221015453125 0.76145930625 0.34455932031250003 0.7241978671875
8 0.3324860953125 0.7195536421875001 0.372208315625 0.7265533343749999 0.396752071875 0.6824659937499999 0.3549114765625 0.6767378 0.3324860953125 0.7195536421875001
9 0.4473317875 0.7286542781249999 0.42253536406250003 0.7294172890625 0.42102809375000005 0.713972046875 0.39834356406250004 0.71235268125 0.3880367578125 0.7675889078125 0.4426070328125 0.76902074375 0.4473317875 0.7286542781249999
0 0.42463430156250004 0.72481315 0.47212173281250003 0.726780384375 0.4760993328125 0.6798021765625 0.42721476875000003 0.6812746609375 0.42463430156250004 0.72481315
9 0.5478757437499999 0.7154972265625 0.5202785765625 0.7220287984375 0.5137938828124999 0.7036256937500001 0.48973813593750004 0.7098895671875 0.49713195312499997 0.7626764203125 0.554470578125 0.7527852968750001 0.5478757437499999 0.7154972265625
7 0.552548671875 0.66624371875 0.5086544875000001 0.672895825 0.520967425 0.71864261875 0.5705343593750001 0.7126730734375 0.552548671875 0.66624371875
11 0.6355863625 0.6888624484375 0.6157932796875001 0.6970268421875 0.6029340265625 0.6791055953125 0.5817502906249999 0.6918205937499999 0.618866128125 0.7379152515625 0.6633843703125 0.7167681609375001 0.6355863625 0.6888624484375
10 0.624689996875 0.6430085765625 0.5858056328125001 0.6581729468749999 0.616482128125 0.6936406625 0.6575107796874999 0.6816483140625 0.624689996875 0.6430085765625
6 0.7246682 0.654344428125 0.7126662421875001 0.6619198859375001 0.6983969 0.6452165984375 0.6772131625 0.6579315953125 0.7241737125000001 0.691057015625 0.7601925453125 0.6705524015625 0.7246682 0.654344428125
3 0.6758030703125 0.6591495546874999 0.708995246875 0.6399699796875 0.6627753734375 0.612345421875 0.628868434375 0.630467653125 0.6758030703125 0.6591495546874999
0 0.6946805546875 0.6154905328125 0.6812425890625 0.6198404281250001 0.7111136203124999 0.6386984796874999 0.7026530828124999 0.646006240625 0.7126468046875 0.6585872453125 0.7401921437500001 0.64316863125 0.6946805546875 0.6154905328125
9 0.7775757140625 0.6136698968750001 0.76485899375 0.6201880125 0.7300558890625 0.6061482609375 0.721608309375 0.61567778125 0.7784200515624999 0.636944840625 0.7995973109375 0.6231189640625 0.7775757140625 0.6136698968750001
12 0.7634100328125 0.6147406906249999 0.7874398640625 0.604033296875 0.7313299265625 0.581601815625 0.7101656234375 0.5976494531250001 0.7634100328125 0.6147406906249999
3 0.45253971249999997 0.5448399625 0.43213487968750003 0.5438730234375 0.42627672812500006 0.5681547421875 0.4498653953125 0.5663716546875001 0.45253971249999997 0.5448399625
8 0.47131971562499997 0.541538346875 0.45293220625 0.5435556140625 0.45105750625 0.5650268640625 0.47184751875000003 0.563455328125 0.47131971562499997 0.541538346875
10 0.5061139765625 0.5407902390625 0.47252279374999995 0.54207474375 0.47265444843750004 0.5646490125 0.50624563125 0.5633645046875 0.5061139765625 0.5407902390625