4 0.15002512968749998 0.6675756609375 0.14065811875 0.657451675 0.1553193015625 0.6476573625000001 0.14595229062499998 0.6375333765625 0.081480546875 0.6654818859375 0.104232346875 0.6887163468749999 0.15002512968749998 0.6675756609375
3 0.20591330000000002 0.657962553125 0.1972746671875 0.649242159375 0.2109568765625 0.6407319046875 0.1989035421875 0.6317724390625 0.14650854375 0.659213871875 0.1629321375 0.67659489375 0.20591330000000002 0.657962553125
9 0.20508303749999998 0.6484362453125 0.2205276578125 0.6671013203125 0.27292265625 0.6396598859375 0.2475864203125 0.6257126640624999 0.20508303749999998 0.6484362453125
9 0.23040734375 0.7075604921875 0.217228984375 0.6965772046875001 0.2289508046875 0.6851015406250001 0.2107302796875 0.6748830875 0.1558945640625 0.7146400125000001 0.195675440625 0.7297215015625 0.23040734375 0.7075604921875
10 0.29429187031250004 0.677379884375 0.262375225 0.6617311390625 0.22146208125000003 0.6968735734375 0.2505566625 0.7123247390625 0.29429187031250004 0.677379884375
9 0.3161309875 0.7325656359375 0.30092028437499996 0.7281471500000001 0.30670666562500004 0.7117845359375 0.283029765625 0.7067733140625 0.242200825 0.748628734375 0.2902407953125 0.7665241625 0.3161309875 0.7325656359375
8 0.3046549703125 0.7261729265625 0.3432319171875 0.738934428125 0.3718599765625 0.6984604937500001 0.33106292656249997 0.68666140625 0.3046549703125 0.7261729265625
9 0.41729179062500005 0.7519444765625 0.3927022703125 0.74910505625 0.3927409671875 0.733457884375 0.3704751 0.728545453125 0.354818296875 0.7822238734375 0.4086252984375 0.79158026875 0.41729179062500005 0.7519444765625
0 0.395233028125 0.7448108453125 0.441984865625 0.753673296875 0.45056715468749997 0.7073245140625 0.4020936296875 0.7016950703125 0.395233028125 0.7448108453125
9 0.5179928796875 0.7534055515625 0.49006353125 0.755921546875 0.485474271875 0.7365968140625 0.46107250625 0.739359784375 0.4631571640625 0.793162478125 0.520821753125 0.7916104671874999 0.5179928796875 0.7534055515625
7 0.5274877906250001 0.70488496875 0.48343511718750004 0.70515428125 0.49107970468750006 0.7526391484375 0.54067295625 0.753875590625 0.5274877906250001 0.70488496875
11 0.6073408515625001 0.7395397359375 0.5869650796875 0.744820271875 0.5760261718749999 0.7250509843749999 0.553825159375 0.7346751296875 0.585955715625 0.786110009375 0.6320600828125 0.7714523062499999 0.6073408515625001 0.7395397359375
10 0.6011072984375 0.6921536625 0.5611648234375 0.7016535312500001 0.5879812531249999 0.7415378718750001 0.6297296218749999 0.735517984375 0.6011072984375 0.6921536625
6 0.698824721875 0.71799851875 0.68620963125 0.7238223984375 0.6737561375000001 0.7050649203125 0.651555125 0.7146890625 0.6947019828125 0.754598884375 0.7323401546875 0.7393484390625 0.698824721875 0.71799851875
3 0.6500405375 0.7157008703125001 0.6847530921875 0.7013634468750001 0.6417939875 0.6670560140624999 0.6064794703125 0.6802334421875 0.6500405375 0.7157008703125001
0 0.6730244640625 0.6748317765625 0.6593089953125 0.67722506875 0.68697319375 0.70040103125 0.6778856828125 0.7064718875 0.6865202874999999 0.7204906015625 0.715278053125 0.7090898140624999 0.6730244640625 0.6748317765625
9 0.7551556749999999 0.6850533703125 0.7419386171875 0.68971725625 0.708921596875 0.670637928125 0.699626984375 0.6789299796875 0.75368659375 0.7084253406250001 0.7759911609375 0.6976905999999999 0.7551556749999999 0.6850533703125
12 0.7410453453125 0.684065471875 0.7658613203125 0.6768601078125001 0.712610778125 0.6463035406250001 0.6900991078125001 0.65925948125 0.7410453453125 0.684065471875
3 0.440634696875 0.5690888578125 0.42055798125 0.5651592515625 0.412363103125 0.5885633765625 0.4358595921875 0.590208421875 0.440634696875 0.5690888578125
8 0.4595275984375 0.568518603125 0.44114984843749994 0.56786293125 0.43717123593749996 0.589038259375 0.4578800078125 0.5904881296875 0.4595275984375 0.568518603125
10 0.49399961093750006 0.5728250593750001 0.4606638828125 0.569229153125 0.4585595921875 0.5917977015625 0.49189531875 0.59539360625 0.49399961093750006 0.5728250593750001