9 0.4684618625 0.8895010609374999 0.47632443750000003 0.846080809375 0.4609228953125 0.8438801249999999 0.46218021406250004 0.8220830640625 0.44338125625 0.817875815625 0.430427865625 0.88113776875 0.4684618625 0.8895010609374999
6 0.49753369999999997 0.8516086984375001 0.5037396546874999 0.7907426984375 0.4681159609375 0.7837000484375001 0.46275847499999995 0.8412590984375001 0.49753369999999997 0.8516086984375001
1 0.5861260828125 0.8355932656249999 0.571951084375 0.7779222531250001 0.5369732046875 0.7844348875 0.548301815625 0.8408364671875 0.5861260828125 0.8355932656249999
0 0.5719758500000001 0.8845628031249999 0.564666771875 0.8405185359375 0.5489677875 0.842361928125 0.54347766875 0.8229608203125001 0.5230730203125 0.8229512671875 0.5300881937499999 0.886273978125 0.5719758500000001 0.8845628031249999
12 0.6555509749999999 0.8098010421874999 0.6306125453125 0.7574030359374999 0.5976562796875 0.7716965953125 0.62073543125 0.823511090625 0.6555509749999999 0.8098010421874999
3 0.655216753125 0.8531391359375 0.640014328125 0.8188418484375 0.6218374890625 0.824985346875 0.6116654015625 0.8069358328125 0.5958751671875 0.81119543125 0.6186805765625001 0.8702585468749999 0.655216753125 0.8531391359375
3 0.713515690625 0.7540830984375 0.6754746171875 0.7152510750000001 0.65085131875 0.7349808140625 0.6896733109375 0.77612663125 0.713515690625 0.7540830984375
4 0.7296139796875 0.7914825125 0.7048651234375 0.7647208234375 0.69164753125 0.7774984765624999 0.6739707875 0.7627356578125 0.6642181640625 0.7718991281250001 0.7041659078125 0.8177237390625001 0.7296139796875 0.7914825125
5 0.7310396421875 0.703915584375 0.74032895 0.6763644140625 0.6969434718749999 0.6525928890625 0.6833845843749999 0.6782399046875 0.7310396421875 0.703915584375
2 0.7316599078125 0.704306975 0.6997373015624999 0.6883050046875 0.6970453328125 0.695879775 0.7469720546875 0.718883221875 0.7559639203125 0.6953761328125 0.7389768453125 0.6853433171875001 0.7316599078125 0.704306975
0 0.511566190625 0.6385307828125 0.5059480890625 0.6034340859375 0.4771991765625 0.6054519796875 0.481781140625 0.642028178125 0.511566190625 0.6385307828125