9 0.489574496875 0.8550095546875 0.4976951890625 0.811454184375 0.4822957609375 0.8095226140625 0.48368078593749997 0.7877047046875 0.46489325781249996 0.7838260125 0.4515627578125 0.8473109890625 0.489574496875 0.8550095546875
6 0.518887009375 0.8166113515625 0.5254514453125 0.7556400546875001 0.489844 0.749219965625 0.48414786562499995 0.8068696624999999 0.518887009375 0.8166113515625
1 0.6076340890624999 0.799049378125 0.5937848328124999 0.74162888125 0.5587447734375 0.74875210625 0.569753053125 0.80495295 0.6076340890624999 0.799049378125
0 0.5931890828124999 0.8482635734375 0.5861312203125 0.8043492062500001 0.5704106109375 0.806466703125 0.565029575 0.7871624734375 0.5446108140625 0.78750930625 0.551262390625 0.8507062703124999 0.5931890828124999 0.8482635734375
12 0.6772572625 0.77204589375 0.6526064203125 0.7200861265625 0.6195440999999999 0.734954571875 0.6423377703125001 0.78636333125 0.6772572625 0.77204589375
3 0.6766706296875 0.81538761875 0.661657221875 0.7813576015625 0.6434320125 0.7878182640625 0.6333578953125001 0.7699473343750001 0.6175319109374999 0.7744825078125 0.64000946875 0.8331442984375 0.6766706296875 0.81538761875
3 0.7355864390625 0.715318371875 0.697744915625 0.6771527484375001 0.672989715625 0.6973115546875001 0.7115992359375001 0.7377772125 0.7355864390625 0.715318371875
4 0.7514782796875 0.7524347109375 0.7268679640625 0.726106646875 0.7135668453124999 0.73911450625 0.6959637328125 0.72466118125 0.6861510171874999 0.7339945234374999 0.7258598453125 0.779119078125 0.7514782796875 0.7524347109375
5 0.7534144765625 0.6648473359375 0.7628705499999999 0.6371353203125001 0.719593278125 0.6141227765624999 0.7058757390625 0.64000530625 0.7534144765625 0.6648473359375
2 0.75403289375 0.665227875 0.7221812390625 0.6497842796875 0.7194433265625 0.65740568125 0.7692708546875 0.6795359375000001 0.7784057484375 0.6558729921875 0.761465259375 0.6461373828125 0.75403289375 0.665227875
0 0.5341691234375 0.6032991859375 0.528751346875 0.5683023984375 0.4999707328125 0.5708223171875 0.5043430453125 0.6073166296875 0.5341691234375 0.6032991859375