12 0.047658965625 0.6568176046875001 0.03896364375 0.6539872875 0.041848225 0.636553103125 0.007526584375000001 0.6468330546875001 0.0077816921875 0.6687570390625 0.0321571546875 0.68266749375 0.10596106875 0.6646664328125 0.07613695312499999 0.640344878125 0.047658965625 0.6568176046875001
0 0.0893195765625 0.71001221875 0.11087634531249999 0.7002491390625 0.0831268828125 0.6883039156249999 0.0104688359375 0.7106363859375 0.0604616984375 0.7329835765625 0.1079374953125 0.7186117000000001 0.0893195765625 0.71001221875
7 0.1371041765625 0.73024645625 0.2024027140625 0.706165765625 0.152764671875 0.685726565625 0.0935169640625 0.7100091921875 0.1371041765625 0.73024645625
11 0.22506345625000002 0.7493170953125 0.1921898859375 0.7372724171875 0.1306545703125 0.768777090625 0.1941663125 0.7912176843750001 0.2347167609375 0.767670578125 0.20805889687499998 0.7609851421875 0.22506345625000002 0.7493170953125
12 0.322584321875 0.748421596875 0.2617170734375 0.7286093859375 0.2108933328125 0.76036420625 0.271297221875 0.780125178125 0.322584321875 0.748421596875
5 0.39324261875 0.7922087859375 0.3553826765625 0.78568615 0.33375275625 0.8286115421875 0.4130709859375 0.8439234890625 0.4254649453125 0.8153939781249999 0.38706023906250003 0.810212665625 0.39324261875 0.7922087859375
4 0.4769148546875 0.78090526875 0.40484759375 0.7691982921875 0.388531728125 0.8089738234375 0.46645987343749995 0.8241320484375001 0.4769148546875 0.78090526875
11 0.562615728125 0.8146762031250001 0.5222490359374999 0.81114668125 0.5343359375000001 0.8596693609375 0.615614090625 0.8653870796875 0.6043766296874999 0.8342443203125001 0.5672263296875 0.8315376671875001 0.562615728125 0.8146762031250001
0 0.627233825 0.7942577765625 0.5571577453125001 0.7883772578125 0.5687520890625 0.8293704468750001 0.645724315625 0.83694794375 0.627233825 0.7942577765625
8 0.7407051046875 0.8156824374999999 0.71069723125 0.8184375109375001 0.7648665343750001 0.8650731734375 0.8294887578125 0.8605396187500001 0.7970472859375 0.8331254937500001 0.7610699890625 0.8342860671875 0.7407051046875 0.8156824374999999
10 0.7713058265625 0.7868303546875001 0.7137154265625 0.7907399484375001 0.7611242593750001 0.8333576921875 0.827599925 0.8290291 0.7713058265625 0.7868303546875001
10 0.8677052375000001 0.7862780296875 0.8509448921875 0.7937683843750001 0.9326675218749999 0.831771278125 0.9707946890624999 0.817767159375 0.92895238125 0.799591609375 0.9061683421875 0.8064158406249999 0.8677052375000001 0.7862780296875
7 0.8693604828125 0.757962559375 0.8309870374999999 0.7682019312499999 0.90584065625 0.804043659375 0.9470485406250001 0.7931833515625 0.8693604828125 0.757962559375
5 0.43710528125000003 0.6293385218750001 0.3811742546875 0.6208175171875 0.3736581234375 0.6456817375 0.4351766203125 0.654353434375 0.43710528125000003 0.6293385218750001