12 0 0.6400826859375 0.012710664062499998 0.6476055859375001 0.0880449328125 0.6291731109375001 0.0601743859375 0.6050237468749999 0.0303303859375 0.6216635859374999 0.0218577984375 0.6188837609375 0.026164112499999996 0.60143158125 0 0.6092243765625 0 0.6400826859375
0 0 0.6808598781249999 0.036944275 0.6977601 0.08563180625 0.6831105171875 0.06769750937499999 0.6746189734375 0.0900680109375 0.66472958125 0.0632664765625 0.65294529375 0 0.672260925 0 0.6808598781249999
7 0.11387708125 0.6945760546875 0.1811933796875 0.6701131124999999 0.133175415625 0.6499618609375 0.0718988390625 0.6745914828124999 0.11387708125 0.6945760546875
11 0.200361446875 0.71313528125 0.16843938593750002 0.701281403125 0.104285290625 0.7331468953125 0.16602625937499998 0.755218809375 0.20852923125 0.7314337421875 0.1823920953125 0.7249032390625 0.200361446875 0.71313528125
12 0.2980411203125 0.7116712875 0.2387330171875 0.69221251875 0.18527957343749998 0.7242657390625 0.2441280796875 0.7436759640624999 0.2980411203125 0.7116712875
5 0.365197265625 0.7550495875000001 0.32783493125 0.7487471890624999 0.302691709375 0.7918015703125 0.38083338125 0.80665221875 0.3955606390625 0.7780485328125 0.35754387187500003 0.7730907234375 0.365197265625 0.7550495875000001
4 0.4498633515625 0.7432575875 0.37868558281250003 0.7319698890625 0.359117503125 0.7718432203125001 0.43588037812499997 0.786548240625 0.4498633515625 0.7432575875
11 0.532890675 0.7765312734375 0.492775734375 0.77323680625 0.500923403125 0.8216923218750001 0.581807721875 0.8269366687499999 0.57309546875 0.7958572984375001 0.53613276875 0.7933670078125 0.532890675 0.7765312734375
0 0.5992278140625 0.7557348109375 0.5295686921875 0.750262359375 0.5378362906249999 0.7911907453125 0.614259496875 0.798320096875 0.5992278140625 0.7557348109375
8 0.71105503125 0.7764995156250001 0.6807964515625 0.7794296875 0.731217203125 0.8257527687499999 0.7962654 0.8208422328125 0.7660269343749999 0.7936153453125 0.72992346875 0.7949857046875 0.71105503125 0.7764995156250001
10 0.74403135 0.7474671093749999 0.6860719640624999 0.7517126546874999 0.730053359375 0.79405695 0.7969399453125 0.789340584375 0.74403135 0.7474671093749999
10 0.8405606453125 0.746352846875 0.8231757999999999 0.753941403125 0.9018768828124999 0.791470525 0.9411776140624999 0.77724321875 0.9007779843750001 0.7593103265625001 0.8774183609374999 0.7662678265625 0.8405606453125 0.746352846875
7 0.8445223078125 0.7180258078125 0.8052815437499999 0.7284895484375 0.8772834890625001 0.7638973953125 0.9194117343749999 0.7527961546874999 0.8445223078125 0.7180258078125
5 0.4223566609375 0.59191260625 0.3670699953125 0.5837170390625 0.3575232265625 0.60862675625 0.4183900171875 0.6169404593750001 0.4223566609375 0.59191260625