10 0.320821315625 0.7577089734375 0.31174199687500004 0.7473194890625 0.3276210890625 0.7291252593750001 0.314234375 0.7205642437499999 0.2770064015625 0.7522262140625 0.3014210796875 0.7756358125 0.320821315625 0.7577089734375
5 0.370074209375 0.730193484375 0.3433007890625 0.7130714499999999 0.3153628375 0.7465166640625001 0.3369429234375 0.76863323125 0.370074209375 0.730193484375
1 0.3989277890625 0.78842913125 0.38495422343749996 0.7798235515624999 0.391144509375 0.764126921875 0.376284996875 0.7586874046875 0.35273150468750003 0.8021655875 0.38459856718749996 0.815363296875 0.3989277890625 0.78842913125
7 0.43704170937500003 0.7536010953125001 0.4057615015625 0.7404479515625 0.3882872890625 0.775765534375 0.4159353421875 0.796187325 0.43704170937500003 0.7536010953125001
0 0.5046505031249999 0.801846353125 0.48900474374999997 0.7985026921875 0.4889389890625 0.7801754328125 0.4690855328125 0.77759003125 0.4635252296875 0.8245901328125 0.5003975515625 0.8284679046875001 0.5046505031249999 0.801846353125
5 0.49047754374999997 0.7953811921875 0.5257773703125 0.8034506765625 0.5250703171875 0.7602857671875001 0.4911322828125 0.7566308187499999 0.49047754374999997 0.7953811921875
2 0.5878958734374999 0.8027788984375 0.5726262656250001 0.80808604375 0.5670907187500001 0.7850323015625 0.5455650703125 0.78770881875 0.557610490625 0.836045853125 0.5945054390625 0.8269919796874999 0.5878958734374999 0.8027788984375
4 0.5736119046875 0.8038497687499999 0.6052251359375 0.794394815625 0.590034725 0.7544412015625 0.5568603125 0.761622040625 0.5736119046875 0.8038497687499999
1 0.6580104890625 0.760680890625 0.65301654375 0.7635350046875 0.637681184375 0.750514890625 0.6163322984375 0.7639826359375 0.65256119375 0.800144959375 0.6760694328125 0.7825300687500001 0.6580104890625 0.760680890625
11 0.6121698578125 0.7388776015625 0.62799238125 0.7530124890625001 0.6372937171874999 0.7483299078125001 0.652728771875 0.7602798109375 0.6671237484375 0.7516729062499999 0.6359771796875 0.71805208125 0.6121698578125 0.7388776015625
10 0.7198977875 0.7244248046874999 0.713906890625 0.7379810171875001 0.69132985 0.7265665484375 0.686712059375 0.7380714703125 0.7268721953124999 0.7637545171875 0.73992800625 0.737801434375 0.7198977875 0.7244248046874999
12 0.6677784890625 0.712922534375 0.687908403125 0.725228953125 0.692902346875 0.7223748375000001 0.7136191203125 0.7347258234375 0.7250027390625 0.714034659375 0.6822957875 0.6903137734375 0.6677784890625 0.712922534375
7 0.44389804843749997 0.6926882671875 0.47920918593749995 0.6942919265625 0.4820119640625 0.65786023125 0.45032166562500003 0.6554537500000001 0.44389804843749997 0.6926882671875