10 0.2931629140625 0.7452214984375 0.28031453125 0.7355956609375001 0.24136112812500002 0.7641397624999999 0.2643410953125 0.7894693625 0.284723396875 0.7731713359375 0.2762754453125 0.7620725984375001 0.2931629140625 0.7452214984375
5 0.335424021875 0.749740225 0.30972725625 0.730488553125 0.279931840625 0.7615665921875 0.3001610125 0.7853762234375 0.335424021875 0.749740225
1 0.3544584703125 0.7852918859375 0.339960453125 0.7786589234375 0.3139532125 0.8200982703124999 0.34495600937500004 0.8358510656249999 0.360806096875 0.8101586296875001 0.34737524375 0.8004406156250001 0.3544584703125 0.7852918859375
7 0.4008266640625 0.7785294765625 0.370406340625 0.7628688609375 0.35093385625 0.7966652015625 0.377310875 0.8192784625 0.4008266640625 0.7785294765625
0 0.45102125156249995 0.809250565625 0.43137876718749996 0.805057403125 0.4231050328125 0.851472453125 0.4596392015625 0.8583388015625 0.46542570312500003 0.832138403125 0.4500220890625 0.8275314171874999 0.45102125156249995 0.809250565625
5 0.4516717234375 0.8245385437499999 0.48639469531249996 0.8354568453125 0.48819745625 0.792356315625 0.45457564687499996 0.785950859375 0.4516717234375 0.8245385437499999
2 0.5286515859375001 0.8204512828125001 0.507036340625 0.8213691531249999 0.516236765625 0.8705495687499999 0.5535447515625 0.8645226312500001 0.54836206875 0.83984024375 0.5328308875000001 0.8438902359375 0.5286515859375001 0.8204512828125001
4 0.5340596140625 0.8397461046875 0.566125353125 0.8328895546874999 0.5533025359375 0.7918130437500001 0.51981250625 0.7962749 0.5340596140625 0.8397461046875
1 0.6010312375 0.791773815625 0.5789653015625 0.8034668187499999 0.6129824562499999 0.84247420625 0.6374420625 0.82682143125 0.6207077203125 0.8035648765625 0.6155632546875001 0.806004678125 0.6010312375 0.791773815625
11 0.6007718921875 0.7895634828125 0.615465471875 0.8027352656250001 0.6303163984375 0.795323684375 0.6012183640625001 0.7592640609375 0.5762740703125 0.77809406875 0.5912269953125 0.7934761859374999 0.6007718921875 0.7895634828125
10 0.6559069453124999 0.7722573703125 0.650634915625 0.7833541484375 0.6891800671875 0.8122316546875 0.703703646875 0.7874139421875 0.6845118546875 0.7724456484375 0.6777517546875 0.7854762234375 0.6559069453124999 0.7722573703125
12 0.6577181453125001 0.768205415625 0.677653971875 0.7822068125 0.6902047921875 0.7625001250000001 0.6490066296875 0.7353720578125 0.633220321875 0.756736003125 0.6525736796875 0.77064521875 0.6577181453125001 0.768205415625
7 0.41120072343749997 0.7183464203125001 0.44631060468749995 0.7228180796875 0.45122129062500005 0.6867172671875 0.41976780468749997 0.6817396062500001 0.41120072343749997 0.7183464203125001