10 0.35425832343749997 0.773268359375 0.3401951078125 0.7643143765625 0.305598290625 0.7949041890624999 0.33188098906249996 0.8190333859375001 0.349793975 0.8016647359375 0.33988298906250003 0.7910070203124999 0.35425832343749997 0.773268359375
5 0.3967351171875 0.775573078125 0.3686086859375 0.7576651109375 0.3434331265625 0.7903093250000001 0.3667802640625 0.8130624734375 0.3967351171875 0.775573078125
1 0.42053453437500005 0.8101326578125001 0.405254646875 0.8042584546875 0.3852732015625 0.8470670359374999 0.41816644218750004 0.8611975296875001 0.43028321875 0.8346705484375001 0.41563039375 0.8256548968749999 0.42053453437500005 0.8101326578125001
7 0.46550709687499997 0.8009392875 0.433203465625 0.7868704640625 0.4186283765625 0.8216924171875 0.44789657031249996 0.8429268375 0.46550709687499997 0.8009392875
0 0.51948891875 0.829034609375 0.49945470625 0.825870175 0.49772616249999996 0.8727258906250001 0.5348590265625 0.877678709375 0.5369399671874999 0.8511710703125 0.5210455046875 0.8473706125 0.51948891875 0.829034609375
5 0.522262175 0.8442908296875 0.5581658828125 0.8533911359375 0.5539484015625 0.8101895578124999 0.5197635828125 0.8055450828125 0.522262175 0.8442908296875
2 0.5979193609375 0.836168809375 0.5766435078125001 0.8382195671874999 0.5926032234374999 0.8869253359375 0.6287066859375 0.8789423515625 0.6201372187499999 0.8545277984374999 0.60532209375 0.8593923203125 0.5979193609375 0.836168809375
4 0.6059616421875 0.855183165625 0.6367586249999999 0.8466451625 0.618340596875 0.8062343656250001 0.5857997562499999 0.8124519515624999 0.6059616421875 0.855183165625
1 0.6655966859375 0.803693903125 0.645375203125 0.8165450562500001 0.6844919593750001 0.8537757218750001 0.7065322078125 0.8368387515625001 0.6867227203125 0.8144556140624999 0.681968396875 0.8171653828125001 0.6655966859375 0.803693903125
11 0.6650320453125 0.8014968234375001 0.6814162421875001 0.813900596875 0.6950896046875 0.8057096203125 0.66125435625 0.7711693828125 0.63917665625 0.791309471875 0.6561254921875 0.8059103249999999 0.6650320453125 0.8014968234375001
10 0.7172172437500001 0.7812987125 0.7135422609375001 0.7926734640624999 0.7557319078125 0.8195354140625 0.7666569812499999 0.793952803125 0.7455684 0.7799879734374999 0.7406892296875001 0.7933748015625001 0.7172172437500001 0.7812987125
12 0.7184464015625001 0.777151225 0.7401370765624999 0.790110015625 0.7498205078125 0.769742596875 0.7052474578125 0.7447693828124999 0.6925910109375 0.766963871875 0.7136920765625 0.7798609953125 0.7184464015625001 0.777151225
7 0.46739794218749997 0.7402033968749999 0.5027869484374999 0.7428358 0.5026218203124999 0.7064721359374999 0.47078295 0.7031420390625 0.46739794218749997 0.7402033968749999