10 0.393870328125 0.774368746875 0.3786964609375 0.7693426734375 0.3505338984375 0.808917890625 0.380180603125 0.8256109953124999 0.3944955609375 0.803609734375 0.38304447656249996 0.79577618125 0.393870328125 0.774368746875
5 0.4353917546875 0.7651281437499999 0.40504402187500005 0.75507599375 0.3863596625 0.7941250125 0.41292485624999997 0.810255634375 0.4353917546875 0.7651281437499999
1 0.46445159374999995 0.7927905359375 0.44863645312499995 0.791134425 0.43675103593750003 0.8388087671875001 0.471055228125 0.8438397875 0.47816364531250005 0.814369515625 0.4624082625 0.8094424109375 0.46445159374999995 0.7927905359375
7 0.5063859640625 0.7715233031250001 0.4726632890625 0.7663933140625 0.46462016874999995 0.8047181953125 0.496652696875 0.8177444218750001 0.5063859640625 0.7715233031250001
0 0.563537915625 0.78462210625 0.5435923953125 0.786929784375 0.5500818656249999 0.8336507015624999 0.5868913953125 0.8284728593749999 0.5842879328125 0.8017424375 0.5682391171875001 0.802299978125 0.563537915625 0.78462210625
5 0.5688803921875001 0.7989300140625 0.60522256875 0.7981794765625 0.5936136046875 0.7566776328125 0.5597116625 0.76136061875 0.5688803921875001 0.7989300140625
2 0.6407058375 0.7704016031250001 0.6204668843750001 0.778193925 0.6444018828125 0.8219457078125 0.677961328125 0.804277725 0.6654123140625 0.7825008046875 0.6519178953125 0.791319125 0.6407058375 0.7704016031250001
4 0.6518037328124999 0.78699079375 0.6801295203125 0.7702135484375 0.6552598171875 0.7353163734375 0.624841634375 0.75027585 0.6518037328124999 0.78699079375
1 0.70056378125 0.7199972984375 0.6832270703125001 0.7381650843750001 0.7275802875 0.7643115671875 0.7459658703125001 0.7416175078125 0.7228897796875 0.724893059375 0.7187593999999999 0.72885685 0.70056378125 0.7199972984375
11 0.699634421875 0.7179815890625 0.7176561218749999 0.7257838015625 0.7294657390625 0.7139914015625 0.6906940234375 0.6890688578125 0.6728302046875 0.7149349375 0.6917812624999999 0.7247528578125 0.699634421875 0.7179815890625
10 0.7466338765625 0.6838959609375 0.7450578984375 0.69612053125 0.7905794984375001 0.7111987546874999 0.7966987984375 0.6829837671875 0.7738510390625 0.6749159828125 0.7714598671874999 0.6894531781250001 0.7466338765625 0.6838959609375
12 0.7471012296875 0.67946865625 0.7703565875 0.6863801281249999 0.77618245625 0.66364978125 0.728682628125 0.6510821234375 0.7202970125 0.6764220046875 0.7429708515625 0.683432446875 0.7471012296875 0.67946865625
7 0.4976355265625 0.7110569625000001 0.5323526609375 0.7040613546875 0.52585784375 0.668210753125 0.49445589375 0.673555196875 0.4976355265625 0.7110569625000001