10 0.33709733750000004 0.765206671875 0.322957503125 0.7577018625 0.2887862390625 0.7920095625 0.31529842656249996 0.8134518765625 0.33297321874999997 0.7941537953125 0.322957503125 0.7845047546874999 0.33709733750000004 0.765206671875
5 0.32649246249999997 0.7834326375 0.35005885000000003 0.8038028359375 0.37951683593749996 0.763062440625 0.3512371703125 0.7480528203125 0.32649246249999997 0.7834326375
1 0.4036723859375 0.7952259109375001 0.3883542328125 0.790937446875 0.3689119609375 0.8359663046874999 0.40190490624999997 0.8466874625 0.4136881 0.8188124546875001 0.3989591078125 0.8113076453125 0.4036723859375 0.7952259109375001
7 0.40190490624999997 0.8070191828125 0.4313628921875 0.8252451484375 0.448448525 0.7812884062500001 0.41604473906250006 0.77056725 0.40190490624999997 0.8070191828125
0 0.50265121875 0.8038028359375 0.4826197875 0.8027307203125 0.48144146875000005 0.849903809375 0.51855853125 0.8509759234375001 0.520326009375 0.8241730328125 0.5044186984375 0.8220288015625 0.50265121875 0.8038028359375
5 0.5368224828125 0.7812884062500001 0.50265121875 0.7802162906250001 0.5055970171874999 0.8188124546875001 0.5415357609375 0.8241730328125 0.5368224828125 0.7812884062500001
2 0.5810094625 0.8027307203125 0.5597997109375 0.8070191828125 0.5762961843750001 0.8541922703125 0.6122349265625 0.8423989984375 0.60339753125 0.8188124546875001 0.5886685375 0.8252451484375 0.5810094625 0.8027307203125
4 0.6010408921875 0.77056725 0.5686371078125 0.7802162906250001 0.5892576984375 0.8209566859375 0.619894003125 0.8091634125 0.6010408921875 0.77056725
1 0.6481736703125 0.763062440625 0.6281422390625 0.7780720609375 0.667615940625 0.8113076453125 0.6894148515625 0.7920095625 0.6693834203125 0.771639365625 0.6646701421875 0.7748557125 0.6481736703125 0.763062440625
11 0.6475845109375 0.760918209375 0.6640809828124999 0.771639365625 0.67763165625 0.761990325 0.6434603921875001 0.7308989703125001 0.6216614828125 0.7534134 0.638747115625 0.7662787875 0.6475845109375 0.760918209375
10 0.699430565625 0.735187434375 0.6958956078125 0.74698070625 0.7383151078125 0.769495134375 0.7489199828124999 0.74269224375 0.7277102328125 0.7308989703125001 0.7229969546875 0.7448364749999999 0.699430565625 0.735187434375
12 0.7006088859374999 0.7308989703125001 0.7224077953125 0.741620128125 0.73183435 0.7201778140624999 0.6870582125 0.6998076171875 0.6746858578125 0.7233941625 0.6958956078125 0.73411531875 0.7006088859374999 0.7308989703125001
7 0.4843872671875 0.6826537671875 0.45257264218750004 0.6826537671875 0.44962684375000006 0.7201778140624999 0.48497642656249995 0.7191056984374999 0.4843872671875 0.6826537671875