10 0.3276483265625 0.7340834203125 0.3141622984375 0.7256827421875001 0.27730310625 0.7577614984375 0.30198956875 0.780874584375 0.3211810296875 0.7627312984375 0.311981059375 0.7524529640625001 0.3276483265625 0.7340834203125
5 0.37011315 0.73465685625 0.34314109375 0.7178554953125 0.315592503125 0.7516084078125 0.3374293859375 0.773462140625 0.37011315 0.73465685625
1 0.3915776546875 0.7683271921875 0.376655146875 0.7630635203125 0.3536076 0.80679309375 0.38562758124999996 0.819612890625 0.39964338125 0.792526040625 0.3855699875 0.7840876531250001 0.3915776546875 0.7683271921875
7 0.4373516875 0.7572725640625 0.4059190734375 0.744490478125 0.3888558125 0.7799929624999999 0.41674085156249996 0.800082165625 0.4373516875 0.7572725640625
0 0.489557084375 0.783228784375 0.469673903125 0.7808758671875 0.4646601921875 0.8279160390625 0.5015769765625 0.8313625171875 0.5055203109375 0.804705421875 0.489835940625 0.8015456609375 0.489557084375 0.783228784375
5 0.49127241875000005 0.798408653125 0.5266654749999999 0.8060629484374999 0.5254565312499999 0.762928921875 0.49147657499999997 0.7596709875000001 0.49127241875000005 0.798408653125
2 0.5677639640625001 0.7871732796875001 0.5462697999999999 0.7900989890625 0.558877059375 0.8382704296875 0.59566610625 0.828791784375 0.5887751125 0.8046683546875 0.573567475 0.8101504828125 0.5677639640625001 0.7871732796875001
4 0.5745038390625 0.80590495625 0.6060065953125 0.796086928125 0.590351878125 0.7563311203125 0.5572615234375 0.7638944015625 0.5745038390625 0.80590495625
1 0.6379518765625 0.7518521828125 0.61675995 0.7655614 0.6534087125 0.8012829796875 0.6767117328125 0.7834036546875 0.6583990421875 0.7617761796875 0.65343836875 0.7646869328125 0.6379518765625 0.7518521828125
11 0.6375390109375 0.74967285625 0.6531127515625 0.761436796875 0.66740740625 0.752666825 0.6358704359375 0.71942624375 0.61230566875 0.7405179953125 0.628292278125 0.7544612640625 0.6375390109375 0.74967285625
10 0.6913211734375 0.727291840625 0.6868372359375 0.738844484375 0.72729531875 0.7640465203125 0.7400491406249999 0.7379550625 0.719863721875 0.7248186390625 0.714030553125 0.73843748125 0.6913211734375 0.727291840625
12 0.6928449046875 0.723084021875 0.7137049359375001 0.735187346875 0.7248477765625 0.7143745125 0.6818657296875 0.6911632578125 0.6676115625000001 0.7139291625 0.6878842296875 0.725994778125 0.6928449046875 0.723084021875
7 0.4434996421875 0.6963118765625 0.478828828125 0.6975036109375 0.481207946875 0.6610584015625001 0.44949020156249997 0.6590221140625 0.4434996421875 0.6963118765625