10 0.29836988125 0.762924096875 0.28960474375 0.7523814093750001 0.3059910265625 0.7344735906250001 0.29287119375000004 0.7256832578125 0.25477358125 0.7566793296875 0.2784749890625 0.7805031984374999 0.29836988125 0.762924096875
5 0.34835565156250003 0.7362822953125 0.3221159921875 0.718701625 0.2932440125 0.75164219375 0.3141522359375 0.774124209375 0.34835565156250003 0.7362822953125
1 0.375477990625 0.79499200625 0.36177339375 0.7861468875 0.368411409375 0.7705662828125 0.3537300671875 0.7648701531250001 0.32894507812499996 0.8079151250000001 0.36038551874999997 0.8216623750000001 0.375477990625 0.79499200625
7 0.41455234843750005 0.760846940625 0.38369667500000004 0.747154478125 0.365219865625 0.7821491109375 0.392237090625 0.8030431265625 0.41455234843750005 0.760846940625
0 0.48066774843750004 0.8102478109375 0.46514032343749995 0.80663275 0.4656072046875 0.7883136515625 0.44585574218749996 0.7853830203125 0.43893725312500004 0.8322621937499999 0.47564699375 0.8367816046875 0.48066774843750004 0.8102478109375
5 0.4667018328125 0.80353854375 0.5017194046875 0.8122200890625001 0.5022675796875 0.7690647625 0.46848168125 0.764819278125 0.4667018328125 0.80353854375
2 0.5637733578125 0.812632934375 0.548370203125 0.817670853125 0.5435120359375001 0.794532196875 0.521937746875 0.796831621875 0.5325623046875 0.8453543609375 0.5696704031250001 0.8369490890625 0.5637733578125 0.812632934375
4 0.5494776046875 0.8134539343749999 0.5813227890625 0.80455559375 0.5673138953125 0.764357121875 0.533975721875 0.770955253125 0.5494776046875 0.8134539343749999
1 0.6350163515625 0.7717801640624999 0.62994623125 0.774545659375 0.615009959375 0.761264478125 0.5932986265625 0.7743527375 0.6284276984375 0.811129071875 0.65241596875 0.793933465625 0.6350163515625 0.7717801640624999
11 0.5898713124999999 0.7491877984374999 0.6052616953125 0.7635916890625001 0.6146865078125 0.7590738421875 0.6297534375 0.7712870953125 0.644379028125 0.762935828125 0.6142515546875 0.7287884124999999 0.5898713124999999 0.7491877984374999
10 0.697873409375 0.7366227390625 0.691496709375 0.75006749375 0.6692819015625 0.738264740625 0.6643360546875 0.7496832140625 0.7036955484375 0.7760542140625 0.7174878265625 0.750342203125 0.697873409375 0.7366227390625
12 0.6461588765624999 0.7242165640625 0.6659039515625 0.7368681015625 0.670974071875 0.73410260625 0.691303915625 0.74680893125 0.703273365625 0.7263269765625 0.6613134859375001 0.7018726859375 0.6461588765624999 0.7242165640625
7 0.42316939218750005 0.7000847265625 0.45838614218749996 0.7023039296875 0.46224374687500003 0.6659396609375 0.4306662640625 0.6629812453125 0.42316939218750005 0.7000847265625