3 0.27201992812500003 0.6648282171875 0.2253327734375 0.6998043375 0.2459519234375 0.7208799031249999 0.26732498437499996 0.703124821875 0.25722907500000003 0.693970175 0.2793203109375 0.6746196828125 0.27201992812500003 0.6648282171875
1 0.320571515625 0.6809101953125001 0.3000767484375 0.6608368546875 0.2617625421875 0.6943068734375 0.2767144390625 0.7113399125 0.320571515625 0.6809101953125001
1 0.3262614921875 0.6989773593749999 0.31059606562500003 0.69609149375 0.275987484375 0.73947478125 0.305699609375 0.74884248125 0.32521347968750003 0.7250338843749999 0.3109482640625 0.72182905 0.3262614921875 0.6989773593749999
9 0.31622805781249996 0.71847483125 0.34340283125000004 0.7348749859375 0.3748319421875 0.6943674640624999 0.34813875781250003 0.681084828125 0.31622805781249996 0.71847483125
1 0.3959242703125 0.708925975 0.3770793703125 0.7089158765625 0.3568965328125 0.75654316875 0.39630760781249996 0.7583227406249999 0.4075361625 0.7277956078125001 0.3900914765625 0.7274665421875001 0.3959242703125 0.708925975
2 0.3932709484375 0.7245907765624999 0.4324635078125 0.72964735 0.44300538281249996 0.685292009375 0.40531558125 0.6852718140625 0.3932709484375 0.7245907765624999
3 0.48386123281250004 0.6964241359375001 0.46635856093749994 0.700411240625 0.46383892343750005 0.7450905984375 0.506166396875 0.7375998890625 0.5072144109375001 0.711543365625 0.4855690828125 0.712171203125 0.48386123281250004 0.6964241359375001
8 0.48702728281249996 0.7075360625 0.527517509375 0.7069183234375 0.5229780921875 0.66814998125 0.48291147187499994 0.6762014093750001 0.48702728281249996 0.7075360625
5 0.6207299749999999 0.63942766875 0.61345240625 0.648615684375 0.651333875 0.673334265625 0.6820494546875 0.646973921875 0.6635390375 0.635054475 0.6442436859375 0.6555860703125 0.6207299749999999 0.63942766875
1 0.633416728125 0.6042653953125 0.603619771875 0.6271892546875 0.6434410328125 0.6503902109374999 0.671298196875 0.6289839765624999 0.633416728125 0.6042653953125
6 0.6742414421875 0.5917383078125 0.6658267359375001 0.6076398109375 0.7177237640625 0.6151810156249999 0.73357656875 0.59113066875 0.7089257234375 0.5816857515625 0.697389528125 0.596146846875 0.6742414421875 0.5917383078125
4 0.6510933546875 0.58732976875 0.695507721875 0.5933482999999999 0.717063928125 0.573377425 0.667485734375 0.562080765625 0.6510933546875 0.58732976875
9 0.4883566359375 0.55662948125 0.45265118906249996 0.5647631765625001 0.453105934375 0.595856078125 0.4905326578125 0.5894817578125 0.4883566359375 0.55662948125