3 0.23709971875 0.6418174999999999 0.1862988734375 0.6705657140625 0.20342788125000003 0.6944147296875001 0.2269374640625 0.6795096468749999 0.21838121875 0.668997746875 0.2428259015625 0.6525923921875 0.23709971875 0.6418174999999999
1 0.282307296875 0.6644090234375 0.2651544640625 0.6415795125 0.2227717125 0.6699415359375 0.23493843593750002 0.6889868328125 0.282307296875 0.6644090234375
1 0.2852539765625 0.683249228125 0.2703328625 0.67826446875 0.23013841093749998 0.717042046875 0.257872975 0.7303930953125 0.2804415484375 0.7091818140624999 0.266937946875 0.7040653296875 0.2852539765625 0.683249228125
9 0.272595596875 0.7014157953125 0.2968235921875 0.7214640453125 0.3334866671875 0.6851384125 0.309277278125 0.6682741046875 0.272595596875 0.7014157953125
1 0.352026 0.7025296265625001 0.3335735078125 0.6999968140624999 0.306888859375 0.7449521890625 0.3452237625 0.7520087156249999 0.360655140625 0.722965553125 0.3436201625 0.7203010140624999 0.352026 0.7025296265625001
2 0.3471515421875 0.71784906875 0.3847962984375 0.7281554015625 0.40156455468749996 0.685183425 0.36465956718750003 0.6801178015625 0.3471515421875 0.71784906875
3 0.43995528593750005 0.701791784375 0.422236359375 0.7034383656250001 0.41327683750000005 0.747808471875 0.4558146609375 0.7459793078125 0.46062709062499996 0.720046721875 0.43933956875 0.7177773609375 0.43995528593750005 0.701791784375
8 0.44144102968750004 0.7133345156249999 0.48118104375000004 0.7181366875 0.4823690515625 0.67873633125 0.44196369999999996 0.681429221875 0.44144102968750004 0.7133345156249999
5 0.5822665671875 0.663081728125 0.5738049015625 0.6713012875000001 0.6073087687500001 0.7011064593749999 0.6412174515625 0.6788413656250001 0.624822996875 0.6644365046875 0.602944575 0.6823979796875 0.5822665671875 0.663081728125
1 0.5997994046875 0.6295957171875 0.5672896265625 0.64854514375 0.6029135625 0.677091409375 0.63330326875 0.6594008890625 0.5997994046875 0.6295957171875
6 0.6415974578125 0.62252584375 0.631046740625 0.637310878125 0.680771378125 0.651804109375 0.6997899609375 0.6298608296875 0.6770229 0.617110053125 0.663624746875 0.6300359109375 0.6415974578125 0.62252584375
4 0.619570165625 0.615015775 0.662188625 0.6269836953125 0.6861995234375 0.609885946875 0.6392913015625 0.5919453203125 0.619570165625 0.615015775
9 0.46467036562499997 0.5625111609375 0.4285237609375 0.5658701875000001 0.4244511015625 0.59704348125 0.462027628125 0.595675359375 0.46467036562499997 0.5625111609375