3 0.319512571875 0.6665069390625 0.2751004015625 0.7012151984375 0.297269071875 0.7224140265625 0.3174787453125 0.7047813328125 0.3067055890625 0.6955664921875 0.3275244921875 0.6763423625 0.319512571875 0.6665069390625
1 0.3693668265625 0.6828746031249999 0.34739308750000003 0.6626788625 0.3112792203125 0.6959297062500001 0.327477146875 0.7130523671875 0.3693668265625 0.6828746031249999
1 0.376341209375 0.700977446875 0.3604165375 0.697999715625 0.3287151765625 0.7411868140625 0.3591913453125 0.75072928125 0.377111653125 0.72703139375 0.36257001875 0.7237428265625 0.376341209375 0.700977446875
9 0.3676345828125 0.7204189828125 0.396055921875 0.7369800421875 0.42476728125 0.6966505359374999 0.397047321875 0.683210228125 0.3676345828125 0.7204189828125
1 0.446955084375 0.7113341875 0.42804040781249997 0.711214046875 0.4111144734375 0.7587299625 0.45079445625 0.7607399046875 0.459929209375 0.7302741875 0.44239757187500006 0.7298432140625 0.446955084375 0.7113341875
2 0.4453875765625 0.7269856234375001 0.4850774234375 0.7322717359375 0.4925558875 0.687971921875 0.45472653281250003 0.687731646875 0.4453875765625 0.7269856234375001
3 0.5343400234375 0.699344125 0.5170520437499999 0.703229571875 0.51764788125 0.7479002890625 0.5596066203125 0.74065571875 0.558836178125 0.7146017734375001 0.537155425 0.7151033046874999 0.5343400234375 0.699344125
8 0.538294803125 0.7104760484375 0.578890234375 0.7100946546875 0.5716228640625001 0.6712945375 0.5319724765625 0.6791131046875 0.538294803125 0.7104760484375
5 0.66772429375 0.6431391093750001 0.6610626265625 0.6522858796875 0.7008116656250001 0.677229015625 0.7297962796874999 0.6510444421875 0.710384415625 0.6390152890625 0.6924542453125 0.6594370078125 0.66772429375 0.6431391093750001
1 0.6779984265625 0.6080461374999999 0.64969546875 0.6307991234375 0.691285271875 0.6542357546875001 0.717747465625 0.6329892734375 0.6779984265625 0.6080461374999999
6 0.7180966734374999 0.5957557296875 0.71076321875 0.6116102578125 0.7633778640625 0.6194555234375 0.7776067796875 0.5954944734375001 0.752205040625 0.585904334375 0.74163791875 0.6003000328125 0.7180966734374999 0.5957557296875
4 0.6945554265625 0.591211425 0.7395534968749999 0.5974901171875 0.7597920203124999 0.577642396875 0.709242065625 0.566054709375 0.6945554265625 0.591211425
9 0.5290751796875 0.559556721875 0.49380770468749996 0.5674830328125 0.4964386390625 0.5985828140625 0.53355674375 0.59242616875 0.5290751796875 0.559556721875