3 0.27962789374999997 0.6211343046875 0.22913857499999998 0.64732918125 0.24655422031250002 0.6721758265625 0.26990094375 0.6584458515625 0.2612178765625 0.647441328125 0.285482621875 0.632254121875 0.27962789374999997 0.6211343046875
1 0.3251207875 0.6461943640625 0.307693209375 0.6223701265625 0.2656214796875 0.6486197609375 0.2780163875 0.6683822515625 0.3251207875 0.6461943640625
1 0.32828886874999996 0.6652662484375 0.3133024484375 0.6594768046875 0.2735416828125 0.6962994734375 0.3014453453125 0.7111628796875 0.32377696718750004 0.6910515390625 0.310207196875 0.685204346875 0.32828886874999996 0.6652662484375
9 0.3158366 0.682841425 0.3403102296875 0.7042449921875 0.37656657031249996 0.6696986234375 0.352148734375 0.651492953125 0.3158366 0.682841425
1 0.395317803125 0.6881352875 0.37682695625 0.6846221421875 0.350654559375 0.7283579671875 0.389090103125 0.7374584375000001 0.404189684375 0.7091081109374999 0.387115484375 0.7055372203125 0.395317803125 0.6881352875
2 0.39061991093750004 0.7032609203125 0.42840292812499997 0.7155881609375 0.4446773734375 0.673322534375 0.407695675 0.666296246875 0.39061991093750004 0.7032609203125
3 0.483280309375 0.6920166984375 0.46557217968750003 0.692738540625 0.4571265109375 0.7368184859375 0.49966321562499993 0.7372179921875001 0.5041751171875 0.7114327031250001 0.4828509671875 0.7080350531249999 0.483280309375 0.6920166984375
8 0.48490154687500003 0.703684571875 0.52471654375 0.7105953625 0.525445034375 0.671096890625 0.485051903125 0.671676728125 0.48490154687500003 0.703684571875
5 0.6252072796875 0.66062989375 0.616837571875 0.6684381375 0.6507054171875 0.7001260015625 0.68437024375 0.67955268125 0.6677997796875 0.66422729375 0.6461206875000001 0.6811118640625 0.6252072796875 0.66062989375
1 0.642357440625 0.6279290828125 0.6100534671875 0.645246759375 0.6460276921875 0.6757820390625 0.6762252859375 0.659616946875 0.642357440625 0.6279290828125
6 0.684092825 0.6230276328125 0.673709734375 0.6373182921875 0.7236272718750001 0.654484509375 0.7423986703125001 0.6334515703125 0.7194718828125 0.6194520140625001 0.7062182921875 0.6317262359375 0.684092825 0.6230276328125
4 0.6619673546875 0.6143290296874999 0.7047458453125001 0.6285860875 0.7285685140625 0.6126808625 0.6814284796875001 0.5922012546875 0.6619673546875 0.6143290296874999
9 0.50638075 0.5534676859375 0.470256171875 0.5549402484375 0.4665455890625 0.5860264921875 0.5041240171875 0.5866281125 0.50638075 0.5534676859375