0 0.6726547421875 0.5776359125 0.634694434375 0.5664690218749999 0.6251437765625 0.5888942078125 0.6670371390625001 0.6050905140625 0.6726547421875 0.5776359125
9 0.6874652828125 0.58495044375 0.6731269109375 0.57979944375 0.66782670625 0.6060118921875 0.6794346203125 0.610908509375 0.6874652828125 0.58495044375
5 0.6867269828125 0.5903924703125 0.67992156875 0.6126495078125 0.691470340625 0.6192362499999999 0.700216646875 0.5963122171874999 0.6867269828125 0.5903924703125
9 0.5719629765625001 0.6369282265625 0.5432113453125 0.644423409375 0.5642852390625 0.684114596875 0.592896890625 0.6727911953125 0.5719629765625001 0.6369282265625
6 0.550855675 0.6608202015625 0.5392103203125 0.6648221734375 0.5600111671875 0.704487921875 0.5901723828125001 0.6958523359375001 0.58342111875 0.6774192046875 0.5658939453125 0.6851122875 0.550855675 0.6608202015625
8 0.5116415046875 0.6385148734375 0.480086446875 0.6321838046875 0.47550879999999995 0.6690612812500001 0.5095064859375 0.676043821875 0.5116415046875 0.6385148734375
1 0.47759850468750004 0.6484844484375001 0.46858798437500004 0.647644990625 0.4635746546875 0.6891448703124999 0.4990558515625 0.6928743546875 0.49910116562500006 0.6759222375 0.47787750156250003 0.671825409375 0.47759850468750004 0.6484844484375001
11 0.4577391109375 0.6601993375 0.45101357656249996 0.7036592421875 0.48669389531249996 0.70952681875 0.4888940078125 0.69362326875 0.463788559375 0.69086043125 0.46591570625 0.6613850125 0.4577391109375 0.6601993375
0 0.4327529015625 0.638371728125 0.4022239765625 0.626201540625 0.38611925625 0.6637007406250001 0.41861864375 0.6743588703125 0.4327529015625 0.638371728125
2 0.393957709375 0.643235578125 0.385035903125 0.6398609328125 0.3650346109375 0.6791166546875 0.397947025 0.6936284406250001 0.40693680624999995 0.6715749078125001 0.386333159375 0.6654163015625 0.393957709375 0.643235578125
2 0.36728983125000003 0.606838409375 0.3451888484375 0.5886708671875 0.31549883749999996 0.615154509375 0.3378285125 0.63461508125 0.36728983125000003 0.606838409375
5 0.3269312484375 0.59375245 0.29420816250000004 0.6208013343750001 0.3145525859375 0.6421964953125 0.32790323125 0.6286035 0.3146649140625 0.615500725 0.332546934375 0.5976668968750001 0.3269312484375 0.59375245
1 0.27637529843749997 0.558944946875 0.2876648484375 0.5807682437499999 0.326859240625 0.56449605625 0.3154809796875 0.5452079453125 0.27637529843749997 0.558944946875
11 0.2980720890625 0.549520778125 0.29667037500000004 0.5426076546874999 0.256066396875 0.56002024375 0.2668542109375 0.580525071875 0.28297179843750003 0.573972390625 0.275526590625 0.55971369375 0.2980720890625 0.549520778125
9 0.48648821875000003 0.5297802234375 0.45782887499999997 0.5268709125 0.4567188765625 0.5585924453125 0.487661190625 0.558125165625 0.48648821875000003 0.5297802234375