0 0.6855752328125 0.47242792343750006 0.64659755 0.4722404625 0.641606671875 0.49681500781250004 0.6853618234375001 0.5008002359375 0.6855752328125 0.47242792343750006
9 0.701347146875 0.4753868828125 0.6864464328125 0.47440570156249995 0.686304059375 0.5014765031249999 0.698505878125 0.5029797109375 0.701347146875 0.4753868828125
5 0.701669053125 0.48090497499999996 0.699310790625 0.504541053125 0.711777740625 0.5077100125 0.7158926671875 0.48287563906250003 0.701669053125 0.48090497499999996
9 0.5991528265625 0.5586838265625 0.5726750875 0.5741074265624999 0.600705296875 0.6068897078125 0.62631659375 0.587770371875 0.5991528265625 0.5586838265625
6 0.5832242765625 0.5879495203125 0.57268430625 0.5951392906249999 0.6004446234375 0.6279737734374999 0.6280729625 0.611039846875 0.6180020265625 0.5949589578125 0.602457203125 0.6074093640625 0.5832242765625 0.5879495203125
8 0.540903878125 0.57724790625 0.5090663859375 0.579971946875 0.511660665625 0.6172448671875 0.54599345 0.6144674359375 0.540903878125 0.57724790625
1 0.5097622171875 0.596578421875 0.5008558515625 0.59830111875 0.5039093593749999 0.6402070531249999 0.539061325 0.6338371078125 0.5358702015625 0.6172840234375 0.5144873734375001 0.619273665625 0.5097622171875 0.596578421875
11 0.4927211140625 0.6136108265625 0.49448669843750004 0.6579121640625 0.530239975 0.6535722015625 0.5293405359375 0.6374343671875 0.5044443843749999 0.6418205984375 0.5008840921875 0.612461175 0.4927211140625 0.6136108265625
0 0.4643024203125 0.599361784375 0.4323466265625 0.596099096875 0.423870665625 0.6372302875 0.45745055468749996 0.6384618078125001 0.4643024203125 0.599361784375
2 0.427573621875 0.6150511468750001 0.41826955468750004 0.6142752171875 0.406346553125 0.6582194375 0.4410627734375 0.6630944875 0.44558015468749995 0.639040784375 0.4244056890625 0.638843834375 0.427573621875 0.6150511468750001
2 0.39474216875 0.587060859375 0.3698225328125 0.5755690859375 0.34605766718750003 0.6097845703125 0.3714460421875 0.6224734515625 0.39474216875 0.587060859375
5 0.35307033906249996 0.5856774765625 0.326469253125 0.6213000656250001 0.3502998171875 0.63643655625 0.3606647140625 0.6194077124999999 0.3453142796875 0.610357615625 0.359268296875 0.5879127125 0.35307033906249996 0.5856774765625
1 0.29735502187499996 0.5659767828125 0.312478071875 0.5840852828124999 0.3474172109375 0.5571521140625 0.332691865625 0.5415422375000001 0.29735502187499996 0.5659767828125
11 0.3166167734375 0.5506611453125 0.313936896875 0.544311365625 0.2778471578125 0.5727548609374999 0.2922315765625 0.5897184531249999 0.3066258 0.5787783734375 0.29667791875 0.5669662640625 0.3166167734375 0.5506611453125
9 0.4957378390625 0.4782501671875 0.4673641046875 0.4834959953125 0.4723403484375 0.5147600421875 0.5022856921875001 0.50557565 0.4957378390625 0.4782501671875