0 0.694113265625 0.521063425 0.655195584375 0.5165748734375 0.64935404375 0.5405101 0.692910121875 0.5493100046875 0.694113265625 0.521063425
9 0.7097602984375 0.5257523953125001 0.6949142578124999 0.5231302328125 0.69382746875 0.5500878250000001 0.7059600968749999 0.5529322718749999 0.7097602984375 0.5257523953125001
5 0.7098892125 0.5312861390625 0.7067094234375 0.5545768265625 0.7190486968750001 0.5591102875 0.724024553125 0.5348194937499999 0.7098892125 0.5312861390625
9 0.6047995671875 0.597470690625 0.5778199500000001 0.609916534375 0.6046678046875 0.6456743046875 0.6309111265625 0.6294504125 0.6047995671875 0.597470690625
6 0.5878716625 0.6248730359375 0.5770952671875 0.6308736734375 0.6036717765625 0.6666536703125 0.6318531171874999 0.652829925 0.622357121875 0.6356954734375 0.606399175 0.6463854390625 0.5878716625 0.6248730359375
8 0.545982734375 0.6095392796875 0.5140938546875 0.6087397703125 0.5153839687499999 0.6461647734375 0.5497665796875 0.647186478125 0.545982734375 0.6095392796875
1 0.514209265625 0.6253632359375 0.5052550015625 0.626096778125 0.50684205 0.6681887921875 0.542168075 0.6657213296875 0.539558934375 0.6488756703125 0.5181360078125 0.6484982359375 0.514209265625 0.6253632359375
11 0.4965972015625 0.6404535609375 0.4968145078125 0.684790209375 0.5326701828125 0.684411784375 0.53233509375 0.6682328 0.5073200359375 0.6698555765624999 0.5047891 0.64020895625 0.4965972015625 0.6404535609375
0 0.46871469374999997 0.623119409375 0.43691658125000005 0.6163416749999999 0.42701700625 0.6563892906250001 0.4605078640625 0.6613224140625 0.46871469374999997 0.623119409375
2 0.43148880468749995 0.6346987000000001 0.422224575 0.6328987234375 0.4087845296875 0.675368803125 0.44328302343750003 0.684057746875 0.44863354375000003 0.6605892296875 0.4274949921875 0.6580560734375 0.43148880468749995 0.6346987000000001
2 0.39967908125 0.6031857781250001 0.375194621875 0.5889851375 0.35026842812500003 0.62045459375 0.3751792140625 0.6358997625 0.39967908125 0.6031857781250001
5 0.35811268125 0.5972082703125 0.330305059375 0.629766746875 0.3535747609375 0.64747878125 0.36451965 0.631655184375 0.34950606562500003 0.62094353125 0.364224140625 0.6001194953125 0.35811268125 0.5972082703125
1 0.3031612203125 0.5714295140625001 0.317631646875 0.5911418515625 0.3534626765625 0.56816173125 0.33930221875 0.5509829140625 0.3031612203125 0.5714295140625001
11 0.3229309796875 0.5582948531249999 0.3204763484375 0.5516721796875 0.28344359531249996 0.5760301984375 0.29721635625 0.594520234375 0.31197258125 0.5852081703125 0.30245051875 0.5723407046875 0.3229309796875 0.5582948531249999
9 0.5043330874999999 0.5059133250000001 0.4758152203125 0.5080088 0.47969370624999996 0.5397094546875 0.509918459375 0.5338630531249999 0.5043330874999999 0.5059133250000001