0 0.6503307703125001 0.5309263828125 0.6134921234374999 0.5204279296875 0.6015843171874999 0.5430110406249999 0.641834778125 0.558468078125 0.6503307703125001 0.5309263828125
9 0.6643943359375 0.5379789140625 0.6505772249999999 0.5330807765625 0.6425289390625 0.559375271875 0.6536388640624999 0.5640668843750001 0.6643943359375 0.5379789140625
5 0.6630859421874999 0.5434316421875 0.6539443140625 0.5657986609375001 0.664818253125 0.572180746875 0.675972903125 0.5491130578125001 0.6630859421874999 0.5434316421875
9 0.5433146578125 0.5919556453125 0.513744015625 0.59995063125 0.5306922296875001 0.639257125 0.5605231234375 0.627437925 0.5433146578125 0.5919556453125
6 0.51968269375 0.6162070671875 0.507604559375 0.6204110843749999 0.524282053125 0.6596969234375 0.555383278125 0.6505373453125001 0.5505517390625 0.6322297781249999 0.532198546875 0.6402262750000001 0.51968269375 0.6162070671875
8 0.48275365 0.5945966328125001 0.45182227812500003 0.5888200140625 0.44338195156250004 0.6257625703125 0.476690790625 0.632147675 0.48275365 0.5945966328125001
1 0.44762638125 0.6051575484375 0.4386926703125 0.6044760203124999 0.4293326609375 0.6460467203125 0.46446706562499995 0.6491541437499999 0.46628549531249996 0.632208121875 0.4454644359375 0.628484146875 0.44762638125 0.6051575484375
11 0.426517475 0.6172150078125 0.4152381703125 0.66077488125 0.45034831249999996 0.6660160484375 0.45421449531249997 0.6500804796875 0.42936739218750003 0.6477578453125 0.43458003281249996 0.6182571953125 0.426517475 0.6172150078125
0 0.40378378281250005 0.5958332578125 0.374490521875 0.5842019484375001 0.35444403125 0.6219675734375001 0.385868309375 0.63205298125 0.40378378281250005 0.5958332578125
2 0.3644325421875 0.6013736375 0.355852815625 0.5981563999999999 0.33172128125 0.6377459828125 0.3631560265625 0.6516762578125 0.3744634015625 0.62947445625 0.3544787625 0.6236786984375 0.3644325421875 0.6013736375
2 0.34153899062500004 0.5654576578125 0.3213112296875 0.5476840296875001 0.2888150203125 0.5746761734375 0.3091365109375 0.5937383078125 0.34153899062500004 0.5654576578125
5 0.30249986406249996 0.5530828624999999 0.26690775625 0.5806930640625 0.2850392328125 0.6017237234375 0.2998278859375 0.5879027546875 0.2879438671875 0.5750368328125 0.3077129796875 0.5568975046875 0.30249986406249996 0.5530828624999999
1 0.2555228328125 0.519173690625 0.264543609375 0.540790675 0.30548775781250004 0.5238396125 0.296113003125 0.5047583359375001 0.2555228328125 0.519173690625
11 0.2782317859375 0.5093738890624999 0.2775514203125 0.5024880890625 0.2350766890625 0.5206037421875 0.24373302031250002 0.5409115671875 0.260555628125 0.5340796625 0.254592684375 0.5199569687500001 0.2782317859375 0.5093738890624999
9 0.468942471875 0.48634606874999997 0.4405524578125 0.48393917656249996 0.43612328125 0.5156672359375001 0.467152215625 0.514658984375 0.468942471875 0.48634606874999997