0 0.6676261578125 0.5070395750000001 0.6287829312500001 0.504358459375 0.6225226671875 0.5285849859375 0.66592944375 0.5353651046875 0.6676261578125 0.5070395750000001
9 0.6831928656249999 0.5110042 0.6683911250000001 0.509070784375 0.6668332953125 0.5361008671875 0.678917465625 0.53838301875 0.6831928656249999 0.5110042
5 0.683225125 0.51653644375 0.679638140625 0.5399940390625 0.6918994703125 0.5439569609375 0.6973001765625 0.5194148625 0.683225125 0.51653644375
9 0.576968603125 0.5876652828125 0.549768825 0.6013767750000001 0.5759947453125001 0.6359142109375 0.602524153125 0.6184558625000001 0.576968603125 0.5876652828125
6 0.559560278125 0.615877665625 0.5486779625 0.6223846734375 0.5746321234375 0.65695698125 0.6030578171875 0.64181054375 0.593860184375 0.625104071875 0.57771386875 0.6365453515625 0.559560278125 0.615877665625
8 0.5179349640625001 0.6024808015625001 0.48605681093750003 0.603164634375 0.48669326875 0.640560021875 0.5210615234375 0.6399825140625001 0.5179349640625001 0.6024808015625001
1 0.48588183125000006 0.6197962390625 0.47691384374999995 0.620947078125 0.47776573593749994 0.6629994531250001 0.5131384578125 0.6588860421875 0.5108233328125 0.6421481078125 0.4894048234375 0.642767309375 0.48588183125000006 0.6197962390625
11 0.4680043625 0.63571843125 0.46744716249999996 0.6800810109375 0.5033130921875 0.678033684375 0.5032606046875 0.66185714375 0.47821465625000004 0.664645346875 0.476201365625 0.6350924078125 0.4680043625 0.63571843125
0 0.4404218359375 0.6196677421875 0.40873889218750004 0.614364265625 0.398138709375 0.6549051234375 0.43154679375000005 0.658283715625 0.4404218359375 0.6196677421875
2 0.40298988125 0.6329888015625 0.3937561546875 0.6316184859375 0.3795728234375 0.6747485390625 0.4139230328125 0.6818391109374999 0.41968407343749997 0.6581025234375 0.3985876265625 0.6565510203125 0.40298988125 0.6329888015625
2 0.3717274328125 0.6029305734375 0.3474885578125 0.5898578046875 0.3220100828125 0.622512815625 0.3466535859375 0.6368112828125 0.3717274328125 0.6029305734375
5 0.3302612296875 0.5988825546875 0.301882009375 0.632761559375 0.324844659375 0.6494051046875 0.3360670875 0.6330593109375 0.3212391015625 0.623037628125 0.33632245312500003 0.6015117375 0.3302612296875 0.5988825546875
1 0.2757545203125 0.57564008125 0.2898820546875 0.5946950421875 0.3261181734375 0.570028796875 0.31225637812499996 0.5534949890624999 0.2757545203125 0.57564008125
11 0.295755740625 0.5615747328125 0.29341655312500003 0.555060903125 0.255954521875 0.5811620921875 0.269405675 0.5990262234375 0.2843260734375 0.589019890625 0.275027828125 0.5765850875 0.295755740625 0.5615747328125
9 0.47809134999999997 0.5007088328125 0.44953397968750003 0.504133128125 0.45285907343750004 0.5356790625000001 0.4831890296875 0.5284213578125 0.47809134999999997 0.5007088328125