0 0.6268991984375 0.548084303125 0.669247128125 0.5603701609375 0.6738917390625 0.5324092453125 0.635641996875 0.524783540625 0.6268991984375 0.548084303125
9 0.670066765625 0.5612174624999999 0.6818149015625 0.5650303140624999 0.688918425 0.5383403484375 0.674438165625 0.5345274953125 0.670066765625 0.5612174624999999
5 0.6941094609375 0.57223236875 0.7020326234375001 0.5485079546875 0.688372 0.5438478015625 0.682361325 0.5667249140624999 0.6941094609375 0.57223236875
9 0.5695245828125 0.6489130656250001 0.597665465625 0.63493260625 0.57553525625 0.6010405859375 0.5471211609375 0.6112081921875 0.5695245828125 0.6489130656250001
6 0.5553175343750001 0.6268832515625 0.5438426125 0.6319670546875 0.5659728203125 0.6696719265625 0.5957529781249999 0.6582333703125001 0.5883762421875 0.640440059375 0.5711638578125 0.649760365625 0.5553175343750001 0.6268832515625
8 0.4804573234375 0.6421346609375 0.5146088796875 0.6459475125 0.5154285171875 0.608242640625 0.483735871875 0.6048534375 0.4804573234375 0.6421346609375
1 0.48182338593749996 0.621375796875 0.4728073734375 0.621375796875 0.46925561250000003 0.6633171734375 0.50477323125 0.6637408234375 0.5042268062499999 0.6467948140625001 0.48291623437500003 0.6446765625 0.48182338593749996 0.621375796875
11 0.46242530156250006 0.63493260625 0.4572342640625 0.6789922328125 0.493025096875 0.681534134375 0.4946643703125 0.665435425 0.469528825 0.6650117734375 0.470621675 0.6353562562499999 0.46242530156250006 0.63493260625
0 0.3911168515625 0.6451002124999999 0.42390234531250004 0.6527259171875001 0.4367433296875 0.61544469375 0.40587032343749996 0.6061243890625 0.3911168515625 0.6451002124999999
2 0.3982203734375 0.6239177 0.3892043640625 0.621375796875 0.37062591718750004 0.6624698718750001 0.40395783593749995 0.6739084296875 0.41215420937499997 0.6510313156249999 0.3913900625 0.6467948140625001 0.3982203734375 0.6239177
2 0.31898876249999997 0.6031588375 0.341938609375 0.620528496875 0.37035270468750003 0.5900256796875001 0.34767607031250003 0.57392696875 0.31898876249999997 0.6031588375
5 0.3296440484375 0.5807053734375 0.2979514046875 0.6107845421875 0.31898876249999997 0.630272453125 0.3318297484375 0.61544469375 0.318169125 0.6035824875 0.3353815109375 0.5840945750000001 0.3296440484375 0.5807053734375
1 0.32855119843749997 0.55147350625 0.3165298515625 0.5332565453125 0.2780068953125 0.55062620625 0.2900282421875 0.57138506875 0.32855119843749997 0.55147350625
11 0.29931746718749996 0.5391876484375 0.29767819218749997 0.5324092453125 0.2577891734375 0.5535917578125 0.269264096875 0.5730796687499999 0.28511041875 0.5650303140624999 0.2771872578125 0.55147350625 0.29931746718749996 0.5391876484375
9 0.45786173281250003 0.5334826015624999 0.48870599531250003 0.5301346484375 0.486546896875 0.501916184375 0.45786173281250003 0.50167704375 0.45786173281250003 0.5334826015624999