0 0.6623518500000001 0.52722908125 0.6260897296875 0.5149819625000001 0.61330895 0.5370738421875 0.6527669296874999 0.5544528546875 0.6623518500000001 0.52722908125
9 0.676071159375 0.5349578593750001 0.66250945625 0.5294011125 0.6534213015625 0.5553950203125 0.6642951484374999 0.5606183484375 0.676071159375 0.5349578593750001
5 0.6745456734374999 0.5403650796874999 0.66452874375 0.562369309375 0.6750986171875 0.5692769156249999 0.6871490328125 0.5466639390625 0.6745456734374999 0.5403650796874999
9 0.5532780609375 0.58343925 0.5235005046875 0.5900773578125 0.5387775234375 0.63028658125 0.5689702359375 0.6198255031250001 0.5532780609375 0.58343925
6 0.5287523203125 0.6066571859375001 0.5165514015625 0.6103096609375 0.5315596328125001 0.6504855390625 0.5629090999999999 0.6427509328125 0.5588436078125001 0.62416578125 0.540238253125 0.6313287703125 0.5287523203125 0.6066571859375001
8 0.49285331406250005 0.5832622093750001 0.462282115625 0.576025990625 0.45236927031249996 0.612680003125 0.485283546875 0.6206373671875001 0.49285331406250005 0.5832622093750001
1 0.4574368765625 0.5922143078125 0.4485669453125 0.591114021875 0.4375493875 0.632366459375 0.47241553906249995 0.6371219781249999 0.4749177015625 0.620212515625 0.45433238125 0.6155064984374999 0.4574368765625 0.5922143078125
11 0.43592129999999996 0.6033212546875 0.42291106093749997 0.6464789859375 0.45766603124999994 0.65337319375 0.46216649218750006 0.63757260625 0.4375142 0.634084078125 0.4439088796875 0.6047425828125 0.43592129999999996 0.6033212546875
0 0.4141511359375 0.5808179171875001 0.3854502046875 0.5677867546875001 0.363944384375 0.604724684375 0.39483079062500004 0.6163049640625 0.4141511359375 0.5808179171875001
2 0.37473248125 0.5845380984374999 0.3663185140625 0.580911396875 0.3406697265625 0.6194878875 0.3714097640625 0.6349244781250001 0.38357697812499997 0.6131869828125 0.3639091953125 0.6064423031249999 0.37473248125 0.5845380984374999
2 0.353395809375 0.5474516640625 0.33397434062500003 0.52868364375 0.3005082953125 0.5542365375 0.31997056874999996 0.57430110625 0.353395809375 0.5474516640625
5 0.3150185875 0.5332201890625 0.278443915625 0.5592484625 0.2956447203125 0.581184984375 0.31093741874999997 0.568014621875 0.2996259453125 0.5545575796875 0.32005514218750003 0.537288925 0.3150185875 0.5332201890625
1 0.269613615625 0.49702263437500005 0.27771651249999996 0.5191220828125 0.3191869890625 0.5040330265625 0.3106281328125 0.48445999375 0.269613615625 0.49702263437500005
11 0.29263072343749996 0.48825442656250007 0.2922339046875 0.48131726406249997 0.24919151875 0.49750281718749995 0.2569848234375 0.5182723734375 0.27401826875 0.5122058859374999 0.268655271875 0.497764746875 0.29263072343749996 0.48825442656250007
9 0.483512234375 0.47405885000000003 0.45533473906250005 0.47032052812499997 0.449629534375 0.501932334375 0.480574590625 0.5023689046875 0.483512234375 0.47405885000000003