0 0.27187095625 0.7905611312499999 0.26182535156250003 0.7825150734374999 0.2786197015625 0.7630386515625001 0.264718990625 0.751405928125 0.21858979218750002 0.79057766875 0.2436001328125 0.816632303125 0.27187095625 0.7905611312499999
5 0.2645845359375 0.781553421875 0.28773111875 0.8021596531249999 0.32840575 0.7612561437500001 0.303675653125 0.74159104375 0.2645845359375 0.781553421875
8 0.340886921875 0.854214196875 0.32461891875000004 0.843536284375 0.3347351796875 0.82508991875 0.3168836640625 0.815353134375 0.28142435312499997 0.8716949296875001 0.317487375 0.8929891921875001 0.340886921875 0.854214196875
5 0.38797535 0.8049773312499999 0.3533841890625 0.7891383125 0.3273781015625 0.8425746343749999 0.36115358125 0.8602548671875001 0.38797535 0.8049773312499999
2 0.42352111875 0.878349515625 0.4008552671875 0.875091190625 0.4071483234375 0.851230621875 0.3884173265625 0.8469901265625 0.3712492734375 0.9103205609374999 0.414165834375 0.9205333203125001 0.42352111875 0.878349515625
6 0.4028466203125 0.8732294515625 0.4434437390625 0.8816557203125001 0.45507747343749994 0.82116235625 0.416407909375 0.8145294218749999 0.4028466203125 0.8732294515625
7 0.52668179375 0.8263069249999999 0.48747678906249997 0.8279047374999999 0.49039085312499997 0.8854037031249999 0.53271503125 0.88466493125 0.52668179375 0.8263069249999999
8 0.514264275 0.88681396875 0.48959112187500003 0.8863311515625 0.48798256562500003 0.8662624624999999 0.469108021875 0.8702458765625 0.47271016718750003 0.9332137656249999 0.517777578125 0.9324271109375 0.514264275 0.88681396875
5 0.5916946296875001 0.8050753546875 0.5555131015625 0.8130148203124999 0.5772698109375 0.8683579046875 0.616274321875 0.8558017187500001 0.5916946296875001 0.8050753546875
7 0.6004551499999999 0.864299246875 0.5768460203125 0.8701922812499999 0.569703146875 0.8529606640624999 0.5527242546875 0.8605649453125 0.581063353125 0.9203605828124999 0.618580053125 0.9032629171875 0.6004551499999999 0.864299246875
7 0.6416789328125 0.76949028125 0.6150394703125001 0.7918790171875 0.6546067015625 0.8368628375 0.6820777953125 0.8117191140625 0.6416789328125 0.76949028125
4 0.6708496625 0.82653093125 0.6549347921875001 0.8405110671875 0.6388103375 0.82160924375 0.6272700640625 0.8318590625000001 0.6706445515625 0.8831708515625 0.6985234859375 0.857106521875 0.6708496625 0.82653093125
11 0.73336536875 0.768803375 0.7224653265625001 0.787263425 0.691104990625 0.7658870765625 0.683515521875 0.7742409546875 0.7350149187499999 0.808968115625 0.7492414828125 0.7794881296875 0.73336536875 0.768803375
4 0.7176328062499999 0.7498947140625 0.70913195625 0.7655724140625 0.6801229625 0.744155025 0.673253475 0.7561502921875001 0.7225291265625 0.783608353125 0.736236203125 0.7614453515624999 0.7176328062499999 0.7498947140625
9 0.6791933953125 0.7076316765625 0.661111725 0.73352499375 0.708803865625 0.761924184375 0.7232468703125 0.7424888046875 0.6791933953125 0.7076316765625
3 0.4677566390625 0.6334427703125 0.4368291859375 0.632155634375 0.43498361875 0.6705544 0.4670867453125 0.6718210171875 0.4677566390625 0.6334427703125