0 0.28575731718749997 0.79554904375 0.2755681625 0.787325134375 0.292027565625 0.7681360109375001 0.27791950625 0.75625703125 0.232460203125 0.7946352765625 0.2579330890625 0.8211345421875 0.28575731718749997 0.79554904375
5 0.3417976640625 0.76722224375 0.3167166703125 0.747119353125 0.278311396875 0.786411365625 0.301824828125 0.8074280249999999 0.3417976640625 0.76722224375
8 0.3559057234375 0.8604265546875001 0.339446321875 0.8494613421875 0.349243584375 0.8311859875 0.3312166203125 0.8211345421875 0.2967302515625 0.8768743750000001 0.333176071875 0.8988048015625001 0.3559057234375 0.8604265546875001
5 0.3421895546875 0.8485475750000001 0.37628403125 0.8668229296875 0.40214880781250006 0.8119968640625 0.36727055000000003 0.79554904375 0.3421895546875 0.8485475750000001
2 0.4389865171875 0.8860120531250001 0.416256865625 0.8823569812500001 0.422135225 0.8585990203125 0.40332447812499994 0.85403018125 0.3872569671875 0.91708015625 0.4303649265625 0.92804536875 0.4389865171875 0.8860120531250001
6 0.4695539796875 0.8293584515625 0.430756815625 0.822048309375 0.41821631875 0.8805294453125001 0.4589729359375 0.8896671234375001 0.4695539796875 0.8293584515625
7 0.5059998 0.8942359625 0.548323978125 0.8942359625 0.5412699484375 0.8357548265625001 0.50208089375 0.8366685921875 0.5059998 0.8942359625
8 0.5299051218749999 0.896063496875 0.50521601875 0.8951497296875001 0.503256565625 0.8750468390625 0.4844458203125 0.878701909375 0.4891485078125 0.9417518843750001 0.53421591875 0.9417518843750001 0.5299051218749999 0.896063496875
5 0.592607609375 0.878701909375 0.631404771875 0.8668229296875 0.6059318874999999 0.815651934375 0.5698779578125001 0.8229620765625001 0.592607609375 0.878701909375
7 0.6157291500000001 0.8750468390625 0.59221571875 0.8805294453125001 0.5847697984375 0.863167859375 0.5679185046875 0.870478 0.5973102953125 0.9307866734375001 0.634539896875 0.9143388515625 0.6157291500000001 0.8750468390625
7 0.6694181546875 0.8485475750000001 0.6964586015625 0.82387584375 0.6553100953125 0.7809287609375 0.6290534296875 0.8028591859375 0.6694181546875 0.8485475750000001
4 0.6854856671875 0.838496128125 0.6698100453125 0.8522026453124999 0.6533506421874999 0.833013521875 0.6419858171875 0.8430649671875001 0.6862694484375 0.8951497296875001 0.7137017859375 0.8695642328125001 0.6854856671875 0.838496128125
11 0.74701248125 0.7818425265625 0.7364314359375 0.8001178828125 0.704688303125 0.77818745625 0.6972423828125 0.786411365625 0.749363825 0.822048309375 0.76307999375 0.792807740625 0.74701248125 0.7818425265625
4 0.7309449703124999 0.76265340625 0.72271526875 0.77818745625 0.6933234781250001 0.75625703125 0.6866613390625 0.7681360109375001 0.7364314359375 0.7964628109375 0.749755715625 0.7745323859375 0.7309449703124999 0.76265340625
9 0.722323378125 0.7745323859375 0.7364314359375 0.7553432625000001 0.691755915625 0.7197063203125 0.6741208421875 0.7452918171875 0.722323378125 0.7745323859375
3 0.44682432812500006 0.6783537484375 0.47895935312500004 0.6801812843749999 0.47895935312500004 0.6418030375 0.44800000000000006 0.639975503125 0.44682432812500006 0.6783537484375