0 0.34296279375 0.8011227109375 0.33203485 0.7933203203125 0.346664121875 0.7734766578125 0.3314873125 0.7621817171874999 0.28972140468749996 0.8023796125 0.3175942703125 0.8278202578125 0.34296279375 0.8011227109375
5 0.334685759375 0.79229560625 0.360093878125 0.8123378750000001 0.39621765625 0.770537303125 0.36933119531249997 0.7514718828125 0.334685759375 0.79229560625
8 0.4189664546875 0.8630915203124999 0.40152959375 0.8528053375000001 0.409599403125 0.83414594375 0.3906841984375 0.8248366078125 0.361478728125 0.8819352374999999 0.3998701484375 0.9023640046875 0.4189664546875 0.8630915203124999
5 0.4605782109375 0.8128184328125 0.4242606828125 0.7978039984375 0.4041805 0.8517806265625 0.43988647500000005 0.868653021875 0.4605782109375 0.8128184328125
2 0.5042099609374999 0.8852737046874999 0.4812000421875 0.8825470109375001 0.48485083125 0.8585690156249999 0.46566438750000005 0.85476974375 0.45550974218749996 0.9184226796875 0.499524759375 0.927623896875 0.5042099609374999 0.8852737046874999
6 0.48298416250000004 0.8806411828125 0.52448389375 0.8881120828125001 0.5294217999999999 0.8274215999999999 0.49004650312500003 0.821696975 0.48298416250000004 0.8806411828125
7 0.6015438578125 0.8308929515625 0.5625434125 0.8334015109375 0.5718119125000001 0.8907625687499999 0.6140242765624999 0.8890393921875 0.6015438578125 0.8308929515625
8 0.5958242375 0.8916153437500001 0.57111528125 0.8917075046875 0.5672892765625 0.8717007203125 0.5488685390625 0.8761186765625 0.5594292203125 0.9389259781250001 0.604377571875 0.9370911140624999 0.5958242375 0.8916153437500001
5 0.6641632421875 0.8081737546875001 0.6288851906249999 0.8169458515624999 0.6567445828125 0.8717150015625 0.6943332296875 0.8582660921875 0.6641632421875 0.8081737546875001
7 0.6794647265625 0.867121534375 0.6565238843750001 0.873557009375 0.64748114375 0.8565126765625 0.6313549968750001 0.864502959375 0.666284321875 0.923565996875 0.7018841546875 0.905615778125 0.6794647265625 0.867121534375
7 0.710178015625 0.7714684109375 0.6860326015625 0.79445003125 0.7305446156250001 0.8384579109375 0.75521650625 0.8127053 0.710178015625 0.7714684109375
4 0.7456338171875 0.8277604593750001 0.7312757859375 0.8420940578125 0.7130732171874999 0.82359064375 0.702674278125 0.8340966312500001 0.7516903953125 0.884336134375 0.7766680640625 0.85765454375 0.7456338171875 0.8277604593750001
11 0.80172321875 0.768647884375 0.7928716984374999 0.7873391890625 0.7591705390625 0.766718959375 0.752509996875 0.775239340625 0.8078118062499999 0.808725278125 0.8187692249999999 0.778950021875 0.80172321875 0.768647884375
4 0.7839115062500001 0.75012851875 0.77714988125 0.7659850125000001 0.7457938546875 0.7452690515625 0.7402553375 0.7574096234375001 0.7925313828125 0.7836870859375 0.803778578125 0.76123199375 0.7839115062500001 0.75012851875
9 0.7408272921875 0.70881185 0.72562100625 0.7350945546875 0.7764187125 0.7623488671875001 0.7887028500000001 0.7426009375 0.7408272921875 0.70881185
3 0.5213395328125 0.6396355921875 0.49029181250000003 0.639070015625 0.49269254531250006 0.6774649562499999 0.5249128296875 0.67798266875 0.5213395328125 0.6396355921875