1 0.20871393125 0.6919548718749999 0.20261296093749998 0.6801346328125 0.2145259671875 0.67147808125 0.20498000312500003 0.6575172796875 0.15489980781249998 0.69197296875 0.17478074999999998 0.712355453125 0.20871393125 0.6919548718749999
5 0.2657146734375 0.6731742406250001 0.24885365468749998 0.647307940625 0.20989745312500002 0.68064619375 0.2162262390625 0.7019755921875 0.2657146734375 0.6731742406250001
1 0.3444799953125 0.773637221875 0.31957603125 0.7661924140624999 0.3290303109375 0.745971403125 0.31223041406249996 0.742892978125 0.2830479921875 0.7997011875 0.32698276718749997 0.812279721875 0.3444799953125 0.773637221875
5 0.3782706375 0.72667716875 0.33794741250000004 0.7159998359374999 0.3250298390625 0.7621661953125 0.3626942390625 0.7789332796874999 0.3782706375 0.72667716875
5 0.43827330625 0.7811026828125 0.41118221562499996 0.7792001749999999 0.40996530781249996 0.761854428125 0.391415525 0.7652590984375001 0.38855694375 0.8215465671875 0.43636758750000004 0.8186276609375 0.43827330625 0.7811026828125
4 0.45637076875 0.73373096875 0.41037859687499995 0.728931990625 0.4138410421875 0.7731104281250001 0.45432728593749994 0.78223009375 0.45637076875 0.73373096875
2 0.60538439375 0.748902990625 0.5840127625 0.759955078125 0.5670679171875 0.73836658125 0.55488966875 0.74849516875 0.58728693125 0.796274703125 0.6246872828125001 0.7769335515625 0.60538439375 0.748902990625
12 0.5507751453124999 0.7105474093749999 0.584664840625 0.753724403125 0.6153928734375 0.740191146875 0.5845133 0.6972255421875 0.5507751453124999 0.7105474093749999
9 0.6895415015624999 0.7077395171875 0.675682546875 0.714611840625 0.6485409421874999 0.6938763796874999 0.637366065625 0.7040754312499999 0.6786054187499999 0.7446303265625 0.7017702640625 0.7164438828125 0.6895415015624999 0.7077395171875
10 0.630780996875 0.680076228125 0.67316148125 0.7097274437500001 0.6938557765625 0.69548955625 0.6553005109375001 0.6582613859374999 0.630780996875 0.680076228125
1 0.4360116890625 0.561267459375 0.40037929375000003 0.554057775 0.39630380781249996 0.5929994984375 0.4334286359375 0.5956066359375 0.4360116890625 0.561267459375