1 0.2233668296875 0.73773585 0.216043328125 0.72641509375 0.22702858125 0.7169811328125 0.216043328125 0.703773584375 0.16966114375000002 0.7415094343749999 0.1916316515625 0.760377359375 0.2233668296875 0.73773585
5 0.2233668296875 0.72641509375 0.23191091562500002 0.7471698109375 0.2782931 0.7150943390625 0.25876375937499996 0.6905660375 0.2233668296875 0.72641509375
1 0.367395715625 0.8094339625 0.34176345625 0.8037735843749999 0.3490869578125 0.7830188671875 0.3319987859375 0.7811320765625 0.30880769375 0.8396226406249999 0.35396929374999997 0.849056603125 0.367395715625 0.8094339625
5 0.3467859328125 0.799391859375 0.3861270625 0.8134258531249999 0.39621453125 0.76040854375 0.3548559078125 0.7526118828125 0.3467859328125 0.799391859375
5 0.46178308125 0.8103071890625 0.4345469140625 0.8103071890625 0.4315206734375 0.7931545296875 0.41336322968749994 0.797832528125 0.4163894703125 0.8539685015625 0.46380057656250007 0.847731171875 0.46178308125 0.8103071890625
4 0.436564409375 0.804069859375 0.47792303281250004 0.8103071890625 0.47489679218749997 0.761967878125 0.42849443281250005 0.76040854375 0.436564409375 0.804069859375
2 0.6252000828125001 0.766645875 0.60502514375 0.7791205359375 0.585858953125 0.7588492125 0.5747627359374999 0.769764540625 0.612086371875 0.8149851859374999 0.6473925140625 0.7931545296875 0.6252000828125001 0.766645875
12 0.6342788046875001 0.7572898796875001 0.5989726625 0.7167472312500001 0.5666927609375 0.7323405578125 0.60502514375 0.7728832062500001 0.6342788046875001 0.7572898796875001
9 0.7048910890625 0.7198658984375 0.6917773796875 0.7276625609375 0.6625237187499999 0.70895056875 0.6524362484374999 0.7198658984375 0.6978298609375 0.7572898796875001 0.7180048 0.7276625609375 0.7048910890625 0.7198658984375
10 0.7079173296875 0.7073912375 0.665549959375 0.67308591875 0.6433575265625 0.6964759078125 0.6887511374999999 0.7229845625 0.7079173296875 0.7073912375
1 0.4002495203125 0.626305940625 0.43757315625000004 0.626305940625 0.436564409375 0.5920006250000001 0.4002495203125 0.587322625 0.4002495203125 0.626305940625