1 0.24052719687500002 0.7364476265625 0.2326843921875 0.7257486453124999 0.24321954375 0.7154410515625 0.23163091875 0.7031577312499999 0.18705161406249998 0.7445869390625 0.20987771249999998 0.7616232734375 0.24052719687500002 0.7364476265625
5 0.2943442265625 0.7093831390625 0.27369345 0.686500253125 0.24000045937499997 0.72515216875 0.2495015546875 0.7451646171874999 0.2943442265625 0.7093831390625
1 0.38774585781250004 0.7962548171875 0.361876253125 0.79269475625 0.368226634375 0.7713899421875 0.351068021875 0.7708991468749999 0.33062195 0.831147846875 0.37617664687499996 0.83688245625 0.38774585781250004 0.7962548171875
5 0.4142543359375 0.7449917515625 0.3725749359375 0.74058104375 0.36668975625 0.7879137578125001 0.4066439234375 0.7987121796875 0.4142543359375 0.7449917515625
5 0.482078025 0.7894385374999999 0.45486950937500004 0.7916568374999999 0.451048253125 0.7747889875 0.43312690624999994 0.7809353984375 0.43876199375 0.83669945 0.48583475312499996 0.826614571875 0.482078025 0.7894385374999999
4 0.4929292671875 0.740139178125 0.44650146562500004 0.7423626546875 0.4565947421875 0.785269128125 0.498201590625 0.7881239890625 0.4929292671875 0.740139178125
2 0.6432976218750001 0.7325649875 0.6237235906249999 0.74665495625 0.603633665625 0.727989959375 0.5930565875 0.739784646875 0.6324463765624999 0.7818643468750001 0.666700928125 0.7572069 0.6432976218750001 0.7325649875
12 0.583253525 0.70310156875 0.623433378125 0.740431565625 0.65193180625 0.722490465625 0.6147751218749999 0.6849139906249999 0.583253525 0.70310156875
9 0.7207311187500001 0.6793989640625 0.707993490625 0.6882462734375 0.6778988890625001 0.671958715625 0.6683295328125001 0.683671246875 0.715418340625 0.7173144312499999 0.7341942828125 0.6861101328125 0.7207311187500001 0.6793989640625
10 0.6581717296875 0.6610729578125001 0.7047526609375 0.6838252078125 0.7231738609375 0.6667057015625 0.6792533296875 0.6359277328124999 0.6581717296875 0.6610729578125001
1 0.4467274875 0.57367379375 0.4102318078125 0.5719639796875 0.41204564218749995 0.6108601828125 0.44933138437500003 0.6078202890625 0.4467274875 0.57367379375