0 0.2466130046875 0.69116545 0.2369372609375 0.67952531875 0.1875661515625 0.7106908296875 0.207413834375 0.7365995078124999 0.2384258359375 0.713694734375 0.2302386671875 0.70355655625 0.2466130046875 0.69116545
3 0.28878932968750004 0.6847821515625 0.2788654890625 0.673517509375 0.23172724374999998 0.70355655625 0.256536846875 0.7332201140625 0.281842640625 0.7088133890625 0.2719188 0.6952958171875 0.28878932968750004 0.6847821515625
2 0.33940091875 0.6907899609375 0.3200494296875 0.6671342124999999 0.273655471875 0.6956713062500001 0.2915183859375 0.7204535203125 0.33940091875 0.6907899609375
4 0.3054117640625 0.74448475625 0.2905260015625 0.7347220671875 0.248349678125 0.7775277078125 0.27861739218750003 0.8015589453124999 0.30615605156250003 0.770768921875 0.289285521875 0.7640101375 0.3054117640625 0.74448475625
3 0.34237807187499997 0.725334865625 0.3277404046875 0.718200590625 0.2915183859375 0.7628836734375 0.32377086875 0.7824090531250001 0.3460995109375 0.7580023265625 0.3262518296875 0.7429828046875 0.34237807187499997 0.725334865625
0 0.39398204375 0.7212044953125 0.36793196250000004 0.70318106875 0.32798850156250003 0.7429828046875 0.36024098437499996 0.762508184375 0.39398204375 0.7212044953125
11 0.378600090625 0.7756502671875001 0.3647067140625 0.7718953859375 0.3359275734375 0.81770493125 0.3771115140625 0.834977384375 0.39323775625 0.7985550390625 0.373886265625 0.79254723125 0.378600090625 0.7756502671875001
12 0.37487865 0.7917962546874999 0.41432591875 0.8068157781249999 0.4346697921875 0.75274549375 0.393485853125 0.7411053640625 0.37487865 0.7917962546874999
10 0.48652186249999996 0.84549105 0.487018053125 0.8045628499999999 0.47932707656250007 0.8045628499999999 0.47486134843750005 0.818455909375 0.4649375078125 0.8274676218750001 0.4540212828125 0.8282185984374999 0.4403760015625 0.813199075 0.439879809375 0.8447400734375 0.48652186249999996 0.84549105
9 0.500663334375 0.7497415890625 0.457742721875 0.750492565625 0.45823891562499997 0.7696424578125 0.46865894687500004 0.7715198984375 0.4768461171875 0.780156125 0.47932707656250007 0.8034363843750001 0.5041366796875 0.803060896875 0.500663334375 0.7497415890625
8 0.553011596875 0.7718953859375 0.5286981859375001 0.7805316125 0.5485458671875 0.8391077515625 0.59295505625 0.8255901828125 0.5882412312499999 0.8094441937499999 0.5527635 0.8079422421875 0.553011596875 0.7718953859375
5 0.63711615 0.73622401875 0.6083370109375 0.756500375 0.652498103125 0.8008079671875 0.68351010625 0.7797806359375 0.666887671875 0.7617572078125 0.6361237656250001 0.7640101375 0.63711615 0.73622401875
0 0.6810291453125 0.6915409375 0.6720976890625 0.7028055796875 0.7249421421875 0.7335956015625 0.7415645765625001 0.7099398531250001 0.7259345265625 0.702054603125 0.717995453125 0.709564365625 0.6810291453125 0.6915409375
4 0.663414328125 0.6825292234375 0.7174992609374999 0.7080624140625 0.73064835 0.6956713062500001 0.70534255625 0.6720155578125 0.6783000890625 0.6592489625 0.663414328125 0.6825292234375
0 0.422696409375 0.6238288140625 0.44189542656249997 0.6238288140625 0.44264101875 0.5894114234375001 0.4238147984375 0.5888472046875 0.422696409375 0.6238288140625
1 0.44226822187500003 0.62326459375 0.461280840625 0.6243930328125 0.4603488484375 0.58997564375 0.44320021406250004 0.5891293140625 0.44226822187500003 0.62326459375
5 0.4620264328125 0.6235467046875 0.4970692984375 0.6235467046875 0.49464612187499996 0.5891293140625 0.46109444218749995 0.5902577531250001 0.4620264328125 0.6235467046875