0 0.300833225 0.7349589796875 0.28916520625 0.7247109640625 0.24639768125 0.762194615625 0.270708259375 0.7852300609375 0.2969559390625 0.758385465625 0.287029515625 0.749427734375 0.300833225 0.7349589796875
3 0.3411162953125 0.7230027765625 0.32927389375 0.7131601 0.288492990625 0.7492290890625 0.3183771140625 0.775324709375 0.3387366953125 0.7477526546875 0.3264771109375 0.7356765828125 0.3411162953125 0.7230027765625
2 0.32825402656249997 0.735817065625 0.3504047140625 0.758000671875 0.391986884375 0.7222045921875 0.368581315625 0.701336328125 0.32825402656249997 0.735817065625
4 0.3685137453125 0.7799695296875 0.35207121875 0.77227793125 0.3185325921875 0.8203406718749999 0.35273983124999997 0.8401244453125001 0.37411260625 0.8059264734375 0.356275025 0.8014775921874999 0.3685137453125 0.7799695296875
3 0.401310625 0.756052684375 0.385598721875 0.7509336015625 0.35826164375 0.8000629296874999 0.3935858171875 0.81511505625 0.4110184484375 0.7879402859375 0.3887242546875 0.7756995828125001 0.401310625 0.756052684375
0 0.3904316390625 0.7754678312500001 0.4257558125 0.79051995625 0.45127954218750005 0.74507179375 0.4223312984375 0.730680915625 0.3904316390625 0.7754678312500001
11 0.4462388828125 0.80109814375 0.43188449218749997 0.7992298328125 0.4120733703125 0.8484826359375001 0.4557612046875 0.8601095046875 0.46487105937499995 0.8218509828125 0.444733415625 0.8184776421875 0.4462388828125 0.80109814375
12 0.49712170625 0.77090970625 0.45447682812499995 0.7648663250000001 0.445570003125 0.8176007468750001 0.4871332703125 0.8272259703125 0.49712170625 0.77090970625
10 0.513926075 0.8300776484375 0.5192788 0.8614113812499999 0.56527336875 0.8559316625 0.558182384375 0.8152921203125001 0.550621103125 0.81631845 0.54880330625 0.8306869796875 0.54071554375 0.84094485 0.5301224640625 0.8431460390625001 0.513926075 0.8300776484375
9 0.5747342109375 0.8115187828125 0.5614461265624999 0.7591252875000001 0.5193883640625 0.7655973265625 0.5234222374999999 0.7845149625000001 0.534014203125 0.7849856171875 0.5436625078125 0.7924544171875 0.5504125125 0.81520175 0.5747342109375 0.8115187828125
8 0.6170139078125 0.7741013453125001 0.594709703125 0.7859072109375 0.62506941875 0.8413268703125001 0.666226625 0.8220002890625 0.658602484375 0.8066233359374999 0.6234449093750001 0.8098687609375 0.6170139078125 0.7741013453125001
5 0.6930947859375001 0.727515871875 0.6685556015625 0.7514568749999999 0.7201765671875 0.7894871828125 0.7467719015625 0.7645037515625 0.7270923218750001 0.7488547890625 0.6972643828125 0.7551934984375 0.6930947859375001 0.727515871875
0 0.7279931453125 0.6773602171875 0.721298215625 0.6897190546874999 0.77895301875 0.7131902390625 0.790914728125 0.6875214078125 0.7740881171875 0.681790290625 0.76767353125 0.690294375 0.7279931453125 0.6773602171875
4 0.7669075859375 0.6888716609375 0.7775404328125 0.6748333015625 0.748280971875 0.6547596140625 0.7193305 0.6457124140625 0.7090066453125 0.6707772640624999 0.7669075859375 0.6888716609375
0 0.4747134078125 0.6079281140624999 0.4561001828125 0.6098810671875 0.4614783125 0.6447086093750001 0.48035356875 0.6421465828125 0.4747134078125 0.6079281140624999
1 0.49222710000000003 0.6061244078125 0.475210934375 0.6075738281249999 0.48061559843749996 0.64153750625 0.49951655625 0.6401190062500001 0.49222710000000003 0.6061244078125
5 0.5257892859375 0.600708590625 0.4930123609375 0.6063045734375 0.5000928578125 0.6391805203125001 0.5345447796875 0.6345042000000001 0.5257892859375 0.600708590625