0 0.258428709375 0.7169061828125 0.2496093484375 0.7075651453125 0.2651587875 0.693694190625 0.2547577390625 0.6829949390625 0.20747758125 0.7186441234375 0.22894299375 0.7426156734375 0.258428709375 0.7169061828125
3 0.30144738125 0.7080030015625 0.29067865312499996 0.6954559671875 0.3068433765625 0.6834097156250001 0.2962187375 0.6731077187500001 0.2510949796875 0.7074266671875 0.2777526375 0.7346783515624999 0.30144738125 0.7080030015625
2 0.292435903125 0.6956685828125 0.31184843125 0.7187022515625 0.3577390171875 0.6846882359375 0.33691290625 0.6629155640625 0.292435903125 0.6956685828125
4 0.329675096875 0.7674797015625 0.312405696875 0.76231400625 0.3272512515625 0.741356846875 0.311770571875 0.7330131343749999 0.2724154140625 0.7795923640625 0.3041601578125 0.8007237046875 0.329675096875 0.7674797015625
3 0.3687229890625 0.75104200625 0.34795400625 0.73792146875 0.36291963437499997 0.7188351749999999 0.3478546609375 0.7130875890625 0.314562096875 0.760983771875 0.347999503125 0.7774404046875001 0.3687229890625 0.75104200625
0 0.349687240625 0.7377599125 0.383124646875 0.7542165437499999 0.4141572953125 0.7099187109375 0.387006071875 0.6943817812499999 0.349687240625 0.7377599125
11 0.41836151875 0.7870675359375 0.39866409687500004 0.782880984375 0.40228792812499997 0.7656046953125 0.38818190625 0.7631554265625 0.3623895296875 0.8114817390625 0.404596628125 0.8248624687499999 0.41836151875 0.7870675359375
12 0.45678174218749995 0.7375641625 0.41493486874999996 0.7297960265625 0.3996064875 0.78204031875 0.4399362625 0.7933375687499999 0.45678174218749995 0.7375641625
10 0.46634303125 0.7972751437500001 0.4678650578125 0.8287518140625 0.5144628171875001 0.8251611890625 0.51234041875 0.7843302015625 0.5046646640625 0.78504566875 0.5010963234375 0.79930549375 0.491768478125 0.8092088234375 0.4809218921875 0.810972675 0.46634303125 0.7972751437500001
9 0.504592621875 0.78392315 0.5293291 0.781241015625 0.5224525375 0.7284316 0.4796649125 0.733172721875 0.4813848765625 0.752209371875 0.4919043546875 0.753110890625 0.500627659375 0.7609552374999999 0.504592621875 0.78392315
8 0.613675421875 0.7797779578124999 0.57817185625 0.781581653125 0.5761140484375 0.7456379906249999 0.5524011046874999 0.7565057671875 0.575955796875 0.8130303453125001 0.6194125484375 0.795428875 0.613675421875 0.7797779578124999
5 0.6891163140625001 0.724941778125 0.6585573921875 0.7300486890625 0.6577707203125 0.7022675859375 0.63034534375 0.7251501515625 0.6772527609375001 0.7651943609375 0.7068585515625 0.741355734375 0.6891163140625001 0.724941778125
0 0.7442279453125 0.6599553593749999 0.73678488125 0.6681773625 0.6987390390625 0.6536559343749999 0.690545703125 0.665711984375 0.7452547625 0.6914781890625 0.7603313640625 0.666358971875 0.7442279453125 0.6599553593749999
4 0.72175555625 0.63193715 0.6939501156250001 0.6217309546875 0.6805827343749999 0.6463144421875 0.7361936124999999 0.6667268328125 0.7485241874999999 0.6531559109375 0.72175555625 0.63193715
0 0.4542909875 0.5740607109375 0.43546594687500007 0.575249815625 0.43658705781249996 0.610212925 0.455748071875 0.608426896875 0.4542909875 0.5740607109375
1 0.47199985 0.5729756484374999 0.4548310328125 0.5737275687500001 0.45608404374999995 0.607829975 0.47513119843749996 0.6071857734375 0.47199985 0.5729756484374999
5 0.50617510625 0.5689417109375 0.47276201249999994 0.573187409375 0.47582118749999996 0.60627305 0.5107946875 0.6030131171875001 0.50617510625 0.5689417109375