0 0.28912020781250003 0.7263702859375 0.27809129062500004 0.7150594234375001 0.23285875156250002 0.747974084375 0.2557299 0.7732088890625 0.2837364140625 0.7492028656249999 0.27436903125 0.739343078125 0.28912020781250003 0.7263702859375
3 0.33022926875 0.71850816875 0.3189997453125 0.7075817515625 0.2758474125 0.7392910578125 0.30410438125 0.7681101984375001 0.3262606140625 0.7428004953125 0.314756359375 0.72961943125 0.33022926875 0.71850816875
2 0.316526925 0.7299345140625 0.33728953281249996 0.754111359375 0.38122684218749997 0.722751815625 0.359123221875 0.6997543171875 0.316526925 0.7299345140625
4 0.3540182125 0.7776753765625 0.33804390156249997 0.7684254640625 0.3013763125 0.8127376890625 0.334367184375 0.83572946875 0.3579625890625 0.8039535687500001 0.3403834109375 0.7977792140625 0.3540182125 0.7776753765625
3 0.3883961359375 0.7572190109375 0.372988740625 0.7505908453125001 0.34246361875 0.7965738578125 0.3768762046875 0.8149869828125 0.3960756765625 0.7897813218749999 0.37453239374999997 0.7754439750000001 0.3883961359375 0.7572190109375
0 0.37625717187499996 0.7753832828125 0.41066975625 0.79379640625 0.43914300781250004 0.7512820671875 0.4110734984375 0.7341552828125 0.37625717187499996 0.7753832828125
11 0.43050571875 0.80630690625 0.4162496125 0.8030346984375001 0.3932537578125 0.849884921875 0.43626190156250005 0.8657312718749999 0.4478362234375 0.8287175890625 0.42788465468750003 0.8233814875000001 0.43050571875 0.80630690625
12 0.483398315625 0.78142518125 0.44107700000000005 0.7712154484375 0.428778665625 0.82259525625 0.46978730156250004 0.83624765 0.483398315625 0.78142518125
10 0.4964373734375 0.8417254312500001 0.4997908046875 0.873307815625 0.5462049890625 0.872429346875 0.5417068484375 0.831452603125 0.534068546875 0.831721384375 0.5313275734375 0.8457811 0.5225706203125 0.8551464953125001 0.5118207359375 0.8562795375000001 0.4964373734375 0.8417254312500001
9 0.558525078125 0.8293512546875 0.5485735703125 0.7761126828125 0.5060384921875001 0.7783641953125 0.5088664953125 0.797511346875 0.5194441046875 0.799026065625 0.528628334375 0.80738275625 0.53393118125 0.830594059375 0.558525078125 0.8293512546875
8 0.6032648234375 0.796453934375 0.5801710640625 0.8059464359374999 0.6070257984375 0.8638736046875 0.6494824546875 0.8487937453125 0.6428320140625 0.8328001828125 0.607414109375 0.8325369421875 0.6032648234375 0.796453934375
5 0.6824434609375001 0.7578161390625 0.6563339984375001 0.7791137078125 0.7055956671875 0.8219117640625001 0.733831125 0.7997846140625 0.7151246921875 0.7823283562500001 0.6848462140625 0.785658121875 0.6824434609375001 0.7578161390625
0 0.7206068859375 0.71156435 0.7131102515625 0.723149709375 0.7693474265625 0.752116428125 0.7829713500000001 0.7278617359374999 0.7664867921875 0.7205167046875001 0.759517859375 0.7283096421875 0.7206068859375 0.71156435
4 0.7588419125 0.7268238859375 0.7703899296875 0.7139638046875 0.7423727828125 0.69117439375 0.7139587203125 0.67934313125 0.7020137890625 0.70316135625 0.7588419125 0.7268238859375
0 0.4713974 0.6176880203125 0.45263131406249996 0.6177813000000001 0.4557863703125 0.6528286609375 0.474853896875 0.6521577062499999 0.4713974 0.6176880203125
1 0.489052753125 0.6176338296874999 0.47191836406250004 0.6173861546875 0.47515533593750003 0.6515800281249999 0.49417534375 0.652044884375 0.489052753125 0.6176338296874999
5 0.5230119265625001 0.6155882546875 0.48982764218749997 0.617890096875 0.49481262656249997 0.6511718546874999 0.5296154875 0.6499472 0.5230119265625001 0.6155882546875