0 0.2783297328125 0.7057447734375 0.2679849671875 0.69387280625 0.2204701046875 0.723905965625 0.24180835625000002 0.750291340625 0.27146068125 0.7280959828125 0.262690609375 0.7177614734375 0.2783297328125 0.7057447734375
3 0.3200981765625 0.7003401203124999 0.30952738125 0.6888380749999999 0.2641779015625 0.717796140625 0.290692296875 0.748054046875 0.3145559375 0.7242230109375 0.3038540375 0.710466778125 0.3200981765625 0.7003401203124999
2 0.305611059375 0.7108829203125 0.324900703125 0.7360949796875 0.37101567968750004 0.7075299453125 0.3503042984375 0.6834103140625001 0.305611059375 0.7108829203125
4 0.3401805375 0.760463196875 0.3247395078125 0.7503483890625 0.28509059375 0.7921957359375 0.31673062343749997 0.8169452859374999 0.3424537390625 0.7867793843750001 0.3252044609375 0.7796239375 0.3401805375 0.760463196875
3 0.3760005359375 0.7421634859374999 0.3609603421875 0.7346843375 0.32736984687500004 0.77854884375 0.360730721875 0.7988362390625 0.3816197828125 0.77493586875 0.36091520625 0.7594457343750001 0.3760005359375 0.7421634859374999
0 0.362650378125 0.7594861796875 0.39601125625 0.779773575 0.42731959374999995 0.7392325750000001 0.4002431640625 0.7205924140625 0.362650378125 0.7594861796875
11 0.41511928749999993 0.793350553125 0.4010193984375 0.789270021875 0.37493090625000003 0.83443495 0.417084425 0.8526761578125001 0.4310772140625 0.816609009375 0.41139281875 0.8101471828125 0.41511928749999993 0.793350553125
12 0.469807678125 0.771738746875 0.4279819234375 0.759133009375 0.4123406453125 0.809418896875 0.45262788593750003 0.8253654718749999 0.469807678125 0.771738746875
10 0.5174418140625 0.8246250500000001 0.513788421875 0.8384218750000001 0.50439756875 0.8472075140625 0.493534471875 0.8477046906249999 0.47902693906250005 0.8323589984374999 0.48036664375000004 0.8639060671875001 0.5270121265625 0.8657436765625001 0.52512615 0.824804159375 0.5174418140625 0.8246250500000001
9 0.49272958125 0.7700218875 0.4943397375 0.7891940375 0.5048600249999999 0.791315190625 0.5135426953125 0.800146909375 0.5173762625 0.82349795625 0.54214259375 0.8237000296874999 0.5355694328125 0.7702700375 0.49272958125 0.7700218875
8 0.5891616921875 0.7936553156249999 0.56537184375 0.8017301515625 0.5886111140625 0.860801240625 0.6321953296875 0.8483103328125001 0.6265459890625 0.83204554375 0.5910114875 0.8297165375000001 0.5891616921875 0.7936553156249999
5 0.6711178 0.7599226640625 0.643543453125 0.779540134375 0.6902448109375 0.8249009218750001 0.7200063921875001 0.8045840562500001 0.7023494718750001 0.7861634484375 0.6717432328124999 0.7877011984375 0.6711178 0.7599226640625
0 0.7123926328125 0.7162372687499999 0.7041244140625 0.7273002078124999 0.7587150046875 0.7593380921875 0.7739464859375 0.73605623125 0.7578710640625 0.727802578125 0.7503758609375 0.73513165 0.7123926328125 0.7162372687499999
4 0.7077867640625 0.68386369375 0.69426860625 0.7068103 0.7497926953125 0.7336173031250001 0.7622093546875 0.721525490625 0.735548809375 0.6972671953125 0.7077867640625 0.68386369375
0 0.468267109375 0.6084990359375 0.44942431093749996 0.607496071875 0.45034257499999997 0.642471184375 0.46952501562500004 0.642918296875 0.468267109375 0.6084990359375
1 0.485992484375 0.6094759578125 0.46880940468750004 0.6082297921875 0.46986465468749994 0.6423624421875 0.48892652343750004 0.643934284375 0.485992484375 0.6094759578125
5 0.5202108921875 0.609427878125 0.48675385000000004 0.6097755874999999 0.48962222187500004 0.643104846875 0.52463483125 0.643920934375 0.5202108921875 0.609427878125