0 0.2234212125 0.735289390625 0.2147027234375 0.7262231640625 0.23042767187500002 0.7119267125000001 0.22014189375 0.7015509421874999 0.1724041015625 0.738506603125 0.1936095984375 0.7618068859375 0.2234212125 0.735289390625
3 0.266582196875 0.7251517078124999 0.25594993125 0.712942446875 0.2722694625 0.7004492453125 0.2617552671875 0.6904764609375 0.21619130000000003 0.726041725 0.2425555046875 0.7524646703125 0.266582196875 0.7251517078124999
2 0.2577062796875 0.7131035140625 0.276867975 0.7355274796875 0.32319590625 0.700244240625 0.30260467343749997 0.6791199546875 0.2577062796875 0.7131035140625
4 0.294142559375 0.783691290625 0.2769178171875 0.7790381765625 0.292020778125 0.7576897890625001 0.276623375 0.7498127875 0.2366903984375 0.7974466171875 0.2682175375 0.8176130953125 0.294142559375 0.783691290625
3 0.3334169515625 0.7661493 0.3127821296875 0.753658653125 0.3279834828125 0.734173996875 0.3129719234375 0.728875975 0.279091646875 0.7776477796875 0.3123674109375 0.7930993843749999 0.3334169515625 0.7661493
0 0.3145188 0.7534469734375 0.347794565625 0.7688985796875001 0.379370990625 0.7237838890625 0.3523763421875 0.709067271875 0.3145188 0.7534469734375
11 0.3826804734375 0.8006602890625001 0.3630141265625 0.7970550656250001 0.3668424203125 0.7797069359375 0.3527522578125 0.7776729109375 0.32637389375 0.826655753125 0.3684630453125 0.838782246875 0.3826804734375 0.8006602890625001
12 0.4217117328125 0.7501352109375 0.379917759375 0.7435999078125 0.36396715468749996 0.7961886140625001 0.4042015640625 0.806290309375 0.4217117328125 0.7501352109375
10 0.4305861796875 0.8094518015625001 0.43174298125000005 0.8408229468749999 0.47842439062500003 0.8358833375 0.47677562656249994 0.7951935421874999 0.46908464843750003 0.796130978125 0.46534702499999997 0.8104669015624999 0.4558954703125 0.8206224000000001 0.44501860156250006 0.8226984484375001 0.4305861796875 0.8094518015625001
9 0.46902561406250004 0.795012740625 0.4938155375 0.7916160031249999 0.48754784687499997 0.7391094265625 0.44466659062499997 0.7450864234375 0.44616638750000004 0.7640359906249999 0.4566848125 0.76462964375 0.46532458749999994 0.7722048874999999 0.46902561406250004 0.795012740625
8 0.578254625 0.7877013578125001 0.5426981796875 0.7905346796875 0.541057140625 0.754720821875 0.517196334375 0.7662574921875 0.5401138624999999 0.8219866781249999 0.583814625 0.80315488125 0.578254625 0.7877013578125001
5 0.6544018953124999 0.7307765640625 0.6237560609374999 0.7367627890625 0.6232922359375 0.7090586234375 0.5955757359375 0.7326947359375 0.642058890625 0.7712960625 0.6719688984375 0.7466422984375 0.6544018953124999 0.7307765640625
0 0.7103198703125 0.6643128484374999 0.7027743656250001 0.672735446875 0.6648634906249999 0.659349384375 0.6565223890625 0.6716204015625 0.7109804796875 0.6957444734375 0.7263631671875 0.6702354015624999 0.7103198703125 0.6643128484374999
4 0.6881536203125 0.6370030812499999 0.660442084375 0.6276258640625 0.6467763890625 0.6525505125 0.7021994609375 0.6713049437499999 0.7146991578125 0.657401609375 0.6881536203125 0.6370030812499999
0 0.421122984375 0.587022315625 0.40226719375000003 0.58875690625 0.4029821125 0.623619375 0.42218113125 0.621279246875 0.421122984375 0.587022315625
1 0.43886038281250006 0.5854240468749999 0.42166739375000006 0.5866741078125 0.42252435468750005 0.6206737078125 0.4415961140625 0.6194764968750001 0.43886038281250006 0.5854240468749999
5 0.4731133015625 0.580403475 0.43962076093749997 0.5856132171875 0.44229735156250005 0.618545471875 0.4773402171875 0.6142741703125 0.4731133015625 0.580403475