0 0.19469600781250002 0.679830053125 0.186571428125 0.6672861078125 0.13353641249999998 0.6934354359375 0.14994247968750002 0.721189021875 0.183681496875 0.7014499796875 0.1768437828125 0.690548325 0.19469600781250002 0.679830053125
3 0.2374143921875 0.6776415484375 0.22899531875 0.6654469062499999 0.178322684375 0.6906953703125 0.1991783328125 0.72267721875 0.2274402640625 0.7008792578125 0.21930924531249998 0.6864417484375 0.2374143921875 0.6776415484375
2 0.220986621875 0.6869871125 0.23556484531250002 0.713423203125 0.2869289203125 0.688622075 0.2707277703125 0.6631603734375 0.220986621875 0.6869871125
4 0.246295346875 0.7387195484375 0.23275456249999998 0.7275300015624999 0.1853792921875 0.7659781999999999 0.2123777171875 0.7928920453125 0.24367415937499998 0.7649598609375 0.22777743125 0.7565647453125 0.246295346875 0.7387195484375
3 0.285469884375 0.7233068031250001 0.27183951875 0.7147584421875 0.2301398109375 0.755663878125 0.259686215625 0.77828805 0.28499034375 0.756195996875 0.267192015625 0.7392829421875 0.285469884375 0.7233068031250001
0 0.2689174 0.73945449375 0.2984638046875 0.7620786640625 0.33726659375 0.7242924546875 0.31369024375 0.7037762187500001 0.2689174 0.73945449375
11 0.31502327812500003 0.7769756203125 0.30170028437499996 0.7718650828125 0.26725105937500004 0.8146271796875 0.3059589328125 0.8358907578125001 0.326637259375 0.8012240546875 0.3081796765625 0.793331484375 0.31502327812500003 0.7769756203125
12 0.3736571515625 0.7597118453125 0.3342291421875 0.7440554374999999 0.30926162968750004 0.7926818921875001 0.3465321734375 0.8115310484375 0.3736571515625 0.7597118453125
10 0.41139895624999995 0.815709165625 0.4051859109375 0.8290990468749999 0.3941743453125 0.8370902125 0.38323304375 0.8367595031249999 0.37159680625 0.820459134375 0.367071071875 0.8518102671875001 0.41331398906250005 0.8571653140625 0.41903995 0.8164688999999999 0.41139895624999995 0.815709165625
9 0.396868190625 0.75974818125 0.3949126921875 0.778861571875 0.4050249609375 0.7817599468750001 0.4120547140625 0.79116635625 0.41154298437500003 0.8145877296874999 0.4362393640625 0.8166646765625 0.43960588906250003 0.76324036875 0.396868190625 0.75974818125
8 0.48878141093750005 0.7904663328125 0.4635217984375 0.7966622515624999 0.4757510671875 0.8569374156249999 0.5215999796874999 0.8478670671874999 0.5189811796875 0.8313275359375 0.48392605 0.826327709375 0.48878141093750005 0.7904663328125
5 0.576900253125 0.76326233125 0.54571565 0.7806052609374999 0.5839246703125001 0.8290773390625 0.6174236453125 0.8112073546874999 0.603213675 0.79162240625 0.5723616421875 0.7908263359375 0.576900253125 0.76326233125
0 0.6262409546875001 0.7231166296875 0.6159272687499999 0.73344869375 0.664491546875 0.7693213328125 0.6840305296875 0.74741323125 0.66951025 0.7380192171875 0.6606625875 0.7447112 0.6262409546875001 0.7231166296875
4 0.6276584203125 0.690699275 0.6098928328125 0.7124051203125 0.66036165625 0.743166940625 0.67500959375 0.73213006875 0.6528928328125 0.7060801859375 0.6276584203125 0.690699275
0 0.4024601375 0.5978945859375 0.3838284046875 0.5954731828125001 0.3782446078125 0.6301881 0.397318853125 0.6320846296875 0.4024601375 0.5978945859375
1 0.41998074687500003 0.6002055140625 0.40305176718749997 0.597668975 0.397761365625 0.6315597546875 0.4165061453125 0.6345612703125 0.41998074687500003 0.6002055140625
5 0.4541633390625 0.6027509359375001 0.420685425 0.6005600140625 0.4173551015625 0.633792371875 0.4521702296875 0.637254 0.4541633390625 0.6027509359375001