7 0.2102986 0.7594543093749999 0.2202556234375 0.7480325437500001 0.21567371406250002 0.74527540625 0.16468977812500002 0.7744071765625 0.19084039375 0.7878718515625 0.223439028125 0.766982934375 0.2102986 0.7594543093749999
0 0.21407985156249998 0.7590797984375001 0.23301278593750002 0.7708511312499999 0.27744945312499997 0.74156509375 0.2514941984375 0.73048928125 0.21407985156249998 0.7590797984375001
7 0.1933726046875 0.7988593703125 0.224925009375 0.81178903125 0.2549070890625 0.7855401093750001 0.24053684375 0.7829497109375 0.25468505625 0.769507359375 0.242950584375 0.7658531671875 0.1933726046875 0.7988593703125
0 0.3139744828125 0.762029615625 0.284778153125 0.7512748109375 0.2463485703125 0.7807686203124999 0.26791727656250003 0.7914761593749999 0.3139744828125 0.762029615625
0 0.3656511921875 0.7946399828125 0.351280946875 0.7920495875 0.35799689687499997 0.7809488296875 0.3331678953125 0.7769861 0.303967246875 0.8127904687499999 0.3482885828125 0.82204723125 0.3656511921875 0.7946399828125
12 0.41576935 0.7615802781250001 0.37791094062499997 0.758105296875 0.3555372578125 0.7908252859375 0.3914303125 0.796903134375 0.41576935 0.7615802781250001
10 0.519927746875 0.783373484375 0.496225 0.7865238375 0.4958535046875 0.7753223140625 0.473575934375 0.7759233015625 0.46799369375 0.81420483125 0.519915975 0.8098649703125 0.519927746875 0.783373484375
9 0.49758505625 0.7831781859375 0.5432856734375 0.7826654921875 0.5411559515625 0.7499642109375 0.49524075156249997 0.7545118421875 0.49758505625 0.7831781859375
4 0.680893571875 0.747362340625 0.6605621375 0.7517842609375001 0.65053254375 0.7423420515625 0.6287108124999999 0.7485170515624999 0.6582594125 0.7768971796875 0.7012324609375 0.7630081093750001 0.680893571875 0.747362340625
5 0.6704658078125 0.7130747203125 0.6477590765625 0.721745584375 0.663106115625 0.736280290625 0.653038078125 0.7396856828125 0.6598265999999999 0.7494489 0.703060125 0.738744978125 0.6704658078125 0.7130747203125
0 0.6354385296875 0.71092480625 0.5979975078125 0.7258714390625001 0.622964203125 0.7514944296875 0.657508971875 0.73442644375 0.6354385296875 0.71092480625
8 0.7766856718749999 0.7001460578125001 0.7652575749999999 0.706897103125 0.745700121875 0.7008067828125 0.7290004765625 0.7096854171875 0.7803056921875 0.731094259375 0.8087782546875 0.7130222171875 0.7766856718749999 0.7001460578125001
0 0.7644569171875 0.703765453125 0.79074954375 0.6923312187499999 0.744156475 0.6752720875 0.715358315625 0.6893626937499999 0.7644569171875 0.703765453125
9 0.4877445515625 0.6428711125000001 0.466677578125 0.6449576734375 0.46532497343749996 0.668371015625 0.48652218593749996 0.667877028125 0.4877445515625 0.6428711125000001
0 0.5072561078125 0.6417413453124999 0.48895514999999995 0.6443566859375001 0.4884875421875 0.6652741625 0.507999096875 0.6641443953125 0.5072561078125 0.6417413453124999
11 0.5478420890625 0.65859270625 0.543988265625 0.6381032421875 0.5084015843749999 0.6424306296875 0.5095545140625 0.6631876015625 0.5478420890625 0.65859270625