7 0.20573808124999998 0.696169103125 0.151962221875 0.7205033171874999 0.176410753125 0.7363748875 0.2110441171875 0.7185577703125 0.1988431265625 0.70982115 0.20997785625 0.6993472046875 0.20573808124999998 0.696169103125
0 0.2026343859375 0.7097990671875001 0.22011182499999998 0.7233091453125 0.26741165 0.6982119578125 0.24289329999999998 0.684742890625 0.2026343859375 0.7097990671875001
7 0.2402042109375 0.7400067906250001 0.2262387515625 0.7360846421875 0.2417528984375 0.7239837890625 0.2305187578125 0.71924503125 0.1777097484375 0.7475771078125 0.20757436562499998 0.7634171296875001 0.2402042109375 0.7400067906250001
0 0.3013764015625 0.7220350875 0.2736084 0.70858495 0.23224299531249998 0.73444826875 0.2524517484375 0.7471417421875 0.3013764015625 0.7220350875
0 0.34294695000000003 0.745013215625 0.318760746875 0.7387485046875 0.28585161718749996 0.7717688609375 0.3287846640625 0.7851306640625 0.349027328125 0.75939038125 0.335061871875 0.755468234375 0.34294695000000003 0.745013215625
12 0.402377946875 0.73105515 0.36521640781250003 0.7240653203125 0.33941801250000003 0.754642159375 0.374343296875 0.7640471109375 0.402377946875 0.73105515
10 0.4802828234375 0.7522202359375 0.4581234125 0.7507479140625 0.44836381875000003 0.7884376203125 0.5003349796875 0.7889355890624999 0.5032694421875 0.7624954296875 0.4794153859375 0.7634350750000001 0.4802828234375 0.7522202359375
9 0.481133303125 0.760222271875 0.5265120671875 0.7639614390625 0.528007890625 0.731124065625 0.48197115156250003 0.731392225 0.481133303125 0.760222271875
4 0.6373197546875 0.7336901265625 0.6149974296875 0.7378236484375 0.641170196875 0.7688984578125 0.6853197843750001 0.7590329015624999 0.6668754984375 0.7415249578124999 0.646224546875 0.7440473453124999 0.6373197546875 0.7336901265625
5 0.650458003125 0.728809403125 0.6400976171874999 0.73127185 0.6457527578125 0.741647996875 0.6898092515625 0.7349857765625 0.660317009375 0.7063324015625 0.6368416484375 0.7128747343749999 0.650458003125 0.728809403125
0 0.6258169687499999 0.70092846875 0.587036921875 0.7123641468749999 0.6089699140625 0.7402608546875 0.6451117375 0.726438446875 0.6258169687499999 0.70092846875
8 0.7362818703125 0.7010857171875 0.7187409296875 0.7083941828125 0.7672592953125 0.7345346359375 0.7974899703125 0.7191452625 0.7670837453125 0.703308396875 0.7550054390625001 0.7089836453125 0.7362818703125 0.7010857171875
0 0.7545569234375 0.705783459375 0.78189336875 0.6968165390625 0.73756823125 0.6754558546875 0.7074539234375 0.6868410546875 0.7545569234375 0.705783459375
9 0.48685427187499997 0.6192659125 0.46573153281249996 0.6193889515625 0.4618069484375 0.642632084375 0.482883140625 0.6441107140625 0.48685427187499997 0.6192659125
0 0.5063289109375 0.6199531734375 0.4878909421875 0.6208612718750001 0.4851193953125 0.6416955921875 0.504594034375 0.642382853125 0.5063289109375 0.6199531734375
11 0.544719625 0.6405477265624999 0.543158303125 0.6197386453125 0.50738885625 0.620747696875 0.5062421359375 0.641572553125 0.544719625 0.6405477265624999