7 0.2024528390625 0.7282765437500001 0.2132894140625 0.71787415 0.208954784375 0.7146734125 0.155855565625 0.7386789390625 0.1807796890625 0.754682621875 0.2149149 0.7370785703125 0.2024528390625 0.7282765437500001
0 0.2707232609375 0.717073965625 0.2457991390625 0.703470834375 0.20624563906249999 0.7282765437500001 0.22412598906249998 0.7418796750000001 0.2707232609375 0.717073965625
7 0.182405175 0.7658852015625001 0.2127475859375 0.7818888859375 0.24471548125 0.7586835437499999 0.230627934375 0.754682621875 0.2457991390625 0.742679859375 0.23442073593749999 0.7378787546875001 0.182405175 0.7658852015625001
0 0.23658805 0.753082253125 0.2571775421875 0.7658852015625001 0.30540030156250003 0.741079490625 0.27722520624999997 0.727476359375 0.23658805 0.753082253125
0 0.3541648890625 0.7786881484375 0.34007734218749996 0.774687228125 0.3476629453125 0.7642848328125 0.3232806515625 0.757883359375 0.2913127546875 0.7906909109375 0.3346590546875 0.8042940421875 0.3541648890625 0.7786881484375
12 0.344411971875 0.7738870437500001 0.379630840625 0.7834892531250001 0.406722278125 0.7506817015625 0.3693360953125 0.74348004375 0.344411971875 0.7738870437500001
10 0.508586084375 0.7826890703125 0.48474562031249996 0.7834892531250001 0.48528744843749994 0.7722866749999999 0.46307246874999997 0.77068630625 0.454403209375 0.8082949640624999 0.5064187687499999 0.809095146875 0.508586084375 0.7826890703125
9 0.53242655 0.7514818859375 0.4863711046875 0.7514818859375 0.4863711046875 0.7802885171875 0.5318847203125 0.7842894375 0.53242655 0.7514818859375
4 0.6716765390625 0.7626844640625 0.6510870468750001 0.7650850171875 0.6418759578125 0.754682621875 0.6196609796875 0.7586835437499999 0.646752415625 0.7898907265624999 0.6906405453125 0.7802885171875 0.6716765390625 0.7626844640625
5 0.6640909359375 0.727476359375 0.6407923 0.7338778328125 0.654879846875 0.7498815171875 0.6445851015625 0.7522820703125 0.6505452171874999 0.7626844640625 0.694433346875 0.756282990625 0.6640909359375 0.727476359375
0 0.6137008625 0.7610840953125 0.6494615609375 0.7474809640625 0.6294138968749999 0.7218750703125 0.5909440546875 0.73307765 0.6137008625 0.7610840953125
8 0.7708312015625001 0.7250758078125 0.75891096875 0.730677096875 0.7399469625 0.7226752546874999 0.7226084421875 0.7298769125 0.771914859375 0.756282990625 0.801715440625 0.741079490625 0.7708312015625001 0.7250758078125
0 0.740488790625 0.6970693609375 0.710688209375 0.7082719390625 0.7583691390625 0.727476359375 0.785460578125 0.718674334375 0.740488790625 0.6970693609375
9 0.46361429843749996 0.6626614421875 0.48474562031249996 0.664261809375 0.48799659218749997 0.6394561000000001 0.46686527031249997 0.6394561000000001 0.46361429843749996 0.6626614421875
0 0.486912934375 0.6618612578125 0.5064187687499999 0.6626614421875 0.5075024265625 0.640256284375 0.48908025000000005 0.64105646875 0.486912934375 0.6618612578125
11 0.508586084375 0.64105646875 0.50804425625 0.6618612578125 0.546514096875 0.6610610734375 0.5443467828124999 0.640256284375 0.508586084375 0.64105646875