7 0.2286606421875 0.7520560609375 0.17819038125 0.77972398125 0.20457336874999998 0.7939587312499999 0.2368040734375 0.774004253125 0.22353356875000002 0.76608815625 0.23329021249999998 0.7549483953125 0.2286606421875 0.7520560609375
0 0.22730789843750002 0.765823421875 0.2464443796875 0.7781536578125 0.29036534375 0.7501408484375001 0.264219396875 0.7383022609375 0.22730789843750002 0.765823421875
7 0.26859285625 0.7934896859375 0.2541788546875 0.7904793734375 0.26809099375 0.7774396171875 0.25629392968750003 0.7734414875 0.207297109375 0.8050273765625 0.2390719984375 0.8188839375000001 0.26859285625 0.7934896859375
0 0.327243875 0.771682071875 0.297862784375 0.7600703984375 0.2599519203125 0.7884659203125 0.2817053375 0.7998083406250001 0.327243875 0.771682071875
0 0.3715920546875 0.7918951062499999 0.34669640468749996 0.7872071953125 0.3181236890625 0.8221861046875001 0.3626021015625 0.8327388421874999 0.379484553125 0.805818265625 0.3650705515625 0.80280795625 0.3715920546875 0.7918951062499999
12 0.4290205625 0.7741945578125 0.391105340625 0.7696155828125 0.369305059375 0.80170668125 0.405300559375 0.8088330953125 0.4290205625 0.7741945578125
10 0.5093364515625 0.7902762703125 0.487071634375 0.7902294109375 0.48215816718750004 0.8283744296875 0.5339994234375001 0.825542515625 0.5335487828125001 0.7990334296875 0.5099034328125 0.8014961906250001 0.5093364515625 0.7902762703125
9 0.511204953125 0.7981878484375 0.556891978125 0.7990046515625 0.5541916703124999 0.7662192484375 0.5083605125 0.7694338734375 0.511204953125 0.7981878484375
4 0.6634241109375 0.7617746765625 0.6417123796875 0.7673188671875 0.67175335625 0.7965780515625001 0.7144796062500001 0.7839300484375 0.693869684375 0.767681840625 0.6736175 0.7715151312499999 0.6634241109375 0.7617746765625
5 0.675890596875 0.7560746890625001 0.6658830234375 0.7591894171875 0.6728412734375 0.7691567859374999 0.7158835703124999 0.759703665625 0.6828444874999999 0.7330675609374999 0.6602914125 0.7410835546875 0.675890596875 0.7560746890625001
0 0.6477832390625 0.7298969328125 0.6106069140625 0.743764190625 0.636018325 0.7701310421875001 0.6702616625 0.7540567140625 0.6477832390625 0.7298969328125
8 0.7578570234375 0.7229805578125 0.7413140515625 0.7313792625 0.79298775 0.754295534375 0.8211419718749999 0.7370397750000001 0.78882789375 0.7232210343750001 0.7775187984375 0.7296441046875 0.7578570234375 0.7229805578125
0 0.7766635578125001 0.7264870359375 0.802753928125 0.7158101453125 0.7558678234375 0.6973836484375 0.727318540625 0.7106458015625 0.7766635578125001 0.7264870359375
9 0.498916378125 0.6574994000000001 0.4778879640625 0.6589743453125 0.476944178125 0.6823641859375 0.49813061718749996 0.68248668125 0.498916378125 0.6574994000000001
0 0.51840623125 0.6569366343749999 0.5001527828125 0.65902120625 0.5000503390625 0.6799392421875 0.5195401921875 0.6793764765625 0.51840623125 0.6569366343749999
11 0.5592822328125 0.6749804187499999 0.55507115625 0.6543649359375 0.5195636234375 0.6576597171875 0.5210787515625 0.678464296875 0.5592822328125 0.6749804187499999