7 0.24615333593750002 0.7246999703125 0.194977309375 0.750544009375 0.22106102968750002 0.7656681046875 0.2537956578125 0.746883475 0.2406932875 0.7385217296875 0.25072120625 0.7277474828125 0.24615333593750002 0.7246999703125
0 0.24447838437499997 0.7383893625 0.2633511046875 0.7513601921874999 0.3079778796875 0.7249433734374999 0.2820756953125 0.7122183671875 0.24447838437499997 0.7383893625
7 0.285169509375 0.7674352625 0.270808021875 0.763928425 0.28504074375 0.7514035078125 0.27332238593749997 0.747002428125 0.2235303703125 0.77680713125 0.25502137343750003 0.79174213125 0.285169509375 0.7674352625
0 0.3443998203125 0.7477240625 0.3152532640625 0.735112515625 0.2766350078125 0.7621210265625 0.298150859375 0.7741976125 0.3443998203125 0.7477240625
0 0.38833144375 0.7694403234375 0.3635145859375 0.7638936796875 0.33409258125 0.7977969093749999 0.378379525 0.8098789906249999 0.39590938124999997 0.7836079515625001 0.38154789375 0.7801011156250001 0.38833144375 0.7694403234375
12 0.4462421234375 0.7537843390625001 0.4083872796875 0.7478918265625001 0.3858132078125 0.77915014375 0.42168667343750005 0.7875173828124999 0.4462421234375 0.7537843390625001
10 0.5262815125 0.772634265625 0.503990634375 0.7718101640625 0.49818300937500004 0.8096984640624999 0.5501534234375 0.8086828421875 0.5503194703125 0.7822172140625 0.5265879421874999 0.7838489296875 0.5262815125 0.772634265625
9 0.5279680796874999 0.7805934140625 0.5736918015625 0.7830034953125 0.5717515734374999 0.7501970203125 0.525789678125 0.75180433125 0.5279680796874999 0.7805934140625
4 0.6812207109374999 0.7495760765624999 0.6593534125 0.754349853125 0.6887497546875 0.784592546875 0.7318226046875 0.7734645140625 0.711565871875 0.75653301875 0.6911997359375001 0.7596506734374999 0.6812207109374999 0.7495760765624999
5 0.69383511875 0.7443240671875 0.68374281875 0.7470824390625 0.690477471875 0.7572704921875 0.733792365625 0.74934124375 0.7013331843749999 0.7216110953125 0.6785659640625 0.7288217796875001 0.69383511875 0.7443240671875
0 0.6663030046875 0.7172234296875 0.628758459375 0.7297617640625 0.6535869359375 0.756956946875 0.6882463046875 0.742114071875 0.6663030046875 0.7172234296875
8 0.7766720640625 0.714165578125 0.7599133640625 0.7219679546875 0.8111164984375 0.7466371781250001 0.839706834375 0.7304029140625 0.8076751062499999 0.7154868249999999 0.7962026640625 0.7215007124999999 0.7766720640625 0.714165578125
0 0.7954198890625 0.7183208343749999 0.8217906765625 0.70857869375 0.775276434375 0.6885563734375 0.7463835421875 0.700792153125 0.7954198890625 0.7183208343749999
9 0.5189402984375 0.639790059375 0.4978519 0.6405275328125 0.49636235468749995 0.6638321953124999 0.5175717765625001 0.6646941156249999 0.5189402984375 0.639790059375
0 0.5384670234375 0.6399090125 0.520142778125 0.641351634375 0.5195531546875001 0.6622193890625 0.5390798796875 0.6623383421875 0.5384670234375 0.6399090125
11 0.57897274375 0.6593396406250001 0.5752365421875 0.6386231640625 0.5396089921875 0.6406708906249999 0.5406415546875001 0.661481915625 0.57897274375 0.6593396406250001