7 0.2406932875 0.7274846078125 0.25072120625 0.7161618125 0.24615333593750002 0.713347184375 0.194977309375 0.7419284328125 0.22106102968750002 0.7557178359375001 0.2537956578125 0.73517754375 0.2406932875 0.7274846078125
0 0.24447838437499997 0.7271535890624999 0.2633511046875 0.739163040625 0.3079778796875 0.7103510187500001 0.2820756953125 0.698956315625 0.24447838437499997 0.7271535890624999
7 0.2235303703125 0.7667512359375 0.25502137343750003 0.78006775625 0.285169509375 0.7541289843750001 0.270808021875 0.7513673109375001 0.28504074375 0.7380697421875 0.27332238593749997 0.7342733984375001 0.2235303703125 0.7667512359375
0 0.3443998203125 0.7312715625 0.3152532640625 0.720160590625 0.2766350078125 0.7492506734375 0.298150859375 0.7602254515625 0.3443998203125 0.7312715625
0 0.39590938124999997 0.7645325781250001 0.38154789375 0.7617709078125 0.38833144375 0.7507318390625 0.3635145859375 0.746473946875 0.33409258125 0.7819915171875 0.378379525 0.79177841875 0.39590938124999997 0.7645325781250001
12 0.4462421234375 0.7320074515624999 0.4083872796875 0.72808624375 0.3858132078125 0.76059436875 0.42168667343750005 0.767099428125 0.4462421234375 0.7320074515624999
10 0.5503194703125 0.75504658125 0.5265879421874999 0.7579254984375 0.5262815125 0.7467029453125 0.503990634375 0.7470452984375 0.49818300937500004 0.785318871875 0.5501534234375 0.7815774281250001 0.5503194703125 0.75504658125
9 0.5279680796874999 0.7545907 0.5736918015625 0.75460965 0.5717515734374999 0.7218348015625 0.525789678125 0.7258543046875 0.5279680796874999 0.7545907
4 0.711565871875 0.720856971875 0.6911997359375001 0.7250486281249999 0.6812207109374999 0.715475496875 0.6593534125 0.721405484375 0.6887497546875 0.7501721625 0.7318226046875 0.7367630140625 0.711565871875 0.720856971875
5 0.7013331843749999 0.6863967468750001 0.6785659640625 0.694816009375 0.69383511875 0.709551178125 0.68374281875 0.71284435625 0.690477471875 0.7227012171875 0.733792365625 0.7124849984375 0.7013331843749999 0.6863967468750001
0 0.6663030046875 0.683835565625 0.628758459375 0.6983683015625 0.6535869359375 0.724320353125 0.6882463046875 0.7076293609375 0.6663030046875 0.683835565625
8 0.8076751062499999 0.6746862546875 0.7962026640625 0.6813142296875 0.7766720640625 0.6749869875 0.7599133640625 0.6836843125 0.8111164984375 0.705722771875 0.839706834375 0.687955484375 0.8076751062499999 0.6746862546875
0 0.7954198890625 0.678168584375 0.8217906765625 0.66702360625 0.775276434375 0.6493962375 0.7463835421875 0.6631723578125001 0.7954198890625 0.678168584375
9 0.5189402984375 0.6139597921875 0.4978519 0.6158040375 0.49636235468749995 0.6392365296875 0.5175717765625001 0.6389887515625 0.5189402984375 0.6139597921875
0 0.5384670234375 0.613055646875 0.520142778125 0.6154616828125 0.5195531546875001 0.6364048999999999 0.5390798796875 0.6355007546875 0.5384670234375 0.613055646875
11 0.57897274375 0.630404953125 0.5752365421875 0.60984004375 0.5396089921875 0.6137593046875 0.5406415546875001 0.63456065625 0.57897274375 0.630404953125