7 0.17809376875 0.7398854265625 0.12476556718750001 0.764225821875 0.1496382453125 0.780101425 0.18393331562499998 0.7622797828125 0.1715016421875 0.75354094375 0.1824170171875 0.7430643359375 0.17809376875 0.7398854265625
0 0.1753008046875 0.753518853125 0.1931318796875 0.7670323640625 0.23995188750000002 0.7419287999999999 0.21506522343749998 0.7284563125 0.1753008046875 0.753518853125
7 0.21365799062500002 0.7837342515625 0.1995701234375 0.77981110625 0.2148367296875 0.767707178125 0.203467215625 0.76296721875 0.15120117500000002 0.7913064921874999 0.1815012296875 0.8071505390624999 0.21365799062500002 0.7837342515625
0 0.2745472140625 0.7657579812499999 0.246404121875 0.7523044265625 0.205549565625 0.77817431875 0.226098990625 0.790871015625 0.2745472140625 0.7657579812499999
0 0.3167455328125 0.7887419484375 0.2923596359375 0.782475646875 0.2601469171875 0.8155043890625 0.30348666875 0.8288695859375 0.32317445 0.803122765625 0.3090865828125 0.7991996234375 0.3167455328125 0.7887419484375
12 0.3759832265625 0.7747803359375001 0.3385762875 0.76778873125 0.31343314843750003 0.7983733390625 0.348655146875 0.8077806796875 0.3759832265625 0.7747803359375001
10 0.45455430625000004 0.7959507984374999 0.4323113796875 0.794478103125 0.4234084078125 0.8321773828125 0.475506575 0.8326754812500001 0.47783140937499996 0.8062286015625 0.453946284375 0.8071684875 0.45455430625000004 0.7959507984374999
9 0.4555931484375 0.80395486875 0.501159809375 0.8076949843750001 0.5018937375 0.7748492687499999 0.455761021875 0.775117496875 0.4555931484375 0.80395486875
4 0.6115081203125 0.7774159828125 0.58923255625 0.7815505546875 0.61618758125 0.8126332578125 0.6602053031249999 0.8027651953125 0.64131206875 0.785252803125 0.62067404375 0.7877758328125 0.6115081203125 0.7774159828125
5 0.6245618078125 0.7725340187499999 0.6142358 0.774997090625 0.62014529375 0.7853758734375 0.6641443625 0.7787119625 0.63391891875 0.7500513062499999 0.6105438875 0.7565953046875 0.6245618078125 0.7725340187499999
0 0.5992163421875001 0.7446460015625 0.560616671875 0.756084584375 0.5832484499999999 0.7839883796875 0.61914841875 0.7701624609375 0.5992163421875001 0.7446460015625
8 0.709930190625 0.744803290625 0.6925206140625 0.7521136125 0.7417558703125 0.77826070625 0.7716950484375 0.7628674234374999 0.74085225625 0.747026534375 0.7288793828125 0.7527032250000001 0.709930190625 0.744803290625
0 0.728355296875 0.749502228125 0.755543484375 0.740533028125 0.7106221484375 0.719166915625 0.6807062859374999 0.7305550078125 0.728355296875 0.749502228125
9 0.4580420765625 0.6629627 0.4368753015625 0.66308576875 0.43348364375 0.6863348078125 0.45464109375 0.6878138125000001 0.4580420765625 0.6629627
0 0.477575975 0.6636501359375 0.4591182265625 0.6645584640625 0.45682603125 0.6853980765625 0.4763599296875 0.6860855124999999 0.477575975 0.6636501359375
11 0.5165318546875 0.68424991875 0.5144821453125 0.663435553125 0.47865678593750005 0.6644448625 0.4779928078125 0.68527500625 0.5165318546875 0.68424991875