11 0.4154692921875 0.5820984515625 0.362083140625 0.5570273453125 0.33839644375 0.6721971296875 0.392011203125 0.7021740624999999 0.4154692921875 0.5820984515625
5 0.35125395937500004 0.602674428125 0.3334875234375 0.592130184375 0.3043937984375 0.7092224640625 0.35992875468749996 0.73827918125 0.3711495953125 0.6926115828125 0.336906009375 0.6739144687499999 0.35125395937500004 0.602674428125
0 0.5368730625 0.583935515625 0.4818014921875 0.5900987625 0.49092733906249997 0.7101068578125 0.5456834515625 0.7055994 0.5368730625 0.583935515625
8 0.48354351093750003 0.6359069859375001 0.46505931875 0.6352359437499999 0.47068768437499997 0.7644432078125 0.5301437124999999 0.759689565625 0.5270743078125 0.7106723359375 0.4911178453125 0.71419504375 0.48354351093750003 0.6359069859375001
9 0.64363134375 0.5242475859375 0.597372953125 0.55945599375 0.642667059375 0.66363578125 0.687282609375 0.6268741624999999 0.64363134375 0.5242475859375
6 0.6134920671875 0.602052225 0.596955525 0.609475496875 0.6383985953125 0.7236926078125 0.6890520859375 0.681696915625 0.6719103984375 0.6424327796875 0.6439563421875001 0.6660271468750001 0.6134920671875 0.602052225
1 0.7124048265625 0.4919579828125 0.7028206609375001 0.5137704796875 0.7698510203125 0.587304896875 0.7987559265625 0.5251379484375 0.772633528125 0.49536020000000003 0.757392434375 0.5305831484375 0.7124048265625 0.4919579828125
4 0.6953880890625 0.4469498640625 0.6884312328125 0.4661658421875 0.7567721656249999 0.5256978375 0.78046055 0.46954157500000004 0.75742268125 0.4469789546875 0.7437863265625 0.48293748125 0.6953880890625 0.4469498640625
12 0.6985516125 0.3631815453125 0.6730954375 0.4235285765625 0.7436720218749999 0.4804845703125 0.7654402109375 0.42524851874999997 0.6985516125 0.3631815453125
3 0.7927022765625 0.36152835781250003 0.793932165625 0.3794958703125 0.8680381640625001 0.4026620171875 0.8688791874999999 0.3280313171875 0.8395915796875 0.3230083703125 0.8397669640625001 0.3688986546875 0.7927022765625 0.36152835781250003
7 0.766416828125 0.33667695000000003 0.7673312625 0.3563002546875 0.8387550359375 0.3640338609375 0.8382961296874999 0.2952086890625 0.8110049203124999 0.2909008 0.8130898562500001 0.3440677640625 0.766416828125 0.33667695000000003
7 0.7399089359375 0.3323280296875 0.8105493921875 0.34010266875 0.8097369296875 0.27211565000000004 0.737453634375 0.2627878 0.7399089359375 0.3323280296875
1 0.44002219374999996 0.1316532171875 0.39232659375 0.1275945 0.391110725 0.2194571359375 0.44131933125 0.2184664171875 0.44002219374999996 0.1316532171875
2 0.4948545125 0.1287810359375 0.44856249843749996 0.1295665984375 0.450757259375 0.21879168125 0.49960038124999995 0.21377432187499998 0.4948545125 0.1287810359375