11 0.4081137328125 0.5738452625 0.3582194890625 0.5424384437499999 0.32068715000000003 0.6539453296875 0.370210125 0.6902527421875 0.4081137328125 0.5738452625
5 0.3419144046875 0.58645816875 0.325578321875 0.5738203000000001 0.28244874062499997 0.686577896875 0.3339884078125 0.722205265625 0.3506844578125 0.6782128875 0.318999540625 0.655469484375 0.3419144046875 0.58645816875
0 0.5283025671875 0.590462328125 0.47292924843749995 0.5898738328124999 0.46735182656249996 0.7101844265625 0.5222104234375 0.7123791078124999 0.5283025671875 0.590462328125
8 0.46907310625000004 0.6355853421875 0.450821596875 0.6326666265625 0.44065388125 0.761688196875 0.5002040390625 0.7642110093750001 0.5031348015625 0.71515040625 0.46704243593749994 0.7142682515625001 0.46907310625000004 0.6355853421875
9 0.6414652484375 0.5441849015625 0.5912926140625 0.5735195 0.6235176609375 0.6825154546875 0.6722501953125 0.6514379484374999 0.6414652484375 0.5441849015625
6 0.602087746875 0.6177924546875 0.5847813046875 0.6231507703125 0.6119632171875 0.74164711875 0.66732243125 0.706106534375 0.6551068984375 0.6650186062500001 0.624504915625 0.6850477828125 0.602087746875 0.6177924546875
1 0.7136133890624999 0.5204927625 0.7014485515625 0.5409903593750001 0.7589680359375001 0.622196084375 0.7952150359375 0.5639703484374999 0.7729357265625 0.531210571875 0.7535254265625 0.5643389046875 0.7136133890624999 0.5204927625
4 0.7022219656249999 0.47371481875 0.692979503125 0.491953534375 0.7535057328125 0.55941096875 0.7838461015625 0.5065197703125001 0.76374663125 0.4813022921875 0.7458383078125 0.5153567703124999 0.7022219656249999 0.47371481875
12 0.7155708749999999 0.39089696093750004 0.6829662984375 0.447735265625 0.7460239421875 0.5129064734375001 0.7743476171875 0.46069531875 0.7155708749999999 0.39089696093750004
3 0.8091545203124999 0.40072667187500005 0.8081841624999999 0.4187228546875 0.8788613312500001 0.45076216249999995 0.888792840625 0.376737309375 0.8603565906249999 0.3681797046875 0.8549365984374999 0.4137818375 0.8091545203124999 0.40072667187500005
7 0.7861129796874999 0.3728401453125 0.784627903125 0.3924425125 0.8545259406250001 0.4088265578125 0.86246045 0.3404096859375 0.8359171375000001 0.3328055671875 0.8315040937499999 0.3858679671875 0.7861129796874999 0.3728401453125
7 0.7603515953125 0.3652907140625 0.8294677078125 0.381620071875 0.8369493718750001 0.31399262031249997 0.766393165625 0.2959203578125 0.7603515953125 0.3652907140625
1 0.487374690625 0.12942984375 0.44056317500000003 0.1195870515625 0.4281593359375 0.2106819421875 0.478078865625 0.21581555312499998 0.487374690625 0.12942984375
2 0.542109534375 0.13325805625 0.49609963749999997 0.1283978890625 0.48740010156249997 0.21728858281250002 0.53645613125 0.218256334375 0.542109534375 0.13325805625