11 0.42540358749999996 0.5826317515625 0.3741273859375 0.551200990625 0.34183925937500004 0.6627928828125 0.3929726578125 0.6991279734375 0.42540358749999996 0.5826317515625
5 0.359894909375 0.5952542734375 0.3429968484375 0.5826067703125 0.3051784453125 0.695450328125 0.3582937421875 0.73110485625 0.3729178421875 0.6870789390625001 0.3402251796875 0.6643182000000001 0.359894909375 0.5952542734375
0 0.5461760640625 0.599261484375 0.4908624875 0.5986725421875 0.490888390625 0.7190748515625 0.5457627453125 0.7212712078125 0.5461760640625 0.599261484375
8 0.48913803749999996 0.6444188984375 0.470779515625 0.6414979578125 0.4666274140625 0.7706178859375 0.526201209375 0.773142621875 0.526846 0.724044615625 0.49076938906249995 0.7231617890625001 0.48913803749999996 0.6444188984375
9 0.6570087890625 0.552948778125 0.6082791671875001 0.5823057406250001 0.64552193125 0.6913847859375 0.6927326734375 0.660283590625 0.6570087890625 0.552948778125
6 0.62111605 0.6266124468750001 0.6040859984375 0.631974846875 0.636735340625 0.7505615296875 0.6903547984375 0.71499385 0.6762478578125 0.6738746 0.6466253890625 0.6939190453124999 0.62111605 0.6266124468750001
1 0.7279417296874999 0.5292385796875 0.716749184375 0.549751803125 0.777954328125 0.6310194328125001 0.811436759375 0.5727493109374999 0.7876691359375 0.539964559375 0.76982986875 0.573118146875 0.7279417296874999 0.5292385796875
4 0.7143930093749999 0.4824249765625 0.706013203125 0.5006775953125 0.769581053125 0.5681864546875001 0.79741420625 0.5152549359374999 0.7761737171875 0.4900182328125 0.7598771296875 0.524098671875 0.7143930093749999 0.4824249765625
12 0.723869815625 0.3995439828125 0.6939595609375 0.45642561718749997 0.75994853125 0.5216465078125 0.785799784375 0.46939554843750003 0.723869815625 0.3995439828125
3 0.8177633375 0.4093811875 0.8176313437499999 0.42739108750000004 0.889687190625 0.4594548203125 0.8961608515625 0.3853735359375 0.8673714 0.3768094078125 0.8640804734374999 0.4224463046875 0.8177633375 0.4093811875
7 0.79346129375 0.3814734 0.7928900796875 0.4010907125 0.8634400359375001 0.41748724531250003 0.8681806171875 0.3490182171875 0.8413254609375 0.34140830312500003 0.8393868109374999 0.39451115312499996 0.79346129375 0.3814734
7 0.7673893781250001 0.37391821406250003 0.8371560953125 0.390260021875 0.841481253125 0.32258101250000004 0.7701956609375 0.3044949734375 0.7673893781250001 0.37391821406250003
1 0.48387414375000004 0.1378775390625 0.43667856718750003 0.12802724375000002 0.42853023593749995 0.2191915796875 0.47860995468749995 0.224329103125 0.48387414375000004 0.1378775390625
2 0.5387009015625 0.141708671875 0.49253737812500004 0.136844796875 0.4879850265625 0.22580325625 0.5370088875000001 0.2267717453125 0.5387009015625 0.141708671875