11 0.451756878125 0.552550809375 0.40184995937499995 0.5185874390625 0.36430808593749997 0.6279449109375 0.4138436421875 0.666781253125 0.451756878125 0.552550809375
5 0.3855407328125 0.5616808015625 0.3692004984375 0.5482098265625 0.32605996249999997 0.658523215625 0.3776127234375 0.6967861140625 0.3943130140625 0.65374049375 0.3626200484375 0.6293782625000001 0.3855407328125 0.5616808015625
0 0.5719762453125 0.5754251375 0.516588859375 0.571941965625 0.5110100234375 0.6917594359375 0.5658825546874999 0.6968191890625001 0.5719762453125 0.5754251375
8 0.5127317390624999 0.6173752796875001 0.49447559218750003 0.61350701875 0.48430529218749996 0.741780834375 0.5438705796875001 0.7474135078125 0.5468020874999999 0.6985883140625 0.510700553125 0.69582024375 0.5127317390624999 0.6173752796875001
9 0.685167675 0.5351428687500001 0.6349822953125 0.561804646875 0.6672155265625 0.6723032453125 0.7159604421875 0.643826171875 0.685167675 0.5351428687500001
6 0.64578016875 0.6065679796875 0.62846933125 0.6110123093750001 0.65565815 0.730731671875 0.7110314265625 0.6981455234375 0.698812790625 0.65648760625 0.6682030343750001 0.6748829609375 0.64578016875 0.6065679796875
1 0.75733414375 0.5152632781250001 0.7451662156250001 0.5350904109375 0.8027003140625 0.6191680484375001 0.838956521875 0.5629352937500001 0.8166715515625 0.5290653109375001 0.7972563218750001 0.5611231375 0.75733414375 0.5152632781250001
4 0.7459398265625 0.46796796875 0.7366950171875 0.485692821875 0.797236621875 0.5562024234375 0.8275846984375 0.5049863953125 0.8074801234375 0.478760071875 0.7895672499999999 0.5118210375000001 0.7459398265625 0.46796796875
12 0.759292128125 0.38598685 0.72667926875 0.441024971875 0.78975293125 0.5093845531250001 0.8180837999999999 0.4587419671875 0.759292128125 0.38598685
3 0.852899546875 0.40069391249999997 0.85192894375 0.418609215625 0.9226240671875001 0.454290828125 0.9325580984374999 0.38090928281249997 0.9041146250000001 0.37087897812500004 0.8986932578125 0.41612131874999997 0.852899546875 0.40069391249999997
7 0.8298521515624999 0.371649159375 0.8283666999999999 0.39114104375 0.89828249375 0.41115286093750003 0.9062190187500001 0.3432654765625 0.8796689640625001 0.33428605 0.8752548000000001 0.3870288234375 0.8298521515624999 0.371649159375
7 0.8040842234375001 0.36276521875 0.87321789375 0.38268155312499996 0.8807014625 0.31555858593749997 0.8101273296875 0.29382695625 0.8040842234375001 0.36276521875
1 0.531037971875 0.1130243953125 0.484214565625 0.1007501484375 0.471807575 0.1910438609375 0.521739784375 0.198779340625 0.531037971875 0.1130243953125
2 0.5857867203125 0.119708471875 0.5397651359375 0.1124504265625 0.531063390625 0.20073734375000002 0.58013188125 0.204268784375 0.5857867203125 0.119708471875