11 0.45927629843749995 0.5823753578125 0.404766790625 0.5551400328125 0.38645891250000003 0.6693025687499999 0.4414251421875 0.7014512015625 0.45927629843749995 0.5823753578125
5 0.3960706515625 0.6003292265625 0.3778279578125 0.5890655703125 0.35420690781249997 0.70492974375 0.41104894999999997 0.7362366828125 0.4201354765625 0.691042928125 0.38504960625 0.6709585859375 0.3960706515625 0.6003292265625
0 0.5806669531249999 0.5891545453125 0.525926928125 0.5930733265625 0.5406300984375 0.7134082937499999 0.5951319796875 0.7111318453125001 0.5806669531249999 0.5891545453125
8 0.5297992796875 0.6389354218750001 0.511298871875 0.63751206875 0.5229355 0.7669003859375 0.5821220203124999 0.764569190625 0.576774025 0.71544524375 0.5410107015625 0.7175027140625 0.5297992796875 0.6389354218750001
9 0.6845608671875001 0.5338353671875 0.6399785171875 0.567147315625 0.6900839828125 0.673132415625 0.7329525421875001 0.6382009484375 0.6845608671875001 0.5338353671875
6 0.6580668125 0.6103839609375 0.6418891515625 0.617131203125 0.6886138093749999 0.7329931000000001 0.73727183125 0.6930753375 0.718316859375 0.6531279140625 0.691483503125 0.6755753828125 0.6580668125 0.6103839609375
1 0.75177585 0.5043578140625 0.7432145421875 0.5257719828125 0.8136124828125 0.6020080859375 0.8396008890625 0.5410411093749999 0.812113959375 0.5102109015625 0.7985243921875 0.5448002171875 0.75177585 0.5043578140625
4 0.7326784203125001 0.45867363437500003 0.7266214578125 0.47759921875 0.7976772828125 0.5398914718750001 0.8187331203125 0.4847205546875 0.7946639828125 0.46122837656250004 0.7827120812499999 0.49661833125 0.7326784203125001 0.45867363437500003
12 0.7319411031249999 0.375065296875 0.709313934375 0.434353446875 0.7824837203125 0.49416167812499995 0.8016637453125 0.4398324546875 0.7319411031249999 0.375065296875
3 0.8259383625 0.3772459546875 0.828003396875 0.3952568546875 0.903127271875 0.4214315109375 0.900494575 0.3468628359375 0.8709970046875 0.3406493484375 0.8733078125 0.38652969062500003 0.8259383625 0.3772459546875
7 0.7985177703125 0.35133361875 0.8003446593750001 0.37098684843749996 0.872070315625 0.38162550781250004 0.8684089109375 0.312807275 0.8409393953125001 0.3073898609375 0.84549683125 0.3606219171875 0.7985177703125 0.35133361875
7 0.771829028125 0.3459070796875 0.8427739109375001 0.35655486718749996 0.838798240625 0.2885600765625 0.7661395703125 0.27629277343749997 0.771829028125 0.3459070796875
1 0.462847184375 0.1330974484375 0.415001446875 0.127098371875 0.41806151406250003 0.218877309375 0.4681832375 0.2199311421875 0.462847184375 0.1330974484375
2 0.5175013078124999 0.1324587671875 0.4712834484375 0.1313593140625 0.47762863749999995 0.2206405390625 0.526198596875 0.2176136359375 0.5175013078124999 0.1324587671875