11 0.44304246562499994 0.5883266625 0.388186603125 0.5635556109375 0.3719198578125 0.6789120015625 0.427317315625 0.7085896265625 0.44304246562499994 0.5883266625
5 0.38030187031249996 0.609285040625 0.3619056671875 0.5988397203125 0.3403682078125 0.7161508859375 0.397622271875 0.74489673125 0.40589637968750003 0.6991444984374999 0.370542890625 0.680638740625 0.38030187031249996 0.609285040625
0 0.5642618671874999 0.5894580171875 0.509721115625 0.5959443531249999 0.5264945890625 0.71595015625 0.5808264953125 0.71112215 0.5642618671874999 0.5894580171875
8 0.5143866359375 0.6417618359375 0.4959055015625 0.6411980749999999 0.50977815 0.7704272984375 0.5687825546874999 0.765325646875 0.562587846875 0.7163055265625 0.52694591875 0.7200389656249999 0.5143866359375 0.6417618359375
9 0.66693981875 0.5291235546874999 0.623046759375 0.5646160625000001 0.6748869187500001 0.668576384375 0.717041946875 0.631539565625 0.66693981875 0.5291235546874999
6 0.641848340625 0.6071365296875 0.6258273625 0.6146591765625 0.67446759375 0.7286834796874999 0.7223110171875 0.6863752375 0.7027023765625 0.6471942281249999 0.676325840625 0.6709612609375 0.641848340625 0.6071365296875
1 0.7334785562499999 0.4964200640625 0.7253123593749999 0.5182975703125 0.7968760421875001 0.5914730546875 0.8217357 0.529111578125 0.7937749937499999 0.4994732328125 0.7808230593750001 0.5347997890625 0.7334785562499999 0.4964200640625
4 0.7136274265625 0.45149191406250005 0.7079160546875001 0.47075651250000006 0.7798920875 0.5299160203125 0.7999323625 0.473598128125 0.7755096734375 0.45116001875 0.7642055046875 0.4872131265625 0.7136274265625 0.45149191406250005
12 0.711429040625 0.367669715625 0.6898932203125 0.4281904359375 0.7639347046875 0.48475984062500005 0.7821183734375 0.42937372500000004 0.711429040625 0.367669715625
3 0.8052400000000001 0.36546793593750004 0.8076152249999999 0.3834359 0.8830176734374999 0.4061806109375 0.8790865906249999 0.33151341562500003 0.8495507437500001 0.32665877499999996 0.8526587671874999 0.372567471875 0.8052400000000001 0.36546793593750004
7 0.777431515625 0.34075896875 0.7795979 0.3603852609375 0.851338421875 0.36770650625 0.8464817 0.2988548609375 0.8189829921875 0.294703965625 0.8244609078125 0.347881309375 0.777431515625 0.34075896875
7 0.7507115578125 0.3365624625 0.8216733312500001 0.3439293171875 0.8165175 0.2759182375 0.7438176984375 0.2670070765625 0.7507115578125 0.3365624625
1 0.43874415468750005 0.1375478125 0.39090770468749997 0.13376493125 0.39556625 0.22567354062499997 0.445586728125 0.2243902234375 0.43874415468750005 0.1375478125
2 0.49325659687499995 0.1343553296875 0.44712986250000003 0.135410609375 0.45502198437499997 0.224660703125 0.50342300625 0.21935698593750003 0.49325659687499995 0.1343553296875