9 0.3207479671875 0.6792444718749999 0.31052362968749997 0.6749834375 0.3200724703125 0.6583355859375 0.3051708734375 0.651384184375 0.2679582609375 0.6865557250000001 0.2971264390625 0.703956409375 0.3207479671875 0.6792444718749999
5 0.3212322234375 0.6568426453125 0.31184391875 0.674289 0.338814875 0.6868119312500001 0.3680555109375 0.649505703125 0.3415781625 0.6370174578125 0.3212322234375 0.6568426453125
1 0.360505109375 0.6615706578125 0.375030496875 0.6696764578125001 0.405579415625 0.634036615625 0.3801995609375 0.6161149375 0.369804915625 0.62916084375 0.357553240625 0.6432570796875 0.369042725 0.6495750796875 0.360505109375 0.6615706578125
3 0.3647550578125 0.740198028125 0.3477927625 0.7338890296875 0.3584150875 0.7165293984375001 0.3431372828125 0.710732390625 0.3083015453125 0.7559112578125 0.34249206718749997 0.7728776703125 0.3647550578125 0.740198028125
10 0.41099400468749997 0.7021183203125 0.37734735 0.6914879125 0.3496929265625 0.73244811875 0.38480839843750003 0.7455434203125 0.41099400468749997 0.7021183203125
9 0.4534051078125 0.777523346875 0.436097734375 0.7743389875 0.4422775953125 0.7566671546875 0.42173064687500006 0.751287075 0.3978476546875 0.8031398359375 0.43840481093749994 0.8142558875000001 0.4534051078125 0.777523346875
5 0.487138459375 0.74683063125 0.46608590000000005 0.7437766890625 0.47048299687500006 0.72873485 0.4531756234375 0.7255504921875 0.4372574875 0.772846046875 0.47733304062500004 0.7815665843749999 0.487138459375 0.74683063125
12 0.5167050515625 0.702068690625 0.480190140625 0.6971408859375 0.467535590625 0.7419105109374999 0.5071726796875 0.7478449546875 0.5167050515625 0.702068690625
12 0.7094941718750001 0.7490741937500001 0.69500214375 0.7586832578125 0.6854608453125 0.74148104375 0.6673961687500001 0.7496582015625 0.6968467390625 0.8005357140625 0.7310016671875 0.7840426453125 0.7094941718750001 0.7490741937500001
0 0.695333409375 0.7016328625 0.6655586875 0.7144976421875 0.695057284375 0.7559318515625 0.7270652421875 0.740862346875 0.695333409375 0.7016328625
0 0.7461922484375 0.6532503125 0.723347146875 0.6709318078125001 0.76151988125 0.705890596875 0.78408705 0.6862215109375 0.7461922484375 0.6532503125
11 0.7737475453125 0.696516009375 0.76262449375 0.707149059375 0.7415265671875 0.6887410765624999 0.7312733328125 0.6982544171875 0.7718278296875 0.7341678093749999 0.79459866875 0.71490665 0.7737475453125 0.696516009375
7 0.5608938640625001 0.57567591875 0.5288405390625 0.575391384375 0.524884140625 0.6089639359375 0.559566034375 0.6102204203125 0.5608938640625001 0.57567591875