9 0.3737058015625 0.7093489843749999 0.3575255453125 0.7044963453124999 0.32834109843750003 0.7440837609375001 0.3608225734375 0.7573167484375001 0.378838359375 0.72983921875 0.367845325 0.727010209375 0.3737058015625 0.7093489843749999
5 0.3689989984375 0.7261504046875 0.39827171250000004 0.7348756234375 0.41913852812499997 0.694251421875 0.390359996875 0.6854944421875 0.3745305875 0.7077246515625 0.3689989984375 0.7261504046875
1 0.4239817828125 0.6597638031249999 0.4165177875 0.67399259375 0.40744682968749996 0.6895031546875 0.4201268953125 0.694187903125 0.41426986406250005 0.707134928125 0.4303257109375 0.71317405625 0.45283866250000004 0.6740153921875 0.4239817828125 0.6597638031249999
3 0.42394868125 0.761509359375 0.40764401875 0.7578432125 0.38294124687500003 0.8069634015625 0.4202827828125 0.8190983875000001 0.43525683125 0.7839597046875 0.417181625 0.7800145109375001 0.42394868125 0.761509359375
10 0.4727214578125 0.7403046703125 0.43726970937500004 0.734333540625 0.41874769218749996 0.7783425375 0.45617445781250004 0.78654373125 0.4727214578125 0.7403046703125
9 0.5152243999999999 0.7898198046875 0.4938125859375 0.7872675375 0.48133659218749997 0.8414944390624999 0.5237069296875 0.8470209375 0.530653053125 0.8088626890624999 0.5129050109375 0.8080391234375 0.5152243999999999 0.7898198046875
5 0.5370727015625001 0.7585604890625001 0.5193246578124999 0.7577369234375 0.5137297984375 0.8064147921875 0.5551134875 0.80964770625 0.5573631328124999 0.7741482703125 0.5359496 0.7739531046875 0.5370727015625001 0.7585604890625001
12 0.576958753125 0.7261419609375 0.5398966015625 0.726166803125 0.5369805859375 0.7719226906250001 0.57733673125 0.7724718203125 0.576958753125 0.7261419609375
12 0.7517977921875 0.7424039953125 0.7357298953125 0.7528645734375 0.7756409484375 0.7990107937500001 0.8058 0.778216671875 0.7771204703125 0.7466690859375 0.7648816453125 0.7580620828125 0.7517977921875 0.7424039953125
0 0.7530216125 0.701863671875 0.726407090625 0.7185016859375 0.7643482875000001 0.7553465375 0.7926941796875 0.7362402640625 0.7530216125 0.701863671875
0 0.7928413640625 0.6474508265625001 0.7740894625 0.6679046890625 0.8192015046875 0.6972177296875001 0.8372547453125 0.67484460625 0.7928413640625 0.6474508265625001
11 0.7958215562500001 0.6830069921875 0.7877424093750001 0.69373983125 0.8354071671875 0.72367448125 0.8537483937499999 0.70167568125 0.8292573890625 0.6863578515625 0.820559653125 0.6983089421875001 0.7958215562500001 0.6830069921875
7 0.5935367874999999 0.5958349078125 0.56186633125 0.5998343937499999 0.5651362328125 0.633407784375 0.5996064953125 0.6300140265625 0.5935367874999999 0.5958349078125