9 0.3744193734375 0.7469536421875 0.363416375 0.7438689375 0.36917052031250003 0.726346959375 0.3529715875 0.7211180749999999 0.3240349859375 0.760019453125 0.356574290625 0.7740072109375 0.3744193734375 0.7469536421875
5 0.369985359375 0.7247420921875001 0.3645643578125 0.7430361421875 0.3938705453125 0.7524420593750001 0.414488403125 0.7123102609374999 0.38567592031250003 0.7028841015625 0.369985359375 0.7247420921875001
1 0.4096976578125 0.7250783578125 0.42577916718750003 0.7314906515625 0.44805071874999997 0.6928625171875 0.4191279328125 0.677940765625 0.411751228125 0.691993471875 0.40277597812500004 0.7072903109374999 0.4154758171875 0.7122697796875 0.4096976578125 0.7250783578125
3 0.431119621875 0.8023803546874999 0.4130321484375 0.7980146265625 0.41968742031249995 0.779669975 0.403371065625 0.7756244999999999 0.3789690046875 0.8241616140625 0.41635909531250004 0.837164775 0.431119621875 0.8023803546874999
10 0.46830780625 0.759604903125 0.43284228437500005 0.7528086875 0.4145875484375 0.796379396875 0.45203990781250003 0.805451353125 0.46830780625 0.759604903125
9 0.5266043687499999 0.8295021921875 0.5088620421875001 0.8282652374999999 0.51107395 0.8101027484375001 0.48965995468749995 0.807051990625 0.47750717187499997 0.860979909375 0.5198845953125 0.8674927609375 0.5266043687499999 0.8295021921875
5 0.5530964468749999 0.7954154171875001 0.5316944609375 0.794721359375 0.5327272515625 0.77935726875 0.5149849265625 0.7781203109375 0.5096768843749999 0.826660371875 0.5510548859375 0.830857003125 0.5530964468749999 0.7954154171875001
12 0.5724008671874999 0.7478730203125 0.5353608171875 0.7470343359375 0.5327130109375 0.7927152765625001 0.5730484484375 0.79420459375 0.5724008671874999 0.7478730203125
12 0.772563559375 0.7730606328125 0.760398340625 0.784166728125 0.74723104375 0.7682061921875001 0.7312335890624999 0.7782908 0.77138975625 0.8253598562500001 0.8014098359374999 0.8052716015625 0.772563559375 0.7730606328125
0 0.74821803125 0.7277005890625 0.7217161765625 0.74371595625 0.7598494828125 0.781439171875 0.7880673078125 0.7629962640625 0.74821803125 0.7277005890625
0 0.7876972906249999 0.6742238453125 0.7690756203125 0.6942376734375 0.8143316609375001 0.7245973046875 0.832243903125 0.7026482328125 0.7876972906249999 0.6742238453125
11 0.8243183390625 0.713973384375 0.8156953578125 0.7257199937500001 0.790882796875 0.7098440078125 0.7828709468749999 0.720386965625 0.8306818078125 0.7514275875 0.8488840484375 0.7298594921875 0.8243183390625 0.713973384375
7 0.58821016875 0.6179721687499999 0.5565817671875 0.6212331453125 0.5600452640625 0.65487758125 0.5944753406250001 0.6522874765625 0.58821016875 0.6179721687499999