9 0.27976934999999997 0.6595849234375 0.26521644218749996 0.6529873546875 0.22642854531249998 0.688995359375 0.25473753593750004 0.70570005 0.2794701125 0.6804592875 0.2694613421875 0.676440571875 0.27976934999999997 0.6595849234375
5 0.3280830296875 0.6496437015625001 0.30223160937500004 0.6377842796875 0.2809966734375 0.6580662671875 0.27081175 0.675715959375 0.29715433281250003 0.6875985250000001 0.3280830296875 0.6496437015625001
1 0.334107084375 0.6696336578125 0.366264271875 0.633313209375 0.34176150625 0.615999628125 0.33077683593749996 0.6292762921875 0.3178893421875 0.6436456625 0.32906535625 0.6496899890625001 0.31998350625 0.6618739515625001 0.334107084375 0.6696336578125
3 0.3153378953125 0.7168321265625 0.3003556578125 0.7113966921875 0.263474671875 0.757347603125 0.296817796875 0.77350125625 0.3205651234375 0.7403316296875 0.3039250625 0.7344239578125 0.3153378953125 0.7168321265625
10 0.368499625 0.7012075171875 0.3354044203125 0.691371496875 0.305889134375 0.732940015625 0.3403359140625 0.7452044578125 0.368499625 0.7012075171875
9 0.39719071562499997 0.7549776765625 0.3769287609375 0.7500817046875 0.350671375 0.8024450328125001 0.39064286875 0.8126050671874999 0.407328409375 0.7755555890625 0.390198353125 0.772777803125 0.39719071562499997 0.7549776765625
5 0.4266494265625 0.7264125124999999 0.40951936875 0.7236347265624999 0.391425678125 0.7712591484375 0.43102792343749996 0.7790370515625 0.44243432968749996 0.744103546875 0.4215593 0.7415434203125 0.4266494265625 0.7264125124999999
12 0.4740356015625 0.6986920999999999 0.43781142031250003 0.6946204687499999 0.4230934546875 0.7396451015625 0.46238770156250003 0.7446496390624999 0.4740356015625 0.6986920999999999
12 0.640673034375 0.7341326625 0.6222579078125 0.7427238609375 0.6492900046875001 0.79286875 0.6841556046874999 0.775593778125 0.664312465625 0.7411583921875 0.6493973171875 0.751096878125 0.640673034375 0.7341326625
0 0.65238451875 0.6940899500000001 0.6220607234375 0.707637715625 0.64958048125 0.7483466546875001 0.682236428125 0.73254405 0.65238451875 0.6940899500000001
0 0.7054108984374999 0.6445644765625 0.6817808125 0.6627629921875 0.7182616734375 0.6967999875 0.7417068453125 0.6766221484375 0.7054108984374999 0.6445644765625
11 0.6991004578125 0.6801322265625 0.68842145 0.689876196875 0.7272356296875 0.72481138125 0.750865134375 0.7050363484375 0.7309053375000001 0.687148590625 0.7193058359375 0.6980315546875 0.6991004578125 0.6801322265625
7 0.524035609375 0.5713819921875001 0.49204931875 0.5718453953125 0.4865362875 0.6054801078125001 0.5211014796875 0.60592646875 0.524035609375 0.5713819921875001