9 0.3349116984375 0.6962806796875001 0.3192686609375 0.69041571875 0.2859961671875 0.727951465625 0.317033940625 0.7432003640625 0.337891325 0.717003540625 0.32721432968749997 0.7134845640624999 0.3349116984375 0.6962806796875001
5 0.356762290625 0.723259496875 0.3818408125 0.6841597609375001 0.3540309671875 0.67360283125 0.33590490625 0.694716690625 0.3284558421875 0.7127025687499999 0.356762290625 0.723259496875
1 0.41759632656249995 0.6661738828125 0.3902830859375 0.650142990625 0.3813442078125 0.663827896875 0.3706672125 0.678685796875 0.38283402031249997 0.6841597609375001 0.3756332578125 0.6966716765625 0.3910279921875 0.7037096296875001 0.41759632656249995 0.6661738828125
3 0.3796060921875 0.751411309375 0.363714753125 0.746719340625 0.3339184890625 0.794030021875 0.3699223078125 0.8084969234375 0.3885449703125 0.7744801531250001 0.370915515625 0.7693971875 0.3796060921875 0.751411309375
10 0.37265363125 0.7678331968750001 0.40915405156249995 0.7783901265625001 0.43050804062500003 0.7334254296875 0.395745734375 0.725214484375 0.37265363125 0.7678331968750001
9 0.46775336875000006 0.7854280796875 0.4466476828125 0.78151810625 0.42852162343750005 0.8346937484374999 0.47023639062499994 0.8429046921875001 0.48116168750000005 0.8053689453124999 0.46353223125 0.8034139578125 0.46775336875000006 0.7854280796875
5 0.49283189062500005 0.7557122796875 0.475202434375 0.7537572921875 0.464525440625 0.8018499703125 0.5054953015625 0.8077149296874999 0.511454553125 0.7725251656250001 0.490100565625 0.7709611765625 0.49283189062500005 0.7557122796875
12 0.4913420765625 0.7690061906250001 0.53156703125 0.7721341703125 0.5360364703125 0.7259964796875 0.4990394453125 0.7236504953125 0.4913420765625 0.7690061906250001
12 0.7088547937499999 0.7533662953125 0.6917219421875 0.76275023125 0.72673255 0.81123390625 0.7590118359375 0.7924660328125 0.7336850125 0.75923125625 0.72027669375 0.7697881843750001 0.7088547937499999 0.7533662953125
0 0.7200283921875 0.7670512031250001 0.7503212593749999 0.74984731875 0.714317440625 0.713093565625 0.6860109921875 0.727951465625 0.7200283921875 0.7670512031250001
0 0.7808624281250001 0.7127025687499999 0.8012232078125001 0.6915887109375001 0.7597567421875 0.6614819140625 0.7388993578124999 0.680640784375 0.7808624281250001 0.7127025687499999
11 0.7590118359375 0.697062675 0.7498246546875 0.70722860625 0.7942707453125 0.740072384375 0.814879828125 0.7193495234375 0.7920360265624999 0.7025366359375 0.7821039390625 0.7138755609375 0.7590118359375 0.697062675
7 0.5339367937499999 0.6329391046875 0.5686991 0.6317661140624999 0.566216078125 0.5973583453125 0.5341850953125 0.5993133312500001 0.5339367937499999 0.6329391046875