9 0.2818441015625 0.6569933546875 0.2674949078125 0.6496918609375 0.22799635624999998 0.6840095953125 0.25581852656250004 0.702097021875 0.28105759375 0.677926125 0.2711767921875 0.673425084375 0.2818441015625 0.6569933546875
5 0.3302263640625 0.6492786109375001 0.3047400828125 0.6361682671875 0.2831027828125 0.6555268671875 0.27253956874999996 0.6727611546875 0.2985148015625 0.6859177062499999 0.3302263640625 0.6492786109375001
1 0.3357623765625 0.6696198171875001 0.3686600296875 0.6346782578125 0.3446454109375 0.6161579484375 0.33338745468750003 0.6289666125 0.3202075734375 0.642782725 0.3312042734375 0.6493710296875 0.321868240625 0.6611722484375 0.3357623765625 0.6696198171875001
3 0.3159528359375 0.7161036609375 0.3011485859375 0.7099482421875 0.263317890625 0.7543326078125 0.29617000312499997 0.7721026734375 0.32061263125 0.7399293015625 0.3041672328125 0.733222425 0.3159528359375 0.7161036609375
10 0.3692996375 0.7029126890625 0.336546825 0.691493775 0.3061593484375 0.7318252484375 0.34020234375 0.74574425625 0.3692996375 0.7029126890625
9 0.3966355890625 0.7582120406249999 0.376556921875 0.7523508765625 0.34916378125 0.8036670656249999 0.3887619671875 0.8157329093750001 0.40625753124999997 0.7793357546874999 0.3892505828125 0.7757466890625 0.3966355890625 0.7582120406249999
5 0.426662515625 0.730926384375 0.40965556718749996 0.7273373171874999 0.390509265625 0.7742802015625 0.42979517968750003 0.7839383718749999 0.44198002968749994 0.74941748125 0.421235725 0.7458715734375 0.426662515625 0.730926384375
12 0.4745363046875 0.70532736875 0.43853029687499995 0.6995464124999999 0.4228090796875 0.7440384640625 0.46185291250000005 0.7508992359375 0.4745363046875 0.70532736875
12 0.6397792203125 0.748689090625 0.621225625 0.7564483078124999 0.646993015625 0.808032178125 0.6821443828125 0.792328903125 0.663174084375 0.7568454578125 0.648077075 0.7661204265625 0.6397792203125 0.748689090625
0 0.6523876234375 0.70905554375 0.6218498343750001 0.721231225 0.6483239515625 0.763369234375 0.6812387234374999 0.7490400296875 0.6523876234375 0.70905554375
0 0.706392534375 0.6618397765624999 0.6824169453125 0.678995590625 0.7179778265625 0.7148578703124999 0.741815425 0.6957072109375 0.706392534375 0.6618397765624999
11 0.699271521875 0.697235590625 0.6884008265625 0.7065136125 0.7262660953125 0.743386390625 0.750277978125 0.7246485625 0.7308043421875 0.7057646859375 0.7189896359375 0.7161425734375 0.699271521875 0.697235590625
7 0.527344621875 0.5799155203125 0.495456040625 0.5788836500000001 0.4891749484375 0.6123770390625001 0.5236123984375001 0.614442515625 0.527344621875 0.5799155203125