9 0.3541144671875 0.6999337125 0.33818349375 0.6947104015625001 0.3069163046875 0.7335703109375 0.3387144515625 0.7475431593749999 0.3581751796875 0.7205184296875 0.347326996875 0.7174370125 0.3541144671875 0.6999337125
5 0.40035195 0.6859119765624999 0.3720233953125 0.676495865625 0.3550246 0.69833055625 0.3485260625 0.7166051062500001 0.3773506140625 0.7260009968750001 0.40035195 0.6859119765624999
1 0.41055125312499996 0.705071921875 0.4351224484375 0.666484965625 0.40700336562499995 0.6515791171875 0.39879169999999997 0.6656168453125 0.3889054328125 0.680897378125 0.40134394687499997 0.6858715390625 0.3948068796875 0.6986664625000001 0.41055125312499996 0.705071921875
3 0.40164016093750005 0.7531998875 0.3855225875 0.749158725 0.35823905312500004 0.7976440984375001 0.3949562609375 0.8106333984375 0.41177566250000003 0.7758860578125 0.393901625 0.77152498125 0.40164016093750005 0.7531998875
10 0.4515386421875 0.733156203125 0.4163888953125 0.7263672328124999 0.3955557578125 0.7698914968749999 0.43256429843750005 0.7789537828124999 0.4515386421875 0.733156203125
9 0.491460615625 0.78360021875 0.47017597968749997 0.7805527140625 0.45485542656250005 0.834423146875 0.4969491640625 0.8409290546875001 0.50589638125 0.802978984375 0.48818607187499996 0.8017433468749999 0.491460615625 0.78360021875
5 0.5149531421875 0.7528875125 0.4972428328125 0.7516518750000001 0.48909620625 0.8001401921875001 0.530323146875 0.8043323515624999 0.53443316875 0.76892854375 0.51302333125 0.768235228125 0.5149531421875 0.7528875125
12 0.5565496421875 0.7214368265625 0.51947489375 0.7205990375 0.5141609984375 0.7662312828125 0.554500675 0.7677190125 0.5565496421875 0.7214368265625
12 0.73059005625 0.741748325 0.7139692703125 0.7518221828125 0.75147505 0.7988410640625 0.7827326234374999 0.778774221875 0.7556970187500001 0.7465975890625 0.7428576265625 0.757691846875 0.73059005625 0.741748325
0 0.7339380140625 0.7012859 0.7064437734375 0.7172841953125 0.7424663625 0.754967196875 0.771821803125 0.73654395 0.7339380140625 0.7012859
0 0.7766203984375 0.6478661625 0.7567912765625 0.6678586531249999 0.8003814609375001 0.6981859234375001 0.819612253125 0.67626025 0.7766203984375 0.6478661625
11 0.7777388359375 0.6834483515625001 0.7690949734375 0.693980071875 0.8152060859375 0.7249876046875 0.8347053437499999 0.7034425015625 0.8110093218750001 0.6875733265624999 0.8016828593750001 0.6993074140625 0.7777388359375 0.6834483515625001
7 0.5799590546875 0.5916744484375001 0.548069428125 0.5949319484375 0.549581534375 0.6285405203125001 0.5842400890625 0.6259531765624999 0.5799590546875 0.5916744484375001