9 0.3455178109375 0.674928328125 0.3300795828125 0.6684286046875 0.2954963109375 0.7045939015625 0.32600158281249997 0.721100784375 0.3477737796875 0.69576413125 0.3372196703125 0.6918117078125 0.3455178109375 0.674928328125
5 0.392870196875 0.664723771875 0.3654290078125 0.653038425 0.346565634375 0.6734054265625 0.33848849062499997 0.691080596875 0.3664262828125 0.7027861671875 0.392870196875 0.664723771875
1 0.4013746796875 0.68463989375 0.42925379062499996 0.6482015328124999 0.4025003609375 0.6310646765625 0.3930835953125 0.644379940625 0.381887753125 0.6587969265625 0.3938634046875 0.664764225 0.386225715625 0.67697776875 0.4013746796875 0.68463989375
3 0.3882870015625 0.731856978125 0.3725595078125 0.72651965625 0.34111111875 0.77259750625 0.3766097421875 0.788524978125 0.396420296875 0.755280534375 0.37896834375 0.7494815781249999 0.3882870015625 0.731856978125
10 0.43981702968749997 0.7159516578125 0.40534145625000007 0.7063281671875 0.3807610734375 0.7479890171875 0.4168928390625 0.7600283328125 0.43981702968749997 0.7159516578125
9 0.4752463859375 0.769450196875 0.4542772390625 0.7646821703125 0.43429424531249994 0.8170979296875001 0.4757222796875 0.8270045937500001 0.48795835312499997 0.7899290859375 0.4703971671875 0.7872568390625 0.4752463859375 0.769450196875
5 0.5013626062500001 0.7407679234375 0.48380142031249995 0.738095678125 0.47144499218749997 0.785733940625 0.51221004375 0.793265234375 0.51939815 0.7583324874999999 0.498098778125 0.7558993796875 0.5013626062500001 0.7407679234375
12 0.545604884375 0.7128239328125 0.5086897828125 0.7089720015625 0.49940855781250004 0.7539957546875 0.5395242812500001 0.7587608390625 0.545604884375 0.7128239328125
12 0.7174674328124999 0.7472215765625 0.7000068859375 0.7559038734375 0.7333244078125001 0.8057938453125001 0.7662590812500001 0.7883483421874999 0.7420928421874999 0.7540954984375 0.72831586875 0.7641020109375 0.7174674328124999 0.7472215765625
0 0.724336434375 0.707187703125 0.6955111375 0.7208866359375 0.72816314375 0.761356028125 0.759056784375 0.7453929718750001 0.724336434375 0.707187703125
0 0.7715780546875 0.6574477765625 0.750051628125 0.6757493343750001 0.790895075 0.7095072625000001 0.8119931671874999 0.689231284375 0.7715780546875 0.6574477765625
11 0.7695906406249999 0.692983740625 0.7600484578125 0.702771346875 0.8033476187499999 0.7374120859375 0.8246803578125 0.7175370578125 0.8024236765625 0.6998005640625 0.792095625 0.7107303468749999 0.7695906406249999 0.692983740625
7 0.580276634375 0.5854672828124999 0.5481773828125001 0.5861168421875 0.5467548421874999 0.6197188421875001 0.5815581109375 0.6199622078125 0.580276634375 0.5854672828124999