9 0.316146925 0.661976371875 0.3012902875 0.6548522515624999 0.2638845046875 0.6895853562500001 0.2929426140625 0.7073235999999999 0.31670063593750003 0.68289029375 0.306504190625 0.6785106859375001 0.316146925 0.661976371875
5 0.307828115625 0.6778317281249999 0.3347180359375 0.6906672765625 0.3641666859375 0.653706871875 0.3377700203125 0.6409117578125 0.3173150046875 0.6604971484375 0.307828115625 0.6778317281249999
1 0.376501190625 0.6204621578125 0.36603385624999996 0.6333851578125 0.35370395 0.6473367031249999 0.3651531953125 0.6537877437499999 0.35654843125 0.6656821984375 0.371022259375 0.6739561765625 0.401769103125 0.6386771765625 0.376501190625 0.6204621578125
3 0.354139478125 0.7206091296875 0.33890003750000003 0.7146348640625 0.303812215625 0.7594016359375 0.3378936625 0.7767641984375 0.360339890625 0.7443484359375 0.34341944999999996 0.7378426171875 0.354139478125 0.7206091296875
10 0.4067861703125 0.70681275 0.3732115796875 0.695791671875 0.3453274125 0.7364240453125 0.3803560390625 0.7499267984375 0.4067861703125 0.70681275
9 0.43774304218750004 0.761718759375 0.41723363906250005 0.7560999609375 0.3930564171875 0.8076673624999999 0.433536578125 0.8192545515624999 0.44874589218749994 0.7827018015625 0.43146230937499996 0.779316178125 0.43774304218750004 0.761718759375
5 0.46610226718750003 0.7341189421875 0.44881868281250004 0.7307333203125 0.43263038906249995 0.7778369546875 0.4726430234375 0.787023340625 0.4826474328125 0.7524063703125 0.46161904531250003 0.7491075 0.46610226718750003 0.7341189421875
12 0.512465290625 0.7079950609375001 0.4759901609375 0.7026423875 0.463079146875 0.74725846875 0.5026696484375 0.7536540296875 0.512465290625 0.7079950609375001
12 0.6809404890625 0.7493687171875 0.66283376875 0.7573342421875 0.6919795296875 0.8085480671875 0.7262199500000001 0.79245526875 0.704922340625 0.757240915625 0.690378853125 0.7666797890625 0.6809404890625 0.7493687171875
0 0.6910417484375 0.7096409921875 0.6612012953125 0.7221570374999999 0.690449975 0.7639294 0.7225358046875 0.749234953125 0.6910417484375 0.7096409921875
0 0.7421664171875 0.6618577 0.719225465625 0.679270565625 0.75718329375 0.714669471875 0.7798579546875 0.695266046875 0.7421664171875 0.6618577
11 0.737295790625 0.6972892796875 0.7269903640625001 0.7066818406250001 0.767323678125 0.7430629765625001 0.790199575 0.7240697953125 0.7694617421875 0.7054386546875 0.7582802531249999 0.7159406374999999 0.737295790625 0.6972892796875
7 0.5573755703125001 0.582134396875 0.52533366875 0.5814763578125001 0.5211832609375 0.61499825 0.5558472812499999 0.6166587406249999 0.5573755703125001 0.582134396875