0 0.17748218124999998 0.6099917015625 0.1724917046875 0.6059828265625 0.1180658 0.62994125625 0.145980978125 0.655782153125 0.18227748593749998 0.637596534375 0.16324411249999998 0.619541196875 0.17748218124999998 0.6099917015625
7 0.2441891046875 0.619651415625 0.213147096875 0.5953659703125 0.16666788125 0.6195257984375 0.19348390625 0.6451344984375 0.2441891046875 0.619651415625
2 0.21315723437499998 0.7334979265625 0.256919709375 0.6925136281250001 0.2237237015625 0.670727803125 0.1739979203125 0.70675905625 0.21315723437499998 0.7334979265625
9 0.23890346875000001 0.6783664671875 0.259244328125 0.6922660359374999 0.2468256046875 0.7044158515625 0.264121653125 0.716194884375 0.30619768281250004 0.6815022875000001 0.27050643750000003 0.6577120234375 0.23890346875000001 0.6783664671875
6 0.418060140625 0.7708739062500001 0.3980228015625 0.7681183890625001 0.389566034375 0.8254248828125 0.44612796875000005 0.8344188156250001 0.44927276875000005 0.7974113828125 0.41659520156249996 0.79198564375 0.418060140625 0.7708739062500001
2 0.45425488437499995 0.7275522796875 0.4064418515625 0.717451884375 0.39675303125 0.7656341671875 0.44714332187499994 0.774063015625 0.45425488437499995 0.7275522796875
1 0.4535478546875 0.7443921515625 0.449044684375 0.77298735 0.4195825484375 0.771934175 0.41874920156249995 0.7894860218749999 0.467282428125 0.80195454375 0.473882134375 0.748687721875 0.4535478546875 0.7443921515625
6 0.5051456437499999 0.7877932000000001 0.5188802156250001 0.8453555937499999 0.5726876921875 0.8441650453125 0.562390053125 0.8057952484375001 0.53077391875 0.8072416953125 0.5258965953125 0.783312846875 0.5051456437499999 0.7877932000000001
6 0.58496035 0.8039152140624999 0.5712012234375 0.7722008078125 0.548504609375 0.774792821875 0.5379232 0.75409096875 0.515902478125 0.7560870984375 0.5243298875 0.7792885734375 0.5325046625 0.803914 0.58496035 0.8039152140624999
6 0.5741688234375 0.7233373453125 0.5275058234375 0.7260371484375 0.549136203125 0.7712329328124999 0.5940684578125001 0.771860825 0.5741688234375 0.7233373453125
6 0.645974571875 0.7717459437499999 0.6207007 0.7760095015624999 0.6527352875 0.8300511109375 0.6990127484374999 0.81988324375 0.6764604203125 0.7863112921875001 0.6568906375 0.78734785625 0.645974571875 0.7717459437499999
7 0.6230432890625 0.740309925 0.65781916875 0.78532801875 0.6989421171875 0.7785032468749999 0.6601485921875 0.730420446875 0.6230432890625 0.740309925
12 0.7231348078125001 0.7385555078125 0.7775624890625 0.7788610546875 0.802191603125 0.7589493890625 0.7785089890625 0.7413892343749999 0.7595839640625 0.7580739046875 0.7267669140625 0.7341521484375 0.7231348078125001 0.7385555078125
10 0.7047773265624999 0.7199042906249999 0.7600892390625 0.7552259953125 0.7804923703125 0.736637584375 0.7287305453124999 0.7005885046875 0.7047773265624999 0.7199042906249999
0 0.46909145781249995 0.584357509375 0.4244949953125 0.5741240796875 0.41936106874999995 0.6136659640625 0.46465228124999997 0.61998351875 0.46909145781249995 0.584357509375
7 0.308013040625 0.7350533046875001 0.2843556109375 0.7838876 0.3379098734375 0.8007504953125 0.3533524 0.7668298515624999 0.3227309453125 0.755921396875 0.32719642968749996 0.7379958156249999 0.308013040625 0.7350533046875001
0 0.3910818453125 0.723188109375 0.3419746203125 0.707819609375 0.3245390875 0.75297355625 0.3746952140625 0.7696735703125 0.3910818453125 0.723188109375