0 0.17551275 0.688742940625 0.169840353125 0.68619533125 0.1216865359375 0.72419185625 0.1541082125 0.74176305 0.18577466874999998 0.7142773890624999 0.16358026406249998 0.701872809375 0.17551275 0.688742940625
7 0.24243708281249998 0.680102278125 0.207285175 0.6648880171875 0.16691164375 0.7009324734375 0.1982157953125 0.7185750640624999 0.24243708281249998 0.680102278125
2 0.23527509531250002 0.79914261875 0.26959475 0.74747989375 0.2328513265625 0.73527731875 0.1917205578125 0.78373768125 0.23527509531250002 0.79914261875
9 0.24918259687500002 0.738598959375 0.27180860625 0.746610953125 0.2621747484375 0.7617764734375 0.281405796875 0.7685503625 0.3153574265625 0.723458665625 0.2757778046875 0.709982284375 0.24918259687500002 0.738598959375
6 0.4424064078125 0.7800894296875 0.4223333484375 0.7828268578124999 0.4257050953125 0.8408115781250001 0.482614090625 0.834265778125 0.47818065781249997 0.7974464359375 0.44525606250000005 0.8010049203125 0.4424064078125 0.7800894296875
2 0.4688821953125 0.7282003296874999 0.420269865625 0.7313060671875 0.4205934796875 0.7807555078124999 0.47137728125 0.7753285359375 0.4688821953125 0.7282003296874999
1 0.47160468906249997 0.7447589359375 0.47301118124999997 0.7737691453125 0.44410388906250003 0.7807084828125 0.446847578125 0.797993234375 0.49664101250000003 0.79699454375 0.49227889999999996 0.7434381046875 0.47160468906249997 0.7447589359375
6 0.530648484375 0.7729968296874999 0.55568480625 0.8252324359375001 0.6078481890625 0.8095323015625 0.590046846875 0.7750220078125001 0.559548040625 0.7849730296875 0.54995085 0.7630336203125 0.530648484375 0.7729968296874999
6 0.5702435828125 0.7486421328125 0.555744690625 0.73138089375 0.5347024578124999 0.73927275 0.547609834375 0.759545675 0.5605596 0.7812708953125 0.6116478421875 0.7670944515625 0.591823384375 0.7399884265625001 0.5702435828125 0.7486421328125
6 0.5848158109375 0.6916935125 0.5399163390624999 0.7069295734375001 0.570137615625 0.74501139375 0.614025528125 0.7334774687500001 0.5848158109375 0.6916935125
6 0.664555009375 0.719336721875 0.6408037375 0.7303116625 0.6829497625000001 0.7741791515625 0.7259610125 0.751788709375 0.69719635625 0.7252538546875 0.6783467875 0.7315506265625 0.664555009375 0.719336721875
7 0.63585393125 0.6949803109375 0.6788419703125 0.729336484375 0.7175102796874999 0.711588515625 0.6699885625 0.67533948125 0.63585393125 0.6949803109375
12 0.732980365625 0.666222559375 0.7941532421875 0.6906869234374999 0.8141068828125 0.66467706875 0.7874847625 0.654010371875 0.772432825 0.675342053125 0.735625825 0.6609610359375 0.732980365625 0.666222559375
10 0.7113235265625 0.653056134375 0.772348053125 0.6724374640625 0.788453934375 0.6488559406250001 0.730739596875 0.6278081281250001 0.7113235265625 0.653056134375
0 0.454326359375 0.5850121875000001 0.40881978593749996 0.5871192515625 0.41182933125 0.626939571875 0.457219340625 0.6208386953125 0.454326359375 0.5850121875000001
7 0.32797275937500003 0.77501691875 0.3148240453125 0.8288754921875 0.3703977265625 0.8307908375 0.37856664218749997 0.793647896875 0.34653396875000003 0.7913217328125 0.3472520109375 0.77269204375 0.32797275937500003 0.77501691875
0 0.40647227499999994 0.7410328640625 0.35553238593750003 0.7393680609375 0.34769785 0.787967878125 0.39992900468750003 0.7906433515625 0.40647227499999994 0.7410328640625