0 0.17458056718749998 0.63035650625 0.16939545312499998 0.6267572625 0.11638942031249999 0.65512815 0.145572175 0.6786749125 0.180806209375 0.6575484296874999 0.16088572968749998 0.6410576531250001 0.17458056718749998 0.63035650625
7 0.2415899125 0.63457640625 0.2093712703125 0.61283845 0.1642982625 0.64076346875 0.192373059375 0.66416773125 0.2415899125 0.63457640625
2 0.216611746875 0.7508573703125 0.25809563281250003 0.7063427718749999 0.22386039218749998 0.6872778078125 0.1761721046875 0.7273289765625 0.216611746875 0.7508573703125
9 0.23939375468750002 0.6936741734375 0.260400209375 0.7059060875000001 0.248655284375 0.7190572921875 0.26651520624999997 0.7294183359375 0.306647115625 0.69132765625 0.26981931875 0.67046306875 0.23939375468750002 0.6936741734375
6 0.42284687656250003 0.7715176796875001 0.40272634218750003 0.770396046875 0.39729498125 0.8283446265625001 0.4541553921875 0.8327253953125 0.45535349687500004 0.79549194375 0.422491471875 0.7927315562499999 0.42284687656250003 0.7715176796875001
2 0.4566637359375 0.7252838953125 0.40846766093750003 0.7190851359375 0.4013304046875 0.7680172390625 0.4520083921875 0.7723359453125 0.4566637359375 0.7252838953125
1 0.4568403265625 0.7421676609375 0.45384765781249997 0.771106325 0.4244201453125 0.7724531156250001 0.42450806874999997 0.790058565625 0.473546103125 0.7985648828125 0.477337509375 0.7448039140625 0.4568403265625 0.7421676609375
6 0.5105527171875 0.781331828125 0.52725849375 0.8377290500000001 0.580839740625 0.8321579109374999 0.5685650453125 0.794657821875 0.5371209343750001 0.79867760625 0.5310059375 0.7751653578125001 0.5105527171875 0.781331828125
6 0.5530991109375 0.764811275 0.5414663187500001 0.7449878890625 0.5196171625 0.7487755515625001 0.5292333578124999 0.77127193125 0.5386722203125001 0.79521168125 0.590968178125 0.790941409375 0.5755909109374999 0.760373175 0.5530991109375 0.764811275
6 0.5759917640625 0.71130775625 0.529612228125 0.717805146875 0.5535424421874999 0.7612028484375 0.5983706890625 0.7581713828125001 0.5759917640625 0.71130775625
6 0.650112671875 0.7538298640625001 0.6251389625 0.76014801875 0.6599047140625001 0.811537140625 0.705508975 0.79760914375 0.6812680609374999 0.7659009078125 0.66181215 0.7685302046875 0.650112671875 0.7538298640625001
7 0.6256057578124999 0.724286684375 0.6626321265625 0.766436396875 0.70327256875 0.7562685124999999 0.662080375 0.7113837421875 0.6256057578124999 0.724286684375
12 0.7253005421875 0.7143832078125001 0.781672171875 0.75022395 0.80518400625 0.728322903125 0.7806543687499999 0.7127054968750001 0.762660334375 0.7309176828124999 0.72869109375 0.7096876625 0.7253005421875 0.7143832078125001
10 0.706022703125 0.697241996875 0.763015 0.7280309421875 0.7823829875 0.7077961984375001 0.7288918921875001 0.675991384375 0.706022703125 0.697241996875
0 0.4639597375 0.580997303125 0.41896346875 0.5744036890625 0.41591495937499995 0.6143315109375 0.46139888906250004 0.6169558546875 0.4639597375 0.580997303125
7 0.31126001406250003 0.7446873453125 0.290230828125 0.7954084015625 0.3445046234375 0.807896659375 0.35812456875 0.77274608125 0.327025403125 0.7643400015624999 0.3305389890625 0.7460653578125 0.31126001406250003 0.7446873453125
0 0.3934547015625 0.7260674703125 0.34369262031250003 0.714710271875 0.3286737359375 0.7612473171875 0.37955121875 0.7738495375000001 0.3934547015625 0.7260674703125