0 0.1761800015625 0.661061609375 0.170664115625 0.658315203125 0.120714834375 0.69464833125 0.1520842390625 0.713357015625 0.1850623390625 0.68696420625 0.16360797968750002 0.6737808000000001 0.1761800015625 0.661061609375
7 0.24328545156249998 0.6547506890625 0.2090733984375 0.6383047078125 0.16697510937499999 0.6729562265625 0.1972277828125 0.6916973765625001 0.24328545156249998 0.6547506890625
2 0.2299151609375 0.7735897046875 0.26680249843750004 0.7231025109375 0.2308475875 0.7096139515625 0.18734457499999999 0.7566600218749999 0.2299151609375 0.7735897046875
9 0.24693852968750002 0.713506315625 0.26905290000000004 0.7223104 0.2586635140625 0.7371462078125 0.277461575 0.7445933218749999 0.313638078125 0.7006669921875 0.274925225 0.6858052296875 0.24693852968750002 0.713506315625
6 0.4372041109375 0.7617502093749999 0.4170690890625 0.763788921875 0.4173889203125 0.8219147578125 0.474409915625 0.8173503765625 0.47192370468749995 0.7803615046875 0.43894628906250005 0.78277355 0.4372041109375 0.7617502093749999
2 0.4662912796875 0.7107630796875 0.4177135234375 0.71217525625 0.415444815625 0.7616560734375 0.46630685625 0.7579974218750001 0.4662912796875 0.7107630796875
1 0.4681351 0.72742333125 0.4680158328125 0.7564943656249999 0.4388622671875 0.762428696875 0.44068914687499994 0.779816128125 0.4903328109375 0.7805530328125 0.4887946078125 0.72682275 0.4681351 0.72742333125
6 0.5254596671875 0.7577312046875 0.547657378125 0.8108609046874999 0.6004316843749999 0.796973015625 0.5845108328124999 0.7618280734375 0.553614409375 0.7707198265625 0.5452057328125 0.74843690625 0.5254596671875 0.7577312046875
6 0.6064395359375 0.75465039375 0.5881158171875 0.72684219375 0.5661701734375 0.7347470578124999 0.5526345703125 0.7169733125 0.53126423125 0.7241347609375001 0.543056978125 0.7448659265625001 0.5548158421875 0.76705145625 0.6064395359375 0.75465039375
6 0.5836672015625 0.67828334375 0.538151640625 0.691960215625 0.566254878125 0.731111146875 0.6105690046875 0.721102646875 0.5836672015625 0.67828334375
6 0.661634334375 0.7087178171875 0.6374044078125001 0.7188691515625 0.6770808421875001 0.7642238453125 0.721090715625 0.7433238531249999 0.6938331546875001 0.7157753625 0.6747301609374999 0.7214175203125001 0.661634334375 0.7087178171875
7 0.6343259531250001 0.6833508734375 0.6753393484375 0.71921974375 0.7147806578125 0.7028126953125 0.6693511625 0.6648921343749999 0.6343259531250001 0.6833508734375
12 0.732564996875 0.6579676562500001 0.7922077265625 0.68457469375 0.8134432234375 0.6592499359375 0.7874880578125001 0.6476507484375 0.7713794953125 0.6684663296875 0.7354754078125 0.6527962265625 0.732564996875 0.6579676562500001
10 0.7116859421874999 0.6440408359375 0.7714472578125 0.665557603125 0.7887233734375 0.6425280140625 0.7323461296875 0.61945949375 0.7116859421874999 0.6440408359375
0 0.45929717031250006 0.567009278125 0.41386489062500004 0.5675306546875001 0.4147757515625 0.6074720796874999 0.4603012015625 0.6029512031250001 0.45929717031250006 0.567009278125
7 0.32350070625 0.75268601875 0.3075833234375 0.8061080593750001 0.3628310875 0.80996170625 0.3729130296875 0.7730884734375 0.3411322546875 0.7696445765625 0.342823525 0.7510323515625 0.32350070625 0.75268601875
0 0.403462278125 0.721424965625 0.35281637187500003 0.7179835140625 0.3424671453125 0.7663299359375 0.3943461171875 0.7708274875 0.403462278125 0.721424965625