0 0.147214521875 0.6141279765625 0.1422380203125 0.6107408484375 0.08757010625 0.641263596875 0.115387209375 0.663615696875 0.1518579796875 0.6410594125 0.13289401875 0.62538423125 0.147214521875 0.6141279765625
7 0.2139906453125 0.615617353125 0.183031765625 0.595197259375 0.1363243171875 0.6249511203125 0.163041553125 0.6472058875 0.2139906453125 0.615617353125
2 0.182236946875 0.7328862218750001 0.226320590625 0.6866931843749999 0.193189090625 0.6690275437500001 0.1431597859375 0.711011003125 0.182236946875 0.7328862218750001
9 0.2083528984375 0.6747895734375 0.228651025 0.686162740625 0.216138134375 0.6997890046874999 0.23339807656249997 0.7094199406249999 0.2757554375 0.6697042609375 0.24013568749999997 0.65034505625 0.2083528984375 0.6747895734375
6 0.387307515625 0.7451408359375 0.367248540625 0.744839046875 0.3584419046875 0.8029941468749999 0.4150578328125 0.8050577453125 0.41842421406249997 0.7677849421875 0.385716790625 0.7663638046875 0.387307515625 0.7451408359375
2 0.4238228125 0.697541346875 0.3759786921875 0.6933073015625 0.3659908578125 0.7425177015625 0.416426825 0.7447710734374999 0.4238228125 0.697541346875
1 0.4230163171875 0.7144136328124999 0.4183380328125 0.7434668484375 0.388826609375 0.7460119515625 0.3878894109375 0.7636093515625 0.43644127812500005 0.770116071875 0.44336381874999997 0.71621431875 0.4230163171875 0.7144136328124999
6 0.4744582515625 0.7513800234375 0.4878832125 0.8070824640625001 0.5417988515625 0.7993302453125 0.5317054437500001 0.7623396546875 0.500021403125 0.7676392109375 0.49527435000000003 0.744382009375 0.4744582515625 0.7513800234375
6 0.55432915625 0.757711653125 0.5407289671875 0.7277775296875 0.517974546875 0.7331306484375 0.5074938734375001 0.7137861265625001 0.4854200921875 0.7184627953125 0.4937281484375 0.7405617734375001 0.50177479375 0.764110978125 0.55432915625 0.757711653125
6 0.5439869046875 0.6787082375 0.4972203859375 0.6870931296875 0.518628075 0.7295050796875 0.5636412015625 0.724648421875 0.5439869046875 0.6787082375
6 0.6156456312499999 0.7182004296875 0.59029936875 0.7255342203125 0.6220792875 0.775494203125 0.6685030624999999 0.7597121734375001 0.6461039515625 0.7289993765625 0.6264913140624999 0.732420490625 0.6156456312499999 0.7182004296875
7 0.5928544062500001 0.689662975 0.6274333624999999 0.730293815625 0.66867344375 0.7184731296875 0.6300871453125 0.6752776093749999 0.5928544062500001 0.689662975
12 0.6931444484375 0.6757012046875001 0.7474396359375 0.7092366984375 0.7722311203125 0.6863835171875 0.7486062875 0.671769225 0.729548428125 0.6907097296875 0.6968090484375 0.670868746875 0.6931444484375 0.6757012046875001
10 0.674861121875 0.659349578125 0.7300712500000001 0.6878092734375 0.7506210906249999 0.6667907640624999 0.6989719671875 0.6371728437499999 0.674861121875 0.659349578125
0 0.4395217765625 0.5529941953125 0.3949010546875 0.5482350625 0.389527034375 0.58827691875 0.43486663593749997 0.5890479281250001 0.4395217765625 0.5529941953125
7 0.2772621359375 0.7228625125 0.253275615625 0.7744272624999999 0.30683235781249996 0.7847016484375 0.32250161093749996 0.7490052203124999 0.2918861203125 0.74186801875 0.29646446718749997 0.7234548953125 0.2772621359375 0.7228625125
0 0.3605563609375 0.700899378125 0.3114463140625 0.691571990625 0.2937148421875 0.7387089796875 0.3438680046875 0.7492356375 0.3605563609375 0.700899378125