0 0.172524925 0.6269338640625 0.1674028828125 0.6231846546875001 0.113904453125 0.65000594375 0.1426748203125 0.674395903125 0.17827573593749999 0.65430004375 0.1586440421875 0.637233796875 0.172524925 0.6269338640625
7 0.23945722812499998 0.633102565625 0.20761956406249998 0.6104326125 0.16206153437499998 0.6370389859375 0.1897264875 0.661254240625 0.23945722812499998 0.633102565625
2 0.21245115625 0.748627184375 0.25470974218750003 0.70533100625 0.22080893437500002 0.6852746875 0.17242415 0.72392803125 0.21245115625 0.748627184375
9 0.2362298890625 0.6921214265625 0.2570218234375 0.704961490625 0.24504799687499998 0.7177675984375 0.26272620625 0.7286457093750001 0.30352078437499996 0.6917324765624999 0.2670589578125 0.669801553125 0.2362298890625 0.6921214265625
6 0.41831527812499997 0.7752833859375 0.39821533750000004 0.773576559375 0.391773015625 0.8313523843749999 0.4485540921875 0.8373865953124999 0.450401884375 0.8001974578125 0.4175896953125 0.7964815359374999 0.41831527812499997 0.7752833859375
2 0.45293723124999996 0.73004535625 0.4048517734375 0.7224457359375 0.396860984375 0.7711577359375 0.447461034375 0.7769499984375 0.45293723124999996 0.73004535625
1 0.4528191796875 0.7469299734375 0.44932166562500003 0.7757742109375 0.41987214375 0.7762643640625 0.4196528375 0.7938679015625 0.4685399390625 0.8037989937500001 0.47326931875 0.750161996875 0.4528191796875 0.7469299734375
6 0.5058454046875 0.7876471515625 0.5215661640625 0.8445161703125 0.5752419109375 0.8405055796875001 0.563622240625 0.8026578359375 0.532109578125 0.8057616203125001 0.5264051953125 0.782077403125 0.5058454046875 0.7876471515625
6 0.5860890890625 0.7995942625 0.5712460375 0.7685863328125 0.5486779312500001 0.7723688296875 0.5373916609375 0.7522119765624999 0.5154775171875 0.7553629015625 0.5247006468750001 0.7781333859374999 0.5337212671875 0.802341715625 0.5860890890625 0.7995942625
6 0.5725030921875 0.71954503125 0.526012528125 0.7246911984375 0.549184209375 0.7687742171874999 0.5940630828125 0.76704795625 0.5725030921875 0.71954503125
6 0.6458781984375 0.7642131546875001 0.6207955015625 0.7698030078125 0.654662715625 0.8221907156249999 0.7005077156249999 0.8095932703125 0.676821359375 0.7771877109374999 0.6573205546875001 0.7792502 0.6458781984375 0.7642131546875001
7 0.621888078125 0.733964359375 0.658177028125 0.777180784375 0.6989928421875 0.7681980578125 0.65858600625 0.72212605 0.621888078125 0.733964359375
12 0.7217506218749999 0.7269643671875 0.7774939468750001 0.7644363421875 0.8013867734375 0.7432250109375 0.7771309140625 0.72689779375 0.7588199796875 0.7445817578125 0.7252229421874999 0.722368671875 0.7217506218749999 0.7269643671875
10 0.7027728859375 0.7092665499999999 0.7592250015625 0.7417060703125 0.7789451171875 0.7220400421875001 0.72601175 0.688686790625 0.7027728859375 0.7092665499999999
0 0.462750753125 0.5860076921874999 0.417871834375 0.578106428125 0.4141267109375 0.61793540625 0.4595625359375 0.6218826 0.462750753125 0.5860076921874999
7 0.3072022875 0.7452128499999999 0.28528905625 0.7953091125 0.3393421671875 0.8093734859374999 0.3535748203125 0.7746281515625 0.322623925 0.76531926875 0.3264562359375 0.7471515015625 0.3072022875 0.7452128499999999
0 0.38971772968749996 0.72898944375 0.340156365625 0.716187125 0.32432614375 0.7622753328125 0.3749811265625 0.7763548124999999 0.38971772968749996 0.72898944375