5 0.274344059375 0.8266056953125 0.2097468015625 0.84967971875 0.2345844421875 0.8748353609375 0.30396798125 0.8490053609375 0.274344059375 0.8266056953125
11 0.24889251406250001 0.83461544375 0.2375422515625 0.8232913703125 0.1659548203125 0.8437449406249999 0.191571609375 0.8726053484375 0.22009527968749998 0.862618978125 0.2083792921875 0.8504671406250001 0.24889251406250001 0.83461544375
8 0.38933835625 0.899737834375 0.3472446828125 0.8774575578125001 0.2922739921875 0.9122251609375001 0.33439628125 0.9357349812500001 0.38933835625 0.899737834375
8 0.31231904374999997 0.924980484375 0.29159977812500004 0.91302871875 0.3233037390625 0.8908275984375 0.3064739015625 0.8822433671875001 0.2466596921875 0.9173078609375 0.2884544140625 0.9416293078125 0.31231904374999997 0.924980484375
11 0.5103742890625 0.934737353125 0.4556550078125 0.9207653515625 0.42128911249999995 0.962566546875 0.47710557031249995 0.979021840625 0.5103742890625 0.934737353125
10 0.4387805484375 0.940034625 0.41505593125000007 0.9329284203125001 0.37622178281249996 0.97626411875 0.42965941093750004 0.9947121718749999 0.44714130937499996 0.971770403125 0.42096154375 0.9633781750000001 0.4387805484375 0.940034625
10 0.6553203875 0.9401591406250001 0.5957066625 0.9391812406250001 0.6003846234375 0.9913125828125 0.662020996875 0.9898798062499999 0.6553203875 0.9401591406250001
9 0.6361210734375 1 0.63574260625 0.9921355484375001 0.6011065343750001 0.9925582625 0.596088234375 0.9555751484374999 0.5697144515625 0.953732415625 0.5714323109375 1 0.6361210734375 1
6 0.7793564328125 0.92543220625 0.72934065625 0.93491834375 0.7669214546875 0.98658663125 0.8203178484375 0.973492546875 0.7793564328125 0.92543220625
6 0.8016328390625 1 0.8136010828125 0.997504128125 0.7993440953125 0.980377640625 0.769713709375 0.9874708734375 0.7412283515625 0.954447440625 0.717376490625 0.9567596609375 0.7500351125 1 0.8016328390625 1
11 0.8758458609374999 0.88139031875 0.841639059375 0.9002561796874999 0.9073396453125 0.9394709421874999 0.9403729562500001 0.9148430078124999 0.8758458609374999 0.88139031875
11 0.8638021515625001 0.9146993046875 0.847382503125 0.9237385250000001 0.9133820390625 0.9609121140625 0.9489468125 0.9408489843750001 0.9267932609375 0.9268157078125 0.9087453109375 0.9403229109375 0.8638021515625001 0.9146993046875
11 0.92139354375 0.8287894890624999 0.9045858593749999 0.8509276984374999 0.9792929578124999 0.8751959390625 0.992201671875 0.8492803484375001 0.92139354375 0.8287894890624999
7 1 0.8658176421875 0.9876347953125 0.8614628234374999 0.9806986234374999 0.87604790625 0.9325465546875 0.8614095078125 0.9258711796875 0.8723140296875 1 0.8957889015625 1 0.8658176421875
3 0.5744096937500001 0.7764737765625 0.5251476765625 0.7736886875 0.5235606078124999 0.8096988093749999 0.5766166625 0.811752953125 0.5744096937500001 0.7764737765625