5 0.20356444062499998 0.7808498687500001 0.13526831875 0.794149459375 0.155224609375 0.8224676078125001 0.2287749046875 0.8071545875 0.20356444062499998 0.7808498687500001
11 0.176855875 0.785027390625 0.1677045140625 0.77225511875 0.0929659359375 0.7819661453125 0.1130081296875 0.8140372171875001 0.14312761093749998 0.8083633203125 0.1337671265625 0.794724725 0.176855875 0.785027390625
8 0.303986509375 0.8693826093749999 0.26639528281249997 0.8413863328125 0.20547373593749998 0.8675711953125 0.2428655515625 0.8967796375000001 0.303986509375 0.8693826093749999
8 0.22297727968749997 0.883010921875 0.20465667031249998 0.8682628843750001 0.24019087187500002 0.8510494265625 0.22510120625000002 0.8401741625 0.1593242984375 0.8659481187500001 0.1962411140625 0.8959064609375 0.22297727968749997 0.883010921875
11 0.41746039375 0.9213267625 0.3658169578125 0.8996618328125001 0.3240136546875 0.9357460640624999 0.376284465625 0.9600099609375 0.41746039375 0.9213267625
10 0.34552324687499997 0.916145934375 0.32332643125 0.9057226640625 0.276810421875 0.94266636875 0.3263544421875 0.968543065625 0.3479305046875 0.94853888125 0.32353865000000004 0.9364959624999999 0.34552324687499997 0.916145934375
10 0.5601106359375 0.9476794312499999 0.5012092265625 0.9380711156249999 0.49618825156249996 0.9899683125 0.5575408609375 0.9975015640624999 0.5601106359375 0.9476794312499999
9 0.5305095890625 1 0.531078740625 0.9959058828125 0.4966729703125 0.9912969031250001 0.4985504515625 0.9542333453125 0.472753025 0.9485971093750001 0.4653278890625 0.9980083359374999 0.47619992343749995 1 0.5305095890625 1
6 0.714861459375 1 0.6857696578125 0.9512029484375001 0.634442228125 0.9532677359375 0.6574483343749999 1 0.714861459375 1
6 0.6582169875 1 0.64260626875 0.9741793375000001 0.6185385937500001 0.9729911359375001 0.6324703234375 1 0.6582169875 1
11 0.789558053125 0.9219288671875001 0.7521611640625 0.935502396875 0.810011875 0.9835610734375001 0.8473131453124999 0.9641561265625 0.789558053125 0.9219288671875001
11 0.82676345 1 0.8509930390625 0.9909505031249999 0.831636521875 0.9739493421875001 0.8112471906250001 0.98460203125 0.7714512124999999 0.9529076156249999 0.7535033624999999 0.95940675 0.805041321875 1 0.82676345 1
11 0.8444441296875 0.8768561078125 0.8236851328125001 0.8961686046875 0.8932309296875 0.9308489249999999 0.9108254515624999 0.9072596015625001 0.8444441296875 0.8768561078125
7 0.84945495625 0.9105228593750001 0.8408190109375001 0.9202681343749999 0.9111154046875001 0.954660821875 0.9305629 0.9326329375 0.9040424796875 0.9185663156249999 0.8944662453125 0.93188988125 0.84945495625 0.9105228593750001
3 0.5102433375000001 0.7751230437500001 0.4619361796875 0.7652407953125 0.4536924296875 0.8003902234375 0.505895225 0.8101046859375 0.5102433375000001 0.7751230437500001