7 0.20375115781250003 0.3700385953125 0.14635755 0.4708511890625 0.18449155781249998 0.5140565875 0.24227035625 0.4142726921875 0.20375115781250003 0.3700385953125
9 0.1228608390625 0.5552045859375 0.1625356140625 0.4924538890625 0.14558716562500001 0.4739372890625 0.1660023421875 0.42970319218749997 0.1482835109375 0.40501439375 0.08511202343749999 0.5006834875 0.1228608390625 0.5552045859375
7 0.284256284375 0.5027408890625 0.23764805312499998 0.61795528125 0.2892637796875 0.6621893796875 0.33548681875 0.5408027875 0.284256284375 0.5027408890625
3 0.22609229218750002 0.7167104765625 0.2599891875 0.6405866796875 0.23764805312499998 0.62104138125 0.253440925 0.5706350859375 0.23032940468750002 0.5500610859374999 0.1740913734375 0.675562478125 0.22609229218750002 0.7167104765625
1 0.38325062656250003 0.5624054859375 0.35667237812499997 0.6981938796875 0.419458675 0.7228826781250001 0.44257019375000006 0.584008184375 0.38325062656250003 0.5624054859375
3 0.368998521875 0.809293471875 0.39056927343750003 0.714653078125 0.3559019953125 0.7002512765625 0.36476141093750003 0.64984498125 0.3393387390625 0.63647188125 0.30621222812500004 0.7825472718750001 0.368998521875 0.809293471875
2 0.49457111249999997 0.597381284375 0.49187476874999997 0.7393418765625 0.558898175 0.741399275 0.5558166390625 0.600467384375 0.49457111249999997 0.597381284375
9 0.5253864734375 0.8360396703124999 0.5273124328125001 0.743456675 0.49148957656250003 0.7424279765625 0.49187476874999997 0.6776198796874999 0.4641409453125 0.6745337796875 0.4572074890625 0.8329535703125 0.5253864734375 0.8360396703124999
3 0.6151362078125 0.5706350859375 0.6432552234375 0.704366078125 0.7048859421875 0.6765911796874999 0.67291500625 0.5469749859374999 0.6151362078125 0.5706350859375
11 0.694100565625 0.7825472718750001 0.6733001984375 0.6930503796874999 0.643640415625 0.7074521781249999 0.6313142703125 0.65293108125 0.6012692953125 0.665275478125 0.6301586953125 0.816494371875 0.694100565625 0.7825472718750001
9 0.7183676625000001 0.5006834875 0.766901853125 0.61281178125 0.8165916203125001 0.574749884375 0.7676722375 0.46365028906249994 0.7183676625000001 0.5006834875
4 0.8200583484375 0.6796772796874999 0.7884726046874999 0.5994386828125 0.7680574296875 0.61589788125 0.7464866765625 0.5706350859375 0.717597278125 0.5912090828125 0.7657462765624999 0.7218539765624999 0.8200583484375 0.6796772796874999
5 0.8762963796875001 0.553147184375 0.9113488515625001 0.5006834875 0.8874669468749999 0.46673639062500005 0.8720592671875 0.4873103890625 0.8269918031250001 0.433817990625 0.8104285484375 0.459535490625 0.8762963796875001 0.553147184375
5 0.8370067953125 0.349464596875 0.8023395171875001 0.39678479375000003 0.8666665796874999 0.478052090625 0.9001782828125 0.43176059218749996 0.8370067953125 0.349464596875
6 0.452500590625 0.21128412343749997 0.450382034375 0.30973070625 0.503345934375 0.306335996875 0.5020748 0.2124156921875 0.452500590625 0.21128412343749997