7 0.1942854078125 0.4688604515625 0.2653999703125 0.3810352359375 0.2334069625 0.33059555625 0.162530709375 0.41950217343749996 0.1942854078125 0.4688604515625
9 0.1275176109375 0.49829405 0.1755467984375 0.4436629703125 0.16133813749999998 0.4224008171875 0.18771485000000002 0.382535328125 0.17360232343749998 0.35506121562500004 0.097719496875 0.4378696984375 0.1275176109375 0.49829405
7 0.27743455625 0.6334286890625 0.3401110515625 0.5222720265625 0.294669359375 0.4756253734375 0.23247049999999997 0.5806391875 0.27743455625 0.6334286890625
3 0.20727929375 0.675745596875 0.2514474203125 0.6069180703125 0.23204093124999997 0.5836760562500001 0.254698759375 0.536907484375 0.23467245781249998 0.512514953125 0.1615041671875 0.6259238515625001 0.20727929375 0.675745596875
1 0.39793388125 0.71651374375 0.44015450625 0.5840014171875 0.38441025624999997 0.5521000359375 0.3391856859375 0.680953484375 0.39793388125 0.71651374375
3 0.335929303125 0.79249233125 0.37046678593750004 0.7032320000000001 0.33813630625 0.682839834375 0.353927109375 0.6348272406250001 0.33060947343749997 0.6171060625 0.2774674875 0.7549074906250001 0.335929303125 0.79249233125
2 0.533459996875 0.759753628125 0.5500249015625001 0.6205170843750001 0.489795740625 0.60649135 0.467365125 0.7457034984375001 0.533459996875 0.759753628125
9 0.48709596875 0.846871478125 0.5018905 0.75611099375 0.46655405468750005 0.7486712546875001 0.475956475 0.6849661359375 0.4489179390625 0.6769531765625 0.4199997796875 0.83160171875 0.48709596875 0.846871478125
3 0.687069959375 0.722172984375 0.673447175 0.5888881953125 0.612928609375 0.601803996875 0.622163621875 0.7384468203125001 0.687069959375 0.722172984375
11 0.661639434375 0.82450364375 0.6534958140625 0.7327024015625 0.62211555625 0.7415528015625 0.6174965343750001 0.6856898671875 0.5860211546875 0.6924465718749999 0.5935849531249999 0.8464365421875 0.661639434375 0.82450364375
9 0.8118811031250001 0.6419989203124999 0.7788948515625 0.5238943953125 0.7249078578125 0.55149043125 0.7573694203125 0.6705381328125 0.8118811031250001 0.6419989203124999
4 0.8007093203125001 0.7458744515625 0.7805949578125 0.6612486640624999 0.75808435625 0.6737823374999999 0.7430205984375 0.6253713140625 0.7115442078124999 0.640433671875 0.7410468625 0.777633471875 0.8007093203125001 0.7458744515625
5 0.8740207984374999 0.631453259375 0.9160400781250001 0.586115728125 0.8971122296875 0.5484252109375001 0.8789883890624999 0.565906503125 0.8417985578125 0.5051813078125 0.8218142671875001 0.5275167125 0.8740207984374999 0.631453259375
5 0.8749360718749999 0.5558283265624999 0.914570209375 0.5162880796875 0.8634591078125 0.4239705 0.8225372765625 0.46431570000000005 0.8749360718749999 0.5558283265624999
6 0.5389983359375 0.32166343125 0.5508125500000001 0.2290133390625 0.501870825 0.219005059375 0.4860693625 0.315501034375 0.5389983359375 0.32166343125