7 0.1746661734375 0.471089325 0.2478826375 0.3807314421875 0.2170388171875 0.331380890625 0.14403566875 0.42281245468749995 0.1746661734375 0.471089325
9 0.107159775 0.50287115 0.156499453125 0.446532184375 0.1427746453125 0.42575436718750004 0.1701007484375 0.384945428125 0.1566168140625 0.3579488234375 0.0787451203125 0.44345369375 0.107159775 0.50287115
7 0.25404899687500004 0.632845646875 0.31936402343750003 0.5194379703124999 0.27497248281250003 0.47435224375 0.2102785265625 0.5815969578125 0.25404899687500004 0.632845646875
3 0.18285240625000002 0.6776362875 0.22865856093749998 0.60722778125 0.20977789375000003 0.584650525 0.2335429140625 0.5370645234375 0.21406873124999998 0.513357753125 0.1382011078125 0.6293853375 0.18285240625000002 0.6776362875
1 0.372709325 0.711768846875 0.41804953593749994 0.5777079671875 0.3630038453125 0.5477355562499999 0.31474250625 0.6782404203125 0.372709325 0.711768846875
3 0.308885984375 0.789955325 0.345529675 0.699438934375 0.3136483609375 0.6801644734375001 0.3305698625 0.6315735765625 0.3076463625 0.6146568328125 0.2512529234375 0.754391184375 0.308885984375 0.789955325
2 0.5073363296875 0.7502998187500001 0.5271569953124999 0.6104069562500001 0.46720653125 0.5984768109374999 0.441516053125 0.7385501171875 0.5073363296875 0.7502998187500001
9 0.458906575 0.83908555625 0.47582653593749996 0.747757671875 0.440635225 0.74154785625 0.4515287078125 0.67747876875 0.424655259375 0.67040561875 0.3921125890625 0.8261505124999999 0.458906575 0.83908555625
3 0.6619437453125 0.7073335421875 0.6514140890625 0.5744500265625 0.5905465671875 0.5894865796875 0.59660675625 0.725883240625 0.6619437453125 0.7073335421875
11 0.6341098749999999 0.8106095140624999 0.628097665625 0.7190413765625 0.5964863203124999 0.7289926359375001 0.5931645718749999 0.6732598000000001 0.5615067859375 0.68111951875 0.5654904484375 0.834931384375 0.6341098749999999 0.8106095140624999
9 0.7887213484375 0.622755803125 0.7584592906250001 0.5057372796874999 0.7037866609375001 0.5352341640625 0.7335016453125001 0.6532147140625 0.7887213484375 0.622755803125
4 0.7751215921875 0.7270795421875 0.75696200625 0.6431089328125 0.7341416 0.6564357640625 0.7201932609374999 0.6085237703125 0.688341040625 0.6246938171875 0.7146720328125 0.7609399453125001 0.7751215921875 0.7270795421875
5 0.85115609375 0.6100340984375 0.8942646484375001 0.5632037609375 0.8761994828124999 0.5261532124999999 0.85765410625 0.5442772265625 0.821848859375 0.48481690312500003 0.801328509375 0.507862715625 0.85115609375 0.6100340984375
5 0.8538332671875001 0.534334940625 0.894419775 0.493388425 0.8454179078124999 0.402804246875 0.8035239359374999 0.4446011328125 0.8538332671875001 0.534334940625
6 0.5230814374999999 0.31177138437499996 0.5370627156250001 0.2186569203125 0.48831510937499994 0.21035227656250002 0.47025384687500005 0.30745402187500004 0.5230814374999999 0.31177138437499996