5 0.5322493125000001 0.5294628546875 0.538280196875 0.4512901953125 0.48309751875 0.44217882499999994 0.4738154234375 0.5185977687500001 0.5322493125000001 0.5294628546875
0 0.14946035156249998 0.6559482921875001 0.23050308749999998 0.5997675140625 0.1983390546875 0.5466702531250001 0.12271302656250001 0.6004106390625 0.14946035156249998 0.6559482921875001
8 0.07610793437499999 0.6721881953125 0.1352058765625 0.633761634375 0.1212293703125 0.6035823359375 0.1430922046875 0.5812161265625 0.13477828593750002 0.5624324203125 0.050042453125 0.61562813125 0.07610793437499999 0.6721881953125
1 0.1949486953125 0.8206959906250001 0.24191964375000002 0.7616275375 0.215184178125 0.7382693734375 0.240816140625 0.707410478125 0.21769181406250002 0.6824253859375 0.145088903125 0.772352734375 0.1949486953125 0.8206959906250001
5 0.27202629375 0.78561253125 0.332912015625 0.6981032640625 0.280886728125 0.6539541171875001 0.21855536562500003 0.7388962046875001 0.27202629375 0.78561253125
1 0.333454428125 0.9351902140625 0.366170903125 0.8539351 0.33638616250000003 0.8323083390624999 0.3479715203125 0.79883764375 0.31690506093750004 0.7838676953125 0.266902628125 0.8929367906250001 0.333454428125 0.9351902140625
9 0.3986830015625 0.871472225 0.44110323281249997 0.7690376328124999 0.3812557890625 0.733776746875 0.3394354375 0.8305769390625001 0.3986830015625 0.871472225
0 0.5533976265625 0.9036871328125 0.560578396875 0.7878050484375 0.494638334375 0.7720967125 0.482280809375 0.88816543125 0.5533976265625 0.9036871328125
5 0.504910934375 0.98775590625 0.5177602234375 0.8993591578125001 0.48135901875 0.8914416 0.48447246406250005 0.846052953125 0.45232622187500005 0.84122493125 0.43158467656250005 0.9660774406250001 0.504910934375 0.98775590625
6 0.7002283625 0.8861701906249999 0.678917975 0.774184028125 0.6135076890625 0.7804087875 0.6334924140625 0.8887008921874999 0.7002283625 0.8861701906249999
9 0.6793110390625 0.9696192171875 0.6689278828125 0.88954375 0.6343761921875 0.8911635984374999 0.623764940625 0.8455213859375 0.592344484375 0.8500218265624999 0.6067984546875 0.9779709546875001 0.6793110390625 0.9696192171875
3 0.82765995625 0.8248246015625 0.7856864921875 0.7239358390625 0.7283881890624999 0.745459190625 0.7722871984374999 0.8444076078125 0.82765995625 0.8248246015625
7 0.8283334281249999 0.9099898 0.798770853125 0.8378400390625 0.7730510015625 0.84799719375 0.7546175953125001 0.8112432453125 0.7244847859375 0.8251766203124999 0.7658203546875 0.9374386593749999 0.8283334281249999 0.9099898
7 0.9370471984375 0.741736859375 0.8765001234375 0.659229146875 0.833330390625 0.687976290625 0.8978105140625001 0.7712153078124999 0.9370471984375 0.741736859375
10 0.9068181328125 0.8211560999999999 0.94962200625 0.7796998484375 0.9296669312500001 0.7518564734375001 0.8991361796874999 0.7749093671875 0.85348740625 0.7193047796875 0.8412522953125 0.7319692609375 0.9068181328125 0.8211560999999999