5 0.47958782031249997 0.499506546875 0.486996515625 0.4203582859375 0.43190332187499997 0.41925204374999997 0.42127001875000003 0.49711668593749997 0.47958782031249997 0.499506546875
0 0.09409490937500001 0.681763 0.1762254421875 0.6137371703125 0.1449511265625 0.56524501875 0.068286965625 0.6300404328125 0.09409490937500001 0.681763
8 0 0.6658170984375 0.020364528125 0.7086799187499999 0.080211165625 0.6616189484375 0.06674582968750001 0.6334317046875 0.089028496875 0.607860890625 0.081033221875 0.5902611 0 0.65220885 0 0.6658170984375
1 0.13675358437500001 0.8401119421875001 0.1848195921875 0.774144578125 0.158459509375 0.7546407203125 0.1846649515625 0.7200188515625 0.1619491203125 0.69836138125 0.0876776703125 0.7989506140625 0.13675358437500001 0.8401119421875001
5 0.2145441609375 0.7937863140625 0.27704113124999996 0.6973204640625 0.225723453125 0.6606731781249999 0.161824 0.754778596875 0.2145441609375 0.7937863140625
1 0.27342879375 0.9346302671875 0.307611059375 0.8485188484374999 0.2781674765625 0.83119158125 0.2903542171875 0.795995225 0.2595106109375 0.7855194437499999 0.207532896875 0.90199146875 0.27342879375 0.9346302671875
9 0.33985714843750003 0.8613550546875001 0.3841267296875 0.7526274875000001 0.3248211609375 0.7260161421875 0.281250978125 0.8290149921875001 0.33985714843750003 0.8613550546875001
0 0.4942039875 0.8711346140625 0.5034249671875 0.7540618968749999 0.4376763296875 0.747913090625 0.42326873750000005 0.8659247375 0.4942039875 0.8711346140625
5 0.4441821265625 0.9623543078125 0.45859709843749996 0.8719783953125001 0.4222883515625 0.8693389890625 0.4262012890625 0.8234402859375001 0.3940987671875 0.8232761999999999 0.3711425328125 0.9513008125000001 0.4441821265625 0.9623543078125
6 0.6415285609375 0.8322643890625001 0.6221538468750001 0.7232316328125 0.5565512390625 0.7389668640625 0.574663346875 0.8444934484375001 0.6415285609375 0.8322643890625001
9 0.61912200625 0.9188583749999999 0.6101291265625 0.8401894515624999 0.575505084375 0.8468308953125 0.56568030625 0.8026721734375 0.53414099375 0.8117429812499999 0.54637078125 0.9377550843750001 0.61912200625 0.9188583749999999
3 0.7701974953125 0.752327984375 0.7299389125 0.6574086 0.6721904671875001 0.687283409375 0.714411053125 0.7799802437500001 0.7701974953125 0.752327984375
7 0.7693791296875 0.8375037000000001 0.741043515625 0.7695568765624999 0.7151129125 0.783463434375 0.6973002421875 0.74934065625 0.666884884375 0.7676693359375 0.706305421875 0.8740691390625001 0.7693791296875 0.8375037000000001
7 0.8811801984375001 0.653243175 0.822002209375 0.5794265281250001 0.7782736953125 0.6144817796875001 0.8413769234374999 0.6884592828125 0.8811801984375001 0.653243175
10 0.849520684375 0.7371550250000001 0.8931056265624999 0.6894276484375 0.8736131734375 0.6644478406250001 0.8426395281250001 0.691965453125 0.797907259375 0.642921796875 0.7854346109375 0.6573798609375 0.849520684375 0.7371550250000001