5 0.49805939375 0.511058621875 0.49994520781249996 0.43193663125 0.4446624453125 0.43147425000000006 0.43945564531250003 0.5093520390624999 0.49805939375 0.511058621875
0 0.12453405625 0.6975498296875 0.2020720640625 0.6286633234375001 0.167341103125 0.580604784375 0.09505456718750001 0.646201746875 0.12453405625 0.6975498296875
8 0.0937475796875 0.649606159375 0.11428643281249999 0.6238119625 0.10504343281249999 0.6063304296875 0.0236809375 0.6728105796875 0.052536931249999995 0.725288003125 0.109212578125 0.67759630625 0.0937475796875 0.649606159375
1 0.1941289203125 0.7695734578125 0.2179652375 0.7346953546874999 0.19368779375 0.713333534375 0.1263033171875 0.8146454765625 0.178359184375 0.8551760875 0.22190734375 0.7887422484375 0.1941289203125 0.7695734578125
5 0.25306675156249997 0.8080094953125 0.3089412875 0.7109523375 0.254954940625 0.674955475 0.19750990625 0.7696719140625 0.25306675156249997 0.8080094953125
1 0.319436828125 0.8446197984375001 0.3291857078125 0.80933145625 0.2975463203125 0.799230165625 0.253612278125 0.9161423921875 0.32192605625000004 0.9479665140625 0.35015273593749996 0.8615791453125 0.319436828125 0.8446197984375001
9 0.38336261875 0.8740211546875001 0.42011470937500006 0.764932225 0.3588264171875 0.739050146875 0.3223743125 0.8424103578125001 0.38336261875 0.8740211546875001
0 0.5387079640625 0.88198739375 0.5397561921875 0.7649737937500001 0.4734434671875 0.7596002453125 0.46726376406250003 0.87761190625 0.5387079640625 0.88198739375
5 0.46652027656249995 0.8810327296875 0.46722966875000005 0.8351537296875 0.4350503078125 0.8353641359375 0.4210051609375 0.963474171875 0.4949668625 0.9736604281250001 0.5030876234375 0.8832450875 0.46652027656249995 0.8810327296875
6 0.6836127453125 0.8414549546875 0.6565696140624999 0.732803246875 0.59193443125 0.7492808890625 0.6174670625 0.8544461359375 0.6836127453125 0.8414549546875
9 0.6184740625 0.8567704421875 0.6055395171875 0.81278910625 0.574570675 0.8222146953125 0.59564236875 0.9479048828125001 0.6672195140625 0.9281869203124999 0.6527038968750001 0.8497347984375001 0.6184740625 0.8567704421875
3 0.8069505234375001 0.760132271875 0.7599685125 0.6658173171875 0.7041928234375 0.6963228499999999 0.752985321875 0.78839554375 0.8069505234375001 0.760132271875
7 0.753932328125 0.79186559375 0.7336958375 0.75799904375 0.70450100625 0.776656225 0.7514465453125 0.8824450296874999 0.8120901984375 0.8451963062500001 0.7789426875000001 0.7776765250000001 0.753932328125 0.79186559375
7 0.9112262578125 0.6598946234375 0.8467628703125 0.5868729390625 0.8053981296874999 0.6223880937499999 0.8738060031250001 0.6955246453124999 0.9112262578125 0.6598946234375
10 0.9044278140625 0.6711715625 0.8753165031249999 0.6990111078125001 0.8270616015625001 0.65055874375 0.815575184375 0.6651416390625 0.8853735640625 0.7440561437500001 0.9257077765625 0.6958885687499999 0.9044278140625 0.6711715625