5 0.48034335781250004 0.5315980234375 0.48361353124999995 0.4524516171875 0.42830232968750004 0.45070152812500003 0.42173072500000003 0.528525328125 0.48034335781250004 0.5315980234375
0 0.103311240625 0.7095524125 0.1821046625 0.6424119562499999 0.148190859375 0.593503175 0.07470988125 0.6574735296875 0.103311240625 0.7095524125
8 0.07334251875 0.6608504484375 0.09434584375 0.635512240625 0.08540232656249999 0.617800378125 0.0028239546875 0.6824433437499999 0.0307816671875 0.735638021875 0.08832844375 0.6892248828125 0.07334251875 0.6608504484375
1 0.17169304999999999 0.78325881875 0.1961548109375 0.748905646875 0.1722347515625 0.7269600546875 0.10303474374999999 0.8267903828125001 0.15441649531249999 0.8685681640625 0.199154740625 0.8030910109375 0.17169304999999999 0.78325881875
5 0.2299979265625 0.8231004703125 0.2876060125 0.72726058125 0.2342132515625 0.6899755125 0.17507455 0.783436090625 0.2299979265625 0.8231004703125
1 0.295771871875 0.861287878125 0.306144059375 0.8261960734375 0.27466035 0.8153493062500001 0.22865356406249998 0.9313394562499999 0.2964561609375 0.9647818078125001 0.326211609375 0.87897711875 0.295771871875 0.861287878125
9 0.35922593593749996 0.89220319375 0.3979092671875 0.7838758609375 0.33703292500000004 0.756544278125 0.29874992031250003 0.85914493125 0.35922593593749996 0.89220319375
0 0.51453465 0.90379366875 0.5176290625 0.786703425 0.45136646249999995 0.7797810843749999 0.4431197390625 0.8977507625 0.51453465 0.90379366875
5 0.44231596093750003 0.9011572265625001 0.4438278234375 0.8552551234375001 0.411623525 0.8547163859375001 0.3953296359375 0.982610003125 0.46916213593749995 0.9945273218749999 0.4788687921875 0.9042229984375 0.44231596093750003 0.9011572265625001
6 0.6602437015625 0.8666004624999999 0.635082021875 0.7572251999999999 0.570116096875 0.7722119859375 0.5938272234374999 0.878062603125 0.6602437015625 0.8666004624999999
9 0.594794259375 0.880412365625 0.582619996875 0.8360918546875 0.5514659265625 0.844804446875 0.570354378125 0.971093853125 0.6423234953125 0.9530256015624999 0.6291696953125 0.8741677171875001 0.594794259375 0.880412365625
3 0.7850845468750001 0.7880795796875 0.739720196875 0.6925891578125001 0.6833744 0.721822246875 0.730589628125 0.8151106328125 0.7850845468750001 0.7880795796875
7 0.7314765999999999 0.8186057328125 0.71181875625 0.7842387109375 0.6822784937499999 0.8022321765625 0.727405775 0.909205509375 0.788740628125 0.873336759375 0.75675151875 0.8049867984375 0.7314765999999999 0.8186057328125
7 0.8911814031249999 0.6901835234375 0.8279519046875 0.6155976875 0.78593900625 0.6501802984375 0.8531135843750001 0.72497295 0.8911814031249999 0.6901835234375
10 0.8841813374999999 0.701311890625 0.8545641375 0.7284975953124999 0.80712434375 0.6788797296875 0.7953754156249999 0.6932077484375 0.8638404171875 0.7738157203125 0.905043284375 0.7265457671875 0.8841813374999999 0.701311890625