5 0.48132247499999997 0.48670733281249995 0.47906263750000005 0.40818038906250004 0.42369663593749995 0.41510920625000003 0.42256671562500003 0.49284898125 0.48132247499999997 0.48670733281249995
0 0.1171745390625 0.7211083125 0.1911841984375 0.6425995 0.1538968875 0.5996957875 0.0849718640625 0.6742486265625 0.1171745390625 0.7211083125
8 0.0838419453125 0.6777912203125 0.103050559375 0.6495289859375 0.09288129218749999 0.6334695375 0.014916918749999999 0.7101087374999999 0.0465546359375 0.758168975 0.1007907234375 0.7034154734375 0.0838419453125 0.6777912203125
1 0.1906192375 0.783062453125 0.21265264843749998 0.7453729890624999 0.18722948281250001 0.7274835203125 0.12508396875 0.8367140515625 0.17932005625 0.8698556703125 0.219432159375 0.7983146046875 0.1906192375 0.783062453125
5 0.251634834375 0.81321243125 0.3024811640625 0.7097289625000001 0.24655020312499998 0.6813304890625 0.1940089953125 0.7827081265625 0.251634834375 0.81321243125
1 0.3199949015625 0.8405632078125 0.32790433124999996 0.8043500984374999 0.2957016546875 0.798584234375 0.2578493890625 0.92011486875 0.32790433124999996 0.9424710062500001 0.35163262031250003 0.8532370968749999 0.3199949015625 0.8405632078125
9 0.385530171875 0.8611087890625001 0.4166029296875 0.7482772718749999 0.3538924546875 0.7308609046875 0.32281970000000004 0.8379849484375 0.385530171875 0.8611087890625001
0 0.54145891875 0.8482342828125 0.5363742859375 0.732333271875 0.46970909687500007 0.7358771953125001 0.46970909687500007 0.8534511921875 0.54145891875 0.8482342828125
5 0.4691441375 0.85693473125 0.46744925937500004 0.8114520875 0.435246584375 0.8159596796875 0.4279021140625 0.9445748390625001 0.50247673125 0.9447701343749999 0.5058664890625 0.85423769375 0.4691441375 0.85693473125
6 0.684393603125 0.7887752296875 0.65162596875 0.684899840625 0.5877855750000001 0.7098369015625 0.6188583328124999 0.8104649671875 0.684393603125 0.7887752296875
9 0.619988253125 0.8126298484375001 0.6047343515625 0.7708475031249999 0.5742265546875001 0.7843098921875 0.6019095562500001 0.9058391953125 0.672529459375 0.8767689984375 0.6538858046875 0.8010961234374999 0.619988253125 0.8126298484375001
3 0.8035999984375 0.69184413125 0.7516237515624999 0.604816025 0.6973876640625 0.6424471031250001 0.7510587906249999 0.72701505625 0.8035999984375 0.69184413125
7 0.7521887109375001 0.7303214312499999 0.7301553000000001 0.6995211921875 0.7019073390624999 0.7218793265625 0.7544485484375001 0.820263328125 0.8132043078125 0.77531084375 0.7764819578125 0.712942659375 0.7521887109375001 0.7303214312499999
7 0.9027324625 0.578747409375 0.8343723953125 0.5151202859375 0.7948252499999999 0.5557819296875001 0.8671400312499999 0.6189956734375001 0.9027324625 0.578747409375
10 0.8965179109375001 0.5908119562499999 0.8688349078125001 0.6222429968750001 0.817988578125 0.5807565859375 0.8072543515625 0.5967180546875 0.8812640125 0.6654621109375001 0.919116278125 0.61242118125 0.8965179109375001 0.5908119562499999