5 0.535792225 0.5188152625 0.5211710703125 0.440273625 0.4666662671875 0.44655450781250006 0.47775984843749997 0.5242694859375 0.535792225 0.5188152625
0 0.2070106359375 0.7489265374999999 0.2689768390625 0.671294171875 0.22478693437500002 0.6279611875 0.1673041046875 0.7016975796875 0.2070106359375 0.7489265374999999
8 0.1667267546875 0.7052264421875 0.1815691640625 0.6771928593750001 0.1688318078125 0.6610169875 0.1026004734375 0.7367338125 0.1419285515625 0.7851565421875 0.1877761328125 0.73104490625 0.1667267546875 0.7052264421875
1 0.2905038265625 0.8117295734375001 0.3066998328125 0.7743031703125001 0.27835771875000004 0.7561193234375 0.23313706875 0.8646074499999999 0.2928102140625 0.8983778265625 0.3218348578125 0.8273161046874999 0.2905038265625 0.8117295734375001
5 0.356513909375 0.84258796875 0.391292696875 0.739714028125 0.33066375468750003 0.7106662859374999 0.29385184999999997 0.8114149062499999 0.356513909375 0.84258796875
1 0.42945849375 0.8707333937499999 0.43170440781249997 0.8346180984375 0.398461778125 0.8284768343750001 0.3795694734375 0.9495470750000001 0.45343029687499997 0.9727184078125 0.46322043749999997 0.8837750515625 0.42945849375 0.8707333937499999
9 0.49849618125 0.89204163125 0.511949315625 0.77959 0.446240303125 0.7614435125 0.4318894078125 0.8681885234375001 0.49849618125 0.89204163125
0 0.6530438453125 0.880990934375 0.6297074296875 0.7650478 0.563324340625 0.7678122703125 0.581818278125 0.8853687328125 0.6530438453125 0.880990934375
5 0.5817989328125 0.8888451500000001 0.5729428109375 0.8433494890625 0.5413161546875 0.847480146875 0.554172021875 0.9759903109374999 0.6290853703125 0.977056915625 0.6182487234375 0.8865775843750001 0.5817989328125 0.8888451500000001
6 0.787216209375 0.8232108140625 0.7379740359375 0.71896805625 0.6777924703125 0.74315548125 0.7248219734375 0.8441315953125 0.787216209375 0.8232108140625
9 0.7262970859375 0.8463093562499999 0.7044079812499999 0.8043550140625 0.6758917609374999 0.8174589375 0.7228051921875001 0.9392935687499999 0.78914414375 0.9110528375 0.758520434375 0.8351734140625 0.7262970859375 0.8463093562499999
3 0.8916680703125 0.72768699375 0.8257879609375 0.6400645703125 0.7772470874999999 0.677056334375 0.844442103125 0.7622387749999999 0.8916680703125 0.72768699375
7 0.8460967703125 0.765557859375 0.8191275984375 0.7345047734375 0.7942798125 0.7565295203125 0.8625134546875 0.8555127468749999 0.9144410390625 0.8112534765625 0.8677567406250001 0.7484655250000001 0.8460967703125 0.765557859375
7 0.9734202968749999 0.6157654124999999 0.8947695843749999 0.551349053125 0.8614550171875001 0.591542559375 0.9440117562499999 0.655591809375 0.9734202968749999 0.6157654124999999
10 0.9690777859375 0.62775555 0.9462244265624999 0.65885845 0.8886424343750001 0.616784134375 0.88037455 0.6326178031249999 0.965503065625 0.70221634375 0.9951685375 0.6496255953125 0.9690777859375 0.62775555