5 0.449969184375 0.43581225312500005 0.44884081406250004 0.5137545171875 0.50751605 0.5137545171875 0.5052593109375 0.43466604374999995 0.449969184375 0.43581225312500005
0 0.1805391890625 0.5928429921875 0.11170862343750002 0.6604693703125 0.14386716718749998 0.7109025984375 0.2177753984375 0.6398375921875 0.1805391890625 0.5928429921875
8 0.0733440453125 0.740704053125 0.12750580312499998 0.691417034375 0.110580253125 0.6639079984375 0.1297625421875 0.6375451734375 0.11960721249999999 0.620352028125 0.0417496875 0.6891246125 0.0733440453125 0.740704053125
1 0.2059275140625 0.8667871281249999 0.245984646875 0.799160753125 0.2172112125 0.7808213953124999 0.23921442656249997 0.74528889375 0.213826103125 0.7246571171875 0.15176575625 0.8278159953124999 0.2059275140625 0.8667871281249999
5 0.273065525 0.684539775 0.2205963234375 0.7808213953124999 0.2781431890625 0.817500109375 0.32891983593749996 0.7189260671875 0.273065525 0.684539775
1 0.3543081609375 0.9552978187500001 0.3780039296875 0.868185875 0.34640957031249997 0.8521389390625 0.3543081609375 0.8166064343749999 0.3221496171875 0.8074367562500001 0.28434922500000004 0.9254963640625 0.3543081609375 0.9552978187500001
9 0.38026066875 0.745541428125 0.349230496875 0.8498465203125001 0.4118550265625 0.879647971875 0.4428852 0.769611834375 0.38026066875 0.745541428125
0 0.4959185875 0.762734575 0.4959185875 0.8807941843749999 0.5675700781249999 0.883086603125 0.5624924140625 0.76617320625 0.4959185875 0.762734575
5 0.528641315625 0.9759295953124999 0.5320264265625 0.885379021875 0.495354403125 0.8842328125 0.4936618484375 0.8383844203124999 0.4615033046875 0.8395306296875 0.4541689 0.9679061265625 0.528641315625 0.9759295953124999
6 0.613833246875 0.748980059375 0.6448634203125 0.8532851484374999 0.7103088765625001 0.8383844203124999 0.6775861484375 0.7306407015625 0.613833246875 0.748980059375
9 0.6984609921875 0.9254963640625 0.6798428875 0.8475540984375 0.645991790625 0.8555775671875001 0.6307587953125 0.812021596875 0.6002928078124999 0.822337484375 0.6279378703125 0.94727435 0.6984609921875 0.9254963640625
3 0.7232851296875 0.6928157781250001 0.7768827015624999 0.7833663515625 0.8293519046875 0.7535648968750001 0.7774468875 0.6607219046874999 0.7232851296875 0.6928157781250001
7 0.8389430499999999 0.8383844203124999 0.8022710265624999 0.771904253125 0.7780110734375 0.7868049796875 0.756007859375 0.7535648968750001 0.727798609375 0.7730504640625 0.7802678125 0.877355553125 0.8389430499999999 0.8383844203124999
7 0.8205891796874999 0.6160197234375 0.8928048562500001 0.6870847296875 0.928348509375 0.6504060171875 0.860082128125 0.5793410125 0.8205891796874999 0.6160197234375
10 0.9069094812499999 0.7352255421875 0.944709871875 0.6859385203125 0.922142475 0.6618681140625 0.8944974109375 0.690523359375 0.8437207640625 0.643528759375 0.8330012484375 0.6584294859375001 0.9069094812499999 0.7352255421875