3 0.24990547031250002 0.5819990921875 0.30504918124999997 0.5144004046874999 0.2659387125 0.4760256078125 0.209162740625 0.5425180968750001 0.24990547031250002 0.5819990921875
6 0.205994896875 0.598234509375 0.229614165625 0.566392953125 0.2082346109375 0.5437436890625 0.238030759375 0.5057025296875 0.22266818281249998 0.4875019265625 0.1651561375 0.5575756796875 0.205994896875 0.598234509375
5 0.11743680000000001 0.5586186468750001 0.1535388890625 0.6042276109375 0.1801026625 0.576977996875 0.16371592968749998 0.5588251515625 0.195592328125 0.514775421875 0.1801337234375 0.49539698593750003 0.11743680000000001 0.5586186468750001
1 0.10546759218749999 0.6135631781249999 0.133887625 0.583862378125 0.11711677812500002 0.5609981953125 0.1504014484375 0.52161204375 0.13657510781249999 0.5033398015625 0.0712217625 0.565503028125 0.10546759218749999 0.6135631781249999
8 0.28363987968750004 0.6868340921875 0.3236450078125 0.5974774203125001 0.27259683125 0.570300121875 0.2312794625 0.6561710484375001 0.28363987968750004 0.6868340921875
10 0.2303200546875 0.7200606609375 0.25473926874999997 0.6728117421875 0.23105546875 0.65972843125 0.24923370937499997 0.6115882312500001 0.227086146875 0.59843328125 0.17808759999999998 0.6846624015625 0.2303200546875 0.7200606609375
5 0.46683626875 0.7019374046875 0.480373209375 0.6031742015625 0.4217720390625 0.59053686875 0.4041704046875 0.68357805625 0.46683626875 0.7019374046875
1 0.425358340625 0.74170563125 0.433999146875 0.6963748125 0.403434334375 0.68715931875 0.4122350390625 0.6311802296875 0.3848387265625 0.62299929375 0.362916471875 0.7197888984375 0.425358340625 0.74170563125
7 0.378951684375 0.7840683234375 0.38967274218750003 0.7327289343750001 0.3619883421875 0.7210144921875 0.37178127031249997 0.6709006984375 0.3415364765625 0.65930565625 0.315677715625 0.7645550203125 0.378951684375 0.7840683234375
11 0.5825345296875 0.7402876484375 0.573251928125 0.6390416453125 0.510586284375 0.6395992859375 0.5167964140625 0.7409885671875001 0.5825345296875 0.7402876484375
11 0.55680329375 0.8029678140625001 0.55190584375 0.742898259375 0.517180528125 0.7456999046874999 0.51202715 0.6951007812500001 0.4842788765625 0.6952124484375 0.490233078125 0.8060721609374999 0.55680329375 0.8029678140625001
10 0.746623890625 0.7480057859375 0.7074486734375001 0.64578913125 0.646799625 0.6710812953125 0.6840225578125 0.7745713015625 0.746623890625 0.7480057859375
11 0.8808214265625001 0.5845002328125 0.8224435921875 0.5115545484374999 0.77638889375 0.5456246390625 0.8370070999999999 0.6208304765625 0.8808214265625001 0.5845002328125
12 0.8827104968749999 0.65180395625 0.8550897515625 0.6093464234375 0.8388314203125 0.624292340625 0.803529496875 0.5821930015625 0.7751733375 0.6000677 0.8332633062499999 0.6883968703125001 0.8827104968749999 0.65180395625
9 0.9593289140625 0.5323644062499999 0.9230349875 0.5033167656249999 0.8962474390624999 0.5530407515625 0.9329574140625001 0.5808866796875 0.9593289140625 0.5323644062499999
9 0.9213066968750001 0.5010327343750001 0.8504152015625 0.45113453281250004 0.82129125 0.49742053437499995 0.8941030968750001 0.5519584375 0.9213066968750001 0.5010327343750001
9 0.985412328125 0.48030863124999995 0.9475821671875 0.451332628125 0.9232589828125001 0.4997593828125 0.959264821875 0.525273521875 0.985412328125 0.48030863124999995
1 0.9463659515625 0.4490247171875 0.8770747859375 0.4061457625 0.8521754296875 0.4475055109375 0.9215306890624999 0.4974753515625 0.9463659515625 0.4490247171875
0 0.48965572812499997 0.4584992109375 0.48760653749999994 0.3829267703125 0.4335502 0.381900625 0.43435123906250006 0.46107820625 0.48965572812499997 0.4584992109375