3 0.22629294843749997 0.5439284468750001 0.2919464078125 0.4853774234375 0.259392340625 0.4419381765625 0.19229984375 0.49916387812499996 0.22629294843749997 0.5439284468750001
6 0.18011523437500002 0.55354833125 0.20870473750000001 0.5256273359375 0.19118056875 0.5002358124999999 0.22690143749999997 0.4671071734375 0.214621753125 0.44696625624999997 0.14621808125 0.5076104734375 0.18011523437500002 0.55354833125
5 0.098729409375 0.50172420625 0.1271261359375 0.5518484531250001 0.15789015 0.5288740015625 0.1445871421875 0.5086317296875 0.1833460765625 0.469890028125 0.17116234218749998 0.448575821875 0.098729409375 0.50172420625
1 0.0779424875 0.5540738593750001 0.11094505156250001 0.5289555390625 0.0980258453125 0.5040201078125001 0.137424303125 0.47007292031250003 0.1266796078125 0.45008403281250003 0.051784309375000004 0.5018057421875 0.0779424875 0.5540738593750001
8 0.24272887656250003 0.65200769375 0.29690216875000003 0.5698465609375 0.25069298125 0.5356999906250001 0.1957842171875 0.6142398984375 0.24272887656250003 0.65200769375
10 0.18446294531250002 0.6769894125 0.21634645312499998 0.6340183625 0.1949847046875 0.617709090625 0.2208242125 0.572956625 0.20099745000000002 0.5567993859375 0.1384137484375 0.6345791375000001 0.18446294531250002 0.6769894125
5 0.4219384296875 0.693413203125 0.45139214531249994 0.5981586046875 0.3953332890625 0.577229996875 0.3627776875 0.6662634062499999 0.4219384296875 0.693413203125
1 0.37435336874999997 0.7265495578125 0.3902793890625 0.683180803125 0.3614665140625 0.669681921875 0.379279409375 0.615854915625 0.3534405578125 0.6038333859375 0.3159921421875 0.6959305671875 0.37435336874999997 0.7265495578125
7 0.321459784375 0.7615257203125 0.34042386874999997 0.7125439046875 0.31487286718749996 0.697002503125 0.33271767343750003 0.649092625 0.3046083609375 0.6332978390624999 0.26188333125 0.73315195625 0.321459784375 0.7615257203125
11 0.5304423734375 0.7479232171875 0.537670784375 0.6469189562500001 0.47543985 0.6383897625 0.4651414625 0.7390899609375 0.5304423734375 0.7479232171875
11 0.49475319687499997 0.805893646875 0.4996466671875 0.746055878125 0.464757659375 0.7437831187499999 0.467860203125 0.6932303125 0.4403263734375 0.68932045625 0.42823705937499995 0.7993056140625 0.49475319687499997 0.805893646875
10 0.691903725 0.7792913218749999 0.6696476062500001 0.6730012046875 0.6054017109375 0.68911109375 0.6255152296875 0.7963717906250001 0.691903725 0.7792913218749999
11 0.8515150578125 0.6377884234375 0.8054662984375 0.55752881875 0.754267690625 0.58439330625 0.8021712000000001 0.6672022 0.8515150578125 0.6377884234375
12 0.8424642453125 0.70431119375 0.8219662671875 0.6585176500000001 0.803418334375 0.6708741015624999 0.7752454203125 0.6243204015625 0.7442256828125 0.6378071796875 0.7874920984375 0.73316751875 0.8424642453125 0.70431119375
9 0.9378267031249999 0.597842571875 0.9065516812500001 0.56399235 0.871917959375 0.60905659375 0.9038005921875 0.6417842046875 0.9378267031249999 0.597842571875
9 0.9052085968749999 0.5614937390625 0.8430102265625001 0.5021076765625 0.8066177046874999 0.5434493421875 0.869967259375 0.607680596875 0.9052085968749999 0.5614937390625
9 0.9721406640625 0.550381071875 0.9393306562499999 0.5163788171875 0.9073511968749999 0.560523159375 0.9389140671874999 0.5908535140625 0.9721406640625 0.550381071875
1 0.93849923125 0.513930884375 0.8767484859374999 0.4616859125 0.845344728125 0.498790515625 0.9060081109375 0.5580245484375 0.93849923125 0.513930884375
0 0.4840790234375 0.4570953109375 0.49431315 0.38241019375 0.440876428125 0.373569221875 0.4288194609375 0.4516221765625 0.4840790234375 0.4570953109375