8 0.28227142031249997 0.6349741796874999 0.275828859375 0.6295590546875001 0.231890709375 0.6608158953125 0.2489954359375 0.6812496390625 0.2780364515625 0.661356703125 0.268606953125 0.6471299515625 0.28227142031249997 0.6349741796874999
11 0.27218376875 0.6466194953125 0.2847582203125 0.6682276453125 0.3267104453125 0.6390138203125 0.3092475 0.617839378125 0.27218376875 0.6466194953125
1 0.323481853125 0.684168421875 0.31473196875 0.6757393375 0.2810187609375 0.7219892140625 0.308574721875 0.739435778125 0.33128900625 0.709096325 0.3135575828125 0.7023009375 0.323481853125 0.684168421875
8 0.3174504296875 0.6989300218750001 0.3399598828125 0.7182405234375 0.37152915000000003 0.67546389375 0.34584328750000004 0.66100570625 0.3174504296875 0.6989300218750001
2 0.3874909453125 0.7102255296875 0.3771555390625 0.7081813203125 0.3540937671875 0.7536149437499999 0.38816593125 0.7678440828124999 0.402135696875 0.73699298125 0.3840828765625 0.7251406234375 0.3874909453125 0.7102255296875
11 0.38738048125 0.72317435625 0.4156897 0.7377860359375 0.436049109375 0.6929140359375 0.40464248906250005 0.68243955 0.38738048125 0.72317435625
10 0.46845674375 0.7142431625000001 0.4559352078125 0.7120710406249999 0.4416286828125 0.7738511828125 0.48114239375 0.78264080625 0.48767395625 0.7434373703125 0.465970678125 0.740728015625 0.46845674375 0.7142431625000001
1 0.46803561406250005 0.737969884375 0.5005115234375 0.742749028125 0.5070009 0.6999444328125 0.47388755937499993 0.6929687765625 0.46803561406250005 0.737969884375
2 0.5710943640624999 0.733203859375 0.545540425 0.737466584375 0.5414734671875 0.718515428125 0.530743021875 0.720046796875 0.538092225 0.773017696875 0.5759253109375 0.7651550046875 0.5710943640624999 0.733203859375
10 0.549322071875 0.687306175 0.5374801515625001 0.6909317234375 0.5470891265625 0.7353979859375 0.581387584375 0.731646909375 0.5750869421875 0.701049246875 0.5556909875 0.7013538500000001 0.549322071875 0.687306175
9 0.5568024640625 0.6992596703125 0.5866496546875 0.6959678828125 0.5764876218749999 0.6565074296875 0.5434218375000001 0.66105036875 0.5568024640625 0.6992596703125
5 0.6101386578125 0.694463290625 0.598496940625 0.70025976875 0.6172508375 0.7495795359375 0.650269071875 0.7335180046875001 0.6376892546875 0.70399241875 0.6181406484374999 0.7136446890625 0.6101386578125 0.694463290625
12 0.6085684953125 0.66486215 0.5999873578125 0.67083770625 0.6194101390625 0.7101202765625 0.6481826765625 0.704606396875 0.638026009375 0.673063378125 0.6174817578125 0.6797784390625 0.6085684953125 0.66486215
0 0.618235015625 0.6769435578125 0.6480400203125 0.6700506140625 0.626115078125 0.63350059375 0.5993338328125 0.6448888921875 0.618235015625 0.6769435578125
9 0.6763906890625 0.6285251390625 0.654740328125 0.645251815625 0.689497471875 0.6731960609375001 0.709520125 0.6592530984375 0.6763906890625 0.6285251390625
11 0.6633321953125 0.6551111281249999 0.658248865625 0.66129134375 0.6917787046874999 0.6963611609375 0.7133500578125 0.6803495984375 0.702529875 0.6667612140625 0.6891814390625 0.6760565203125 0.6633321953125 0.6551111281249999
8 0.4907637859375 0.5521677828125 0.4626601359375 0.5476444640625 0.4561653953125 0.582531625 0.48677120625 0.5843223953125001 0.4907637859375 0.5521677828125