8 0.282984628125 0.66607221875 0.2758780984375 0.66173463125 0.23574367343749997 0.6990130031249999 0.2553513078125 0.716468034375 0.28197188125 0.6925802375 0.2708006453125 0.680053246875 0.282984628125 0.66607221875
11 0.27431635625 0.6790130125 0.289535609375 0.698303175 0.3279330421875 0.6633277125 0.30787655625 0.645200453125 0.27431635625 0.6790130125
1 0.3302208203125 0.708090559375 0.3204378671875 0.7011458390625 0.2923640390625 0.75158254375 0.3220616078125 0.7645315234375001 0.3410767265625 0.7313552078125001 0.3225086703125 0.7273676296875 0.3302208203125 0.708090559375
8 0.32599100000000003 0.7234749265625 0.350868028125 0.739013046875 0.377221553125 0.6923054875 0.34975990156250003 0.6820045296874999 0.32599100000000003 0.7234749265625
2 0.3974366 0.72398198125 0.3868477390625 0.723537096875 0.36932939062500003 0.7715662125 0.40515233281249996 0.780377153125 0.41535731093750006 0.7480186265625 0.3958498203125 0.7391210078125 0.3974366 0.72398198125
11 0.398908334375 0.736695428125 0.4290130296875 0.7467510484375001 0.44389668281250005 0.6996803875000001 0.4111990171875 0.694148809375 0.398908334375 0.736695428125
10 0.47892206249999997 0.7157042796875001 0.46613066718749996 0.71546384375 0.459368084375 0.7782001968750001 0.4999698421875 0.7808564078125 0.5017133890625 0.7414304953124999 0.479671346875 0.7420487390625 0.47892206249999997 0.7157042796875001
1 0.4813999921875 0.7390327109375 0.5144714046875001 0.738818459375 0.51573271875 0.6958678468749999 0.48175525468749997 0.694024525 0.4813999921875 0.7390327109375
2 0.5839129640625 0.7188086640625 0.5588708203125 0.7268443125 0.5524867453125 0.7088757109375 0.5419396109375 0.7119964140625 0.5557640265625 0.7628273078125 0.5926497890625 0.7494089328125 0.5839129640625 0.7188086640625
10 0.556524625 0.6770896421875 0.5451215125 0.682431478125 0.5601673078125 0.7245822921875 0.594019590625 0.7157288484375 0.5839779328125 0.68667748125 0.5646123125 0.6899028609375 0.556524625 0.6770896421875
9 0.5654682906249999 0.6876817296875 0.59492385 0.6799503 0.5799364703125 0.642791309375 0.5474140546874999 0.6522352 0.5654682906249999 0.6876817296875
5 0.61823734375 0.6749306796875 0.6072997734375 0.682370978125 0.6320867953125 0.7279009249999999 0.663154165625 0.7071698234375 0.6469621 0.680117146875 0.6285859828125 0.692531275 0.61823734375 0.6749306796875
12 0.6130496109375 0.6461426453125 0.6051955890625 0.653296715625 0.6294252703125001 0.6888839078125 0.657534271875 0.6791357953125 0.6435197046875001 0.64973931875 0.623788684375 0.6594236437500001 0.6130496109375 0.6461426453125
0 0.624195809375 0.6565302843749999 0.653169134375 0.645274159375 0.6267703 0.6127438859375001 0.601371103125 0.6279516015625 0.624195809375 0.6565302843749999
9 0.6764558015625 0.6002790640625 0.656841615625 0.6199470375 0.6950256515625 0.6421027593749999 0.7133516984375 0.625409925 0.6764558015625 0.6002790640625
11 0.6666412578124999 0.6283179921875 0.66231129375 0.635144946875 0.7001382796875 0.6644727375 0.7197608109375 0.6455178796875 0.7072763984375 0.633826675 0.6950590328125 0.6449552296875 0.6666412578124999 0.6283179921875
8 0.4814327625 0.5534176937499999 0.452766421875 0.5532230515625 0.4505322953125 0.5884111484375001 0.48136779062499996 0.585548875 0.4814327625 0.5534176937499999