8 0.30261678281250004 0.6791961703125 0.2953788296875 0.674558434375 0.25630514375 0.710288453125 0.2764355375 0.7285846578124999 0.3023770078125 0.7057258531249999 0.290832571875 0.6927134781250001 0.30261678281250004 0.6791961703125
11 0.2943203109375 0.6918141624999999 0.310112903125 0.711770875 0.3475156296875 0.6782783921875 0.32691645937499997 0.6592900546875 0.2943203109375 0.6918141624999999
1 0.35111140625 0.72324088125 0.34111911875 0.715880659375 0.3144982609375 0.7652921671875 0.34459393125000004 0.7794831421875 0.36265368750000004 0.747003559375 0.34395663593750003 0.7422492 0.35111140625 0.72324088125
8 0.34732771875 0.738489278125 0.3726751390625 0.7550789328125 0.397683365625 0.709335265625 0.36990241562500004 0.697889796875 0.34732771875 0.738489278125
2 0.4188366515625 0.7419114890625 0.4082276125 0.741033675 0.3920991375 0.7884623875 0.42820357031249995 0.7987553187499999 0.43747106718750006 0.7667361406250001 0.4176906390625 0.7570217609375 0.4188366515625 0.7419114890625
11 0.42068043906249997 0.7547151640624999 0.4510990671875 0.766022509375 0.46461903125 0.7194470703125 0.431737709375 0.7125687578125001 0.42068043906249997 0.7547151640624999
10 0.500135875 0.736937559375 0.48732877343750003 0.736174846875 0.4823926140625 0.7987844140625 0.5230994765625 0.8031029015625 0.5236935265625 0.7636544453125 0.5016545546875 0.763375159375 0.500135875 0.736937559375
1 0.5032963500000001 0.760422471875 0.5363839734375 0.761556546875 0.5363925921875 0.71855535 0.5023382484375001 0.715321859375 0.5032963500000001 0.760422471875
2 0.6052887015625 0.7443314359375 0.5804640765625 0.7513648140625 0.573551234375 0.73309315 0.5630880140625 0.73579109375 0.5784053671875 0.787306575 0.614924559375 0.7753607328125 0.6052887015625 0.7443314359375
10 0.5766641515625001 0.7013962609375 0.5654091984375 0.706285703125 0.581695425 0.7491502984375 0.61531230625 0.741656509375 0.6044159390625 0.7121265765625 0.5851312984375 0.7145697796875 0.5766641515625001 0.7013962609375
9 0.5859230328125 0.7123782828125 0.6151729515625 0.7058298515625 0.5990908734375 0.66797131875 0.5668219921875 0.676111196875 0.5859230328125 0.7123782828125
5 0.6383557796875 0.7017491609375 0.6276279312499999 0.7087610390625 0.653760625 0.7554100953125 0.6842440437499999 0.7358968484374999 0.667251421875 0.7081195046875 0.6492251390625 0.7198136421875 0.6383557796875 0.7017491609375
12 0.6323243187500001 0.67268115625 0.624673759375 0.6795318906250001 0.6499585437500001 0.7161918421875 0.6778021328125 0.7075670140625 0.6629200828124999 0.6775291140624999 0.6434583046875 0.686431703125 0.6323243187500001 0.67268115625
0 0.6437812609375 0.6835480765625 0.6724457484374999 0.6734469062499999 0.6450795546875 0.639762665625 0.6201069546875 0.653970584375 0.6437812609375 0.6835480765625
9 0.6944350125 0.6292946875000001 0.6753815296875 0.6482094046875 0.7142381390625 0.6719751171875 0.732089440625 0.65599006875 0.6944350125 0.6292946875000001
11 0.6854321421875 0.6569999281250001 0.6812984890625 0.6636665015625 0.720007128125 0.69460675625 0.7390897734374999 0.6764071890625 0.7262556625000001 0.6641790265624999 0.71435479375 0.674835725 0.6854321421875 0.6569999281250001
8 0.49791179999999996 0.5743678640625001 0.4692203046875 0.573003584375 0.46801165781250004 0.60818415 0.49878456250000003 0.606572721875 0.49791179999999996 0.5743678640625001