8 0.309221659375 0.68724035625 0.2982268703125 0.6736358953125 0.310541034375 0.66074745625 0.30350436875 0.6557352875 0.26304354375 0.6893884296875 0.28239437343749996 0.7087210859375 0.309221659375 0.68724035625
11 0.3553997765625 0.66217950625 0.3356091546875 0.642130825 0.30174520312499997 0.672919871875 0.31669811718749996 0.6936845765624999 0.3553997765625 0.66217950625
1 0.3677139390625 0.7316338640625 0.34924269375 0.7259056687500001 0.3571589421875 0.7072890375 0.3474835265625 0.6994127703124999 0.31889707500000003 0.7473863984375 0.3483631109375 0.763138934375 0.3677139390625 0.7316338640625
8 0.40421664062499996 0.6958326484375 0.3769495640625 0.6829442109375 0.35276102656249997 0.7223255484375 0.3773893546875 0.74022615625 0.40421664062499996 0.6958326484375
2 0.441598925 0.755262665625 0.4222480953125 0.7445223015625 0.4240072625 0.729485790625 0.41345226406249996 0.7280537421875 0.395420809375 0.774595321875 0.431043928125 0.7867677359374999 0.441598925 0.755262665625
11 0.4706251703125 0.7094371109375001 0.43808059374999997 0.70084481875 0.4253266375 0.7423742296875 0.45523246406249995 0.755262665625 0.4706251703125 0.7094371109375001
10 0.527798075 0.756694715625 0.5058084968750001 0.755262665625 0.5053687046875 0.7287697671875 0.49261474843749997 0.7273377171875001 0.48513829218750004 0.7896318328125 0.5255991171875001 0.7960760515625 0.527798075 0.756694715625
1 0.5423111984375 0.7123012078125 0.5084472453125 0.7072890375 0.5075676625 0.75239856875 0.5405520312500001 0.755262665625 0.5423111984375 0.7123012078125
2 0.5814526484375 0.7831876140625 0.6183951421875 0.7731632734375 0.6100391015625 0.7416582046875 0.58497098125 0.7473863984375 0.5788138984375 0.7287697671875 0.5682589 0.7309178390625 0.5814526484375 0.7831876140625
10 0.6104788921875001 0.7094371109375001 0.5911280624999999 0.710869159375 0.5832118140625 0.6972646984375 0.5717772328125 0.70156084375 0.5862903562499999 0.7452383265625 0.6201543078125 0.73951013125 0.6104788921875001 0.7094371109375001
9 0.606960559375 0.665043603125 0.5744159828125001 0.671487821875 0.592007646875 0.7087210859375 0.6214736828125 0.703708915625 0.606960559375 0.665043603125
5 0.6733690890624999 0.7087210859375 0.6548978421875 0.7194614515625 0.6447826359375 0.70084481875 0.633787846875 0.7072890375 0.6579763843750001 0.755262665625 0.6892015859375 0.737362059375 0.6733690890624999 0.7087210859375
12 0.670290546875 0.677932040625 0.6504999265625 0.6858083078125 0.6399449296874999 0.671487821875 0.6320286796875 0.677932040625 0.6557774249999999 0.7158813296875 0.6839240875 0.7087210859375 0.670290546875 0.677932040625
0 0.654018259375 0.639266728125 0.628510346875 0.652155165625 0.6509397171875 0.6829442109375 0.6799659625000001 0.6743519203125 0.654018259375 0.639266728125
9 0.7217461625 0.67506794375 0.740217409375 0.6600314328125 0.7037147078125 0.6313904609375001 0.6839240875 0.64929106875 0.7217461625 0.67506794375
11 0.7340603265625 0.6679077 0.7217461625 0.677932040625 0.6935995015625 0.658599384375 0.6892015859375 0.665043603125 0.7265838703124999 0.697980721875 0.7463744906249999 0.6807961375 0.7340603265625 0.6679077
8 0.47854141875 0.5984533421875 0.5093268281250001 0.5984533421875 0.5097666203125 0.5662322484375 0.48118016875 0.5633681515625 0.47854141875 0.5984533421875