8 0.326779453125 0.6855506640625 0.31916006874999997 0.6815665890625 0.283323315625 0.7205232796875001 0.30498498125 0.7369746765625 0.3288526078125 0.711969359375 0.3162104 0.700027475 0.326779453125 0.6855506640625
11 0.31960879062499997 0.6988287625 0.3370910203125 0.71731034375 0.37145708125 0.6807256484375 0.349267790625 0.6636264015625 0.31960879062499997 0.6988287625
1 0.3789602203125 0.7251513484375 0.3683578875 0.7186982890625 0.3461271921875 0.77018350625 0.377365 0.7816818609375 0.3925372125 0.74779028125 0.373484609375 0.7446885328125 0.3789602203125 0.7251513484375
8 0.3765173984375 0.7406535953125 0.40323094531250003 0.7549523953125 0.42417375 0.7072572859374999 0.395482665625 0.698289121875 0.3765173984375 0.7406535953125
2 0.44809965468749996 0.7378285953125 0.4374474828125 0.7378794562500001 0.42550335468749995 0.7864775890625 0.4623912921875 0.7935737625 0.4688390296875 0.760906325 0.4482741734375 0.7529636015625 0.44809965468749996 0.7378285953125
11 0.4510535390625 0.750407984375 0.4823619671875 0.759008903125 0.4917801546875 0.71148706875 0.4584027875 0.7075077265624999 0.4510535390625 0.750407984375
10 0.5287096515624999 0.725796215625 0.515876359375 0.7261531109375 0.51641241875 0.78888150625 0.5573676109375 0.7896319515625 0.554521690625 0.7503278359375 0.5325277015625 0.7519700796875 0.5287096515624999 0.725796215625
1 0.53390699375 0.748889028125 0.5669893781249999 0.747134715625 0.5632502328125 0.7043465265625 0.5290211953124999 0.7040960859375 0.53390699375 0.748889028125
2 0.6341761203125 0.7239919203125 0.610042571875 0.7331531765625 0.6015590203125 0.7155746203125 0.5913638515625 0.7191707593750001 0.6111228171875001 0.769095634375 0.64648600625 0.7540274484375 0.6341761203125 0.7239919203125
10 0.6018996265625 0.6837640859375 0.5911062140625 0.6896098078125 0.611077040625 0.7308423875 0.643935065625 0.7204569875 0.6304993125 0.69202319375 0.6114882671874999 0.6961344203125 0.6018996265625 0.6837640859375
9 0.6120865140625 0.6938848375 0.6406737015624999 0.684820565625 0.621342678125 0.648551378125 0.5898847265625 0.6594622109375 0.6120865140625 0.6938848375
5 0.6634279578125 0.6787403624999999 0.6533449703125 0.6866520453125 0.6834611265625 0.7307924031249999 0.7121479953125001 0.7087202968749999 0.6927879124999999 0.6825615125 0.6758375234375 0.6957680546875 0.6634279578125 0.6787403624999999
12 0.65488206875 0.65034234375 0.6478526453125 0.657825578125 0.6762529671874999 0.692100359375 0.70325728125 0.681092540625 0.6858041140625 0.6525005546875 0.6671794531249999 0.6630544921875 0.65488206875 0.65034234375
0 0.6672500718750001 0.6601570625 0.694944034375 0.64760871875 0.664728196875 0.6164761953125 0.64107243125 0.6327892187499999 0.6672500718750001 0.6601570625
9 0.7130160734375 0.6017601703125 0.6956710234375 0.6222408921875 0.7364766921875 0.64250309375 0.7528786765625 0.625042215625 0.7130160734375 0.6017601703125
11 0.7064561546875 0.6301120625000001 0.7029165234375 0.6371056390625001 0.7441999765625 0.6645196078125 0.761636428125 0.6447479406250001 0.7477769515625 0.6336987328125 0.7368422953125 0.6453393171874999 0.7064561546875 0.6301120625000001
8 0.512323928125 0.5642284296875 0.48360378125 0.565370671875 0.4854650734375 0.6004816578125001 0.5160007359375001 0.5961971578124999 0.512323928125 0.5642284296875