8 0.3400999546875 0.697459871875 0.328175684375 0.684114028125 0.339567740625 0.67094165 0.3321940921875 0.66609424375 0.29415617968749996 0.7006820984375 0.31482103906250003 0.7195605234375 0.3400999546875 0.697459871875
11 0.33163760781249996 0.6833162765624999 0.3480125453125 0.7037288015625001 0.3844444421875 0.671329521875 0.3632906171875 0.6517454500000001 0.33163760781249996 0.6833162765624999
1 0.40158393906249995 0.74048321875 0.382746634375 0.7351860218749999 0.389348990625 0.7163889546875 0.3791415046875 0.7087394406249999 0.35395581875 0.757368546875 0.384467503125 0.77243219375 0.40158393906249995 0.74048321875
8 0.386008646875 0.7315247546875 0.41184140156250004 0.7488486125 0.435521028125 0.7038398359375 0.40740419375 0.691588534375 0.386008646875 0.7315247546875
2 0.4769831390625 0.7623878765625001 0.45691801249999997 0.7520999984375 0.45762443125 0.7370256046875 0.4469887703125 0.7358394671874999 0.43223882968750005 0.782791196875 0.46864645625 0.7941321703125 0.4769831390625 0.7623878765625001
11 0.45984099531249994 0.7498807249999999 0.49059175625 0.7620706187499999 0.5027577484375 0.715896171875 0.4696729265625 0.7080629546874999 0.45984099531249994 0.7498807249999999
10 0.5631246812499999 0.7618137359375 0.541075340625 0.7608936875000001 0.5387871765625001 0.734416403125 0.5259565765625001 0.733281434375 0.5228418515625 0.7957368796875001 0.5636785203125 0.8012382453125 0.5631246812499999 0.7618137359375
1 0.54263138125 0.757989234375 0.57575536875 0.7600851859375 0.574512653125 0.7170915171875001 0.54036075625 0.7128683953125 0.54263138125 0.757989234375
2 0.61853035625 0.787052684375 0.654705634375 0.7761707078125 0.644165846875 0.7448664875000001 0.6195433703125001 0.751176865625 0.6120981203125 0.7327072953125 0.6017123468750001 0.7351005500000001 0.61853035625 0.787052684375
10 0.6423558328125 0.712641703125 0.6231403296875 0.7145237640625 0.614288975 0.70110628125 0.6031751609375 0.7056676421875 0.6207104 0.748998528125 0.6541126296875001 0.7424834640625 0.6423558328125 0.712641703125
9 0.6238683734375 0.712355659375 0.6529307046875 0.706658815625 0.6357453093750001 0.668339084375 0.6037100203125 0.675539321875 0.6238683734375 0.712355659375
5 0.7050810953125 0.7104623359375 0.687393278125 0.7216303546875 0.675997140625 0.7032528890624999 0.6654722484375 0.709951653125 0.6929650828125 0.757352659375 0.7228837625 0.7387290609375 0.7050810953125 0.7104623359375
12 0.6998591359375 0.67975118125 0.680654446875 0.6880863875000001 0.6691191875 0.6740144296875 0.6616672078125 0.6806415546875 0.6880213656249999 0.7180304921875 0.7156168 0.7102167140625 0.6998591359375 0.67975118125
0 0.6808935218750001 0.6852126390625 0.709266978125 0.6759466359374999 0.68091779375 0.6414723859375 0.65635610625 0.6549517875 0.6808935218750001 0.6852126390625
9 0.729973646875 0.63244125625 0.711468646875 0.6507987671875 0.7510207859375 0.675690265625 0.7684087359375 0.6602269734374999 0.729973646875 0.63244125625
11 0.7628126625 0.6682449203124999 0.751220696875 0.6785537828125 0.721776084375 0.6598800406249999 0.717836009375 0.6664252921875 0.7574489390625 0.698485815625 0.7760039187500001 0.6808441828125 0.7628126625 0.6682449203124999
8 0.531832096875 0.57180955 0.5030979875 0.56961125625 0.5029129718750001 0.604750728125 0.533642109375 0.604034334375 0.531832096875 0.57180955