8 0.3173985328125 0.6823258453125 0.3100027671875 0.6778160515625 0.2721978390625 0.714215165625 0.2929555109375 0.7321536140625 0.3180847484375 0.708850284375 0.306092640625 0.6960439703125 0.3173985328125 0.6823258453125
11 0.30954704843749997 0.69508411875 0.3260272890625 0.7147581749999999 0.362240278125 0.6806249609374999 0.3409899375 0.6620028046875001 0.30954704843749997 0.69508411875
1 0.36740318906249997 0.7255087296875 0.3571596171875 0.7183254781249999 0.3322780328125 0.768183928125 0.3628521484375 0.7818447265625 0.379768315625 0.7490615609375 0.3609157828125 0.7446351328125 0.36740318906249997 0.7255087296875
8 0.36415376718750003 0.7408177265625 0.39006599375 0.756959203125 0.413463853125 0.710795428125 0.38529898125 0.699838771875 0.36415376718750003 0.7408177265625
2 0.43574219999999997 0.7429909718750001 0.42510845 0.7422985859375 0.41064419062499996 0.7899918671874999 0.44708767656250004 0.7996511578125001 0.4552325640625 0.767481653125 0.4351241609375 0.7581158718750001 0.43574219999999997 0.7429909718750001
11 0.43803179375 0.7557579249999999 0.46882805000000005 0.76653048125 0.48071503125000004 0.7197356874999999 0.447612025 0.7134335593750001 0.43803179375 0.7557579249999999
10 0.51682244375 0.7366002328125 0.503995875 0.736061259375 0.501247478125 0.79873470625 0.5420823203125 0.802341371875 0.5412993312500001 0.76289656875 0.51926291875 0.7630019375 0.51682244375 0.7366002328125
1 0.52080075 0.76002165 0.5539094765625 0.7605779828125 0.552417396875 0.717591915625 0.5182692234374999 0.7149537828125 0.52080075 0.76002165
2 0.6221745921874999 0.7421566828125 0.597609284375 0.7496207234375001 0.5900626421874999 0.7314761734374999 0.5796994203125 0.73435573125 0.5968060546875 0.7855856343750001 0.6328879578125 0.7730068171875 0.6221745921874999 0.7421566828125
10 0.5920676328125001 0.6997362328125 0.580989603125 0.7048203234375 0.5987626609375 0.7473855078125 0.632099246875 0.73930780625 0.6201784015625 0.7099785 0.60098979375 0.712757328125 0.5920676328125001 0.6997362328125
9 0.60170460625 0.71055279375 0.6307096578125 0.7034963125 0.6133153390625 0.66593185 0.58134855 0.6746318890625 0.60170460625 0.71055279375
5 0.6537371296875001 0.6990125578125 0.6432599796875 0.7062091328125 0.67100608125 0.7523856265625 0.7007914875 0.7323474125 0.68283895625 0.70487644375 0.66523085 0.7168809625 0.6537371296875001 0.6990125578125
12 0.6466945953125001 0.670060125 0.6392873921875 0.6770419203125 0.6658374484375 0.7132476515625 0.6933644937500001 0.70414005 0.6774424640625 0.6743725 0.6583022453125 0.6836115125 0.6466945953125001 0.670060125
0 0.6585243843749999 0.6807232734374999 0.686820346875 0.67012553125 0.658293890625 0.63693076875 0.6338310765624999 0.6515693828125 0.6585243843749999 0.6807232734374999
9 0.7072564671875 0.6256053140625 0.6888737265625 0.644845771875 0.7285380375 0.6679250359375 0.745821509375 0.6516341828125001 0.7072564671875 0.6256053140625
11 0.6992255078125 0.6534578015625 0.6953268171875 0.66019413125 0.7350936234375001 0.6904479671875 0.75353046875 0.6719218984374999 0.7402767734375 0.6599220234375001 0.7287544593749999 0.6707825921875 0.6992255078125 0.6534578015625
8 0.5089261046875 0.57412711875 0.48020302031249995 0.5732639578125001 0.4802228125 0.6084531109375 0.51092229375 0.6063053015625 0.5089261046875 0.57412711875