8 0.3131206671875 0.669900421875 0.3029311984375 0.655389471875 0.3159794453125 0.6436233265625 0.30924326562500004 0.6380169453125 0.266876215625 0.6680156328125 0.2850779125 0.688961259375 0.3131206671875 0.669900421875
11 0.306486715625 0.654982815625 0.32021277812500004 0.6769717359375 0.3606979453125 0.648959625 0.3420986640625 0.6272623687500001 0.306486715625 0.654982815625
1 0.36895635625 0.7192229375 0.3508417625 0.7119066640625 0.35983088125 0.694050821875 0.35062590625 0.6853612578125 0.319285140625 0.7306608578125 0.3477974578125 0.7489215859375 0.36895635625 0.7192229375
8 0.3545638828125 0.7086468109374999 0.37811968125 0.7286258015625 0.4074952609375 0.6867393765625 0.381012509375 0.6715235015625 0.3545638828125 0.7086468109374999
2 0.441373084375 0.749201325 0.422671578125 0.7368152953125 0.4253031765625 0.721989325 0.414844878125 0.719642796875 0.3941290140625 0.7644357265624999 0.42899885312499997 0.7796665796875 0.441373084375 0.749201325
11 0.42587116406250003 0.7349437109375 0.4549893171875 0.750389565625 0.47302813125 0.7060799546875 0.44102467343749996 0.6946839125000001 0.42587116406250003 0.7349437109375
10 0.5273795171875 0.7581406765625001 0.5055011515625 0.7547975578125 0.5066029953125 0.7283671421875 0.49394852968749997 0.7258289609374999 0.4828579484375 0.7872344124999999 0.5228925609374999 0.797180503125 0.5273795171875 0.7581406765625001
1 0.5074246890625 0.75209768125 0.5402005859375001 0.75782565625 0.5444565640625 0.7151810015625 0.51092715 0.7072364656250001 0.5074246890625 0.75209768125
2 0.579424909375 0.7892090656249999 0.6169036203125 0.782442621875 0.6103908171875 0.7503291625 0.5850213109375 0.753850728125 0.5799549640625 0.7347683125 0.5692884109375 0.7359882828125001 0.579424909375 0.7892090656249999
10 0.6127043328124999 0.7182690093749999 0.5932947640624999 0.718009071875 0.5861799296875 0.7037664343750001 0.5745099578125 0.7070496421875 0.5864639640625 0.7518258203125 0.6206181375 0.7490708609375 0.6127043328124999 0.7182690093749999
9 0.5942981859375001 0.715945834375 0.624018375 0.7135208703125 0.6117728109375 0.6737377890625 0.5788946890625 0.6773210390625 0.5942981859375001 0.715945834375
5 0.675556353125 0.7230369515625 0.6564837906250001 0.7321265703125001 0.6474643437500001 0.71269918125 0.636108653125 0.71816061875 0.6574758890625 0.7680598625 0.6897027234374999 0.7529488296875 0.675556353125 0.7230369515625
12 0.6742727000000001 0.6920967546875 0.6540490421875 0.698218184375 0.6443404578124999 0.6830322625 0.6360593999999999 0.6887620125 0.6575705109375 0.7286367328125001 0.686097953125 0.7239568796875 0.6742727000000001 0.6920967546875
0 0.654654878125 0.695403315625 0.6841440875 0.6893735249999999 0.66027020625 0.6521603515625001 0.6340449593749999 0.662776584375 0.654654878125 0.695403315625
9 0.71036173125 0.6486453875 0.6895549640625 0.6647530109375 0.7258296046875 0.693728209375 0.7451520703125001 0.6803587921875 0.71036173125 0.6486453875
11 0.7385446453125 0.6876684625 0.7256630000000001 0.69658140625 0.6986766375 0.6748691734375 0.693909446875 0.6809055671875 0.7293283484375 0.7169754312500001 0.7500934640625 0.7015811046875 0.7385446453125 0.6876684625
8 0.5204500453125 0.56683143125 0.4920664828125 0.5614867609374999 0.48739019531250005 0.596208459375 0.518136528125 0.598891584375 0.5204500453125 0.56683143125