8 0.29725191875 0.6609362796875 0.29067886875000004 0.6549470609375 0.24743894531250002 0.6824273109375001 0.2650311875 0.7043975687499999 0.29362855625 0.6870023375 0.2838613125 0.6719225109375 0.29725191875 0.6609362796875
11 0.2874286625 0.671723628125 0.3005149125 0.6944747359375001 0.3418151484375 0.668868090625 0.32384719375 0.6461243203125 0.2874286625 0.671723628125
1 0.33963606562500004 0.7138323703125 0.3306839296875 0.704621403125 0.29802508125 0.7480188421875 0.326006065625 0.7679092765625 0.34802910625 0.739493325 0.33012739375 0.7311343953125 0.33963606562500004 0.7138323703125
8 0.3339443671875 0.7280968546875 0.3569188359375 0.74941395625 0.3875131859375 0.70930945 0.3614731703125 0.692576915625 0.3339443671875 0.7280968546875
2 0.4042954328125 0.7455368531250001 0.3939054109375 0.742585175 0.37188620625 0.78609563125 0.406312871875 0.803331609375 0.4195735515625 0.7736387015624999 0.40123244218750004 0.7601844234375 0.4042954328125 0.7455368531250001
11 0.40448648593750003 0.758502365625 0.4331552109375 0.775617984375 0.452483303125 0.73243410625 0.42081143593750003 0.7191933875000001 0.40448648593750003 0.758502365625
10 0.4854096765625 0.7566390359375 0.47282906406249997 0.7533681171875 0.45995176718749997 0.8140235515625 0.4996969765625 0.8262845375 0.5053198765625 0.7875722078125 0.48353878593750005 0.782960484375 0.4854096765625 0.7566390359375
1 0.48554088125000006 0.7803772171875 0.5181501109375 0.7880044640625 0.523646921875 0.7456799609375 0.4903486703125 0.7357960234375 0.48554088125000006 0.7803772171875
2 0.58855846875 0.7846087890625 0.5630864953125 0.78664678125 0.5585753890625 0.7673016234375 0.5478733390625 0.7678982703125 0.5564612703125 0.8216192437500001 0.594136865625 0.817047153125 0.58855846875 0.7846087890625
10 0.5657024171875 0.7367148484375 0.5539369140625 0.73931279375 0.5645880671875 0.78470933125 0.5988224015625 0.78394829375 0.5918048390624999 0.752737715625 0.572402834375 0.751347740625 0.5657024171875 0.7367148484375
9 0.5734662890625 0.7493464421875 0.6032570374999999 0.7486565921875 0.59216904375 0.7082277078125 0.559186659375 0.709889953125 0.5734662890625 0.7493464421875
5 0.626726915625 0.7492018671875 0.6152123140625 0.75399265625 0.6351276296874999 0.8050518343749999 0.66779415 0.791843409375 0.6545181265625 0.761158290625 0.6351810828125 0.7691216562500001 0.626726915625 0.7492018671875
12 0.6244662484375 0.7194032796875 0.616018471875 0.724641003125 0.636369346875 0.7657010265624999 0.6650329593750001 0.7626906390625 0.654134740625 0.7301957640625 0.6337329671874999 0.7351289265625 0.6244662484375 0.7194032796875
0 0.6344207078124999 0.7323541140625001 0.6640853671875 0.72805209375 0.641294278125 0.689511490625 0.6147601296875 0.698582284375 0.6344207078124999 0.7323541140625001
9 0.691488078125 0.68891998125 0.6702126265625 0.7037884515624999 0.705644175 0.734827303125 0.7253556515625 0.7226059484375 0.691488078125 0.68891998125
11 0.6790399500000001 0.7144187468750001 0.67409711875 0.720167253125 0.70846649375 0.75823890625 0.7296795390625 0.7440800984375 0.7185355359375001 0.7295183921875 0.7053945515625 0.7376659609375 0.6790399500000001 0.7144187468750001
8 0.503956934375 0.5961835796875 0.47572888593749996 0.5891948124999999 0.4700423015625 0.6235853062500001 0.5007105625 0.628054653125 0.503956934375 0.5961835796875