4 0.176125975 0.8231114125 0.150353003125 0.8004673562500001 0.0855877234375 0.8269298296875001 0.1112541984375 0.850790571875 0.176125975 0.8231114125
6 0.227352425 0.8720495796875 0.18760133437499998 0.8505545203124999 0.1309335484375 0.8888121437500001 0.17151561875000002 0.90915811875 0.227352425 0.8720495796875
9 0.351857134375 0.9057458828125 0.301324325 0.8906045515625 0.2670943890625 0.9395421296875 0.3212923359375 0.9587053093750001 0.351857134375 0.9057458828125
4 0.4733567328125 0.9195358296875 0.4167408109375 0.9154798187500001 0.4041387671875 0.9676620421875001 0.46617777499999996 0.9765172390625001 0.4733567328125 0.9195358296875
11 0.5395506421875 0.9226455937500001 0.5581544765625 0.9771262171874999 0.6172311109375 0.9697589171875001 0.6009079078124999 0.9351170484375 0.57470893125 0.917339734375 0.5395506421875 0.9226455937500001
9 0.562551834375 0.8935128828125001 0.5759554015624999 0.9156161046875001 0.6021543781250001 0.9333934203125 0.6214063421875 0.934576440625 0.601130034375 0.8866861875 0.5812495796875 0.8885110796875001 0.5804508265625 0.89763621875 0.5772761453124999 0.9046997343750001 0.562551834375 0.8935128828125001
12 0.714927296875 0.9175434812500001 0.6907321921875 0.926938834375 0.669306096875 0.9047003703125001 0.6535595203125 0.909364225 0.6966142015625 0.9556999812500001 0.7434811796874999 0.9459668171875 0.714927296875 0.9175434812500001
6 0.6862662234375 0.8694841875 0.6446730921875 0.8815493703125 0.690476453125 0.9256883515625001 0.72969365625 0.9115615437500001 0.6862662234375 0.8694841875
7 0.8004047046875 0.9089596765625 0.8296921906250001 0.89145311875 0.8050381640625 0.8768865124999999 0.783261725 0.89202734375 0.763775046875 0.8810094421875 0.7444908546875 0.8718503671875 0.7409644453124999 0.8745878875 0.8004047046875 0.9089596765625
7 0.7528427015625 0.8431907093750001 0.7221167671875001 0.8562698734374999 0.7830059859375 0.890776859375 0.8067001234375001 0.8745883390625 0.7528427015625 0.8431907093750001
9 0.4353498328125 0.7360206578125 0.3947976625 0.7329985125 0.38737608125 0.75820165625 0.42998561874999996 0.7610349484375 0.4353498328125 0.7360206578125