4 0.1409836296875 0.7963248671875001 0.1169774625 0.7737998828125 0.0503513421875 0.8006759828125001 0.0741592828125 0.8244199421875 0.1409836296875 0.7963248671875001
6 0.1884012859375 0.8450317578125001 0.15036019843749998 0.8237387828125 0.0909227 0.8623790453125 0.1298798296875 0.8825165171875 0.1884012859375 0.8450317578125001
9 0.31009170468749997 0.8780489625 0.2608118578125 0.8631812468750001 0.222956809375 0.9123854031249999 0.27558995 0.9312591343750001 0.31009170468749997 0.8780489625
4 0.4302879796875 0.89115 0.3741002703125 0.8874182562499999 0.357581409375 0.939745509375 0.41881783281249996 0.9482514328124999 0.4302879796875 0.89115
11 0.4961046109375 0.8938783984375 0.510550859375 0.9483254062500001 0.5700573609374999 0.940603825 0.55638744375 0.9060095125000001 0.5315883625 0.8883604328124999 0.4961046109375 0.8938783984375
9 0.5212582078125 0.8645717062499999 0.532962425 0.8866271749999999 0.55776150625 0.90427625625 0.5768826875 0.90534874375 0.5602694640625 0.85751089375 0.54029380625 0.8594541093749999 0.5388070968750001 0.8685964265624999 0.53510538125 0.8756881296874999 0.5212582078125 0.8645717062499999
12 0.671490015625 0.8877475718750001 0.646636809375 0.897296775 0.626937521875 0.8751526171874999 0.61087229375 0.879914609375 0.6503324312500001 0.926063125 0.697834321875 0.916043565625 0.671490015625 0.8877475718750001
6 0.6465228203125 0.8397893 0.6041071890625 0.8521133515624999 0.6464761296875 0.896046065625 0.686676753125 0.8816713999999999 0.6465228203125 0.8397893
7 0.7574325 0.8786540125 0.7879801843750001 0.86095280625 0.7644800703125 0.8465098390625 0.7416060921875001 0.8617983140625001 0.7229940140625 0.85087881875 0.7044434984375 0.8418195203125001 0.7007177671875 0.8445813421875 0.7574325 0.8786540125
7 0.714943475 0.813071875 0.6832950531249999 0.826347990625 0.7414454125 0.8605476046874999 0.7663121515625 0.8441988296874999 0.714943475 0.813071875
9 0.40623270468749995 0.7076044046875001 0.3659960859375 0.7048143609374999 0.3566856171875 0.730095328125 0.3989894546875 0.732684271875 0.40623270468749995 0.7076044046875001