2 0.305402965625 0.791387434375 0.2929940875 0.76966965 0.2135722859375 0.8013256156249999 0.23254484375 0.8377956015624999 0.2730203 0.8215045859375 0.26402784375 0.8095935937500001 0.305402965625 0.791387434375
9 0.2937932296875 0.8463786734375001 0.367909209375 0.8097142796875 0.3455181375 0.778968721875 0.2705035421875 0.80978265 0.2937932296875 0.8463786734375001
7 0.41736562499999996 0.8907559624999999 0.39883924375 0.8805080375 0.3368629765625 0.93402883125 0.38236881718750004 0.9644785171875 0.42581556875000004 0.9240066265625 0.39910423125 0.9164318578125 0.41736562499999996 0.8907559624999999
6 0.5061391203125 0.874904296875 0.45820345625 0.8550614265625001 0.40450116718749995 0.9127065999999999 0.45621353750000004 0.9384839609375 0.5061391203125 0.874904296875
8 0.6255996078125 0.7308447734375 0.5722649171875 0.73025838125 0.5637134109375 0.78339749375 0.6205556390625 0.7850569953125001 0.6255996078125 0.7308447734375
10 0.634203565625 0.9562995187500001 0.6983300375 0.9649666187499999 0.7018469828125 0.8961492421875 0.6414972140625 0.8934166328125001 0.634203565625 0.9562995187500001
10 0.5912155296875 0.9298061609375001 0.5798789359375001 0.9855547734375 0.6516129328125 0.9838851468750001 0.6554289375 0.9608020125 0.632045 0.9562365015625 0.63276765625 0.9329606796875 0.5912155296875 0.9298061609375001
3 0.8670674937499999 0.9029142421874999 0.9119511984375 0.87801558125 0.8565542828125 0.8298044375 0.8114914828125 0.848873640625 0.8670674937499999 0.9029142421874999
2 0.9002576624999999 0.8873812421875 0.8683263968749999 0.9048924062499999 0.8323544828125 0.8727796515625 0.8197612828124999 0.8840604546874999 0.8769564781250001 0.9362069203125 0.9221103968750001 0.9084040328125 0.9002576624999999 0.8873812421875
0 0.8332489203125 0.909692553125 0.8900838359375 0.96571131875 0.9357771312500001 0.9398655921874999 0.9154535125000001 0.9179167359375 0.876686265625 0.9391111453125 0.8391852390625001 0.9079244546874999 0.8332489203125 0.909692553125
6 0.9500093734374999 0.779144071875 0.9375984031250001 0.77295750625 0.91088184375 0.8042107843749999 0.9453267328124999 0.8217183828125 0.9500093734374999 0.779144071875