2 0.32424975 0.83830678125 0.3141410328125 0.8266881078124999 0.35385385 0.8073236500000001 0.3394128265625 0.786022746875 0.2628753953125 0.819910546875 0.285258984375 0.85573479375 0.32424975 0.83830678125
9 0.392844615625 0.7937685296875 0.32063949375 0.8266881078124999 0.34735538906249996 0.8625123531250001 0.41811640937499994 0.8237834390625001 0.392844615625 0.7937685296875
7 0.48671127500000005 0.936097290625 0.459273328125 0.92931973125 0.47515845468749995 0.9031777140624999 0.455663071875 0.8934954859375001 0.3986210265625 0.9486841874999999 0.44699845781249997 0.9777308734375 0.48671127500000005 0.936097290625
6 0.46432768593749996 0.9254468390625 0.5184815281249999 0.9496524109375001 0.562526653125 0.884781478125 0.51270511875 0.8663852437499999 0.46432768593749996 0.9254468390625
8 0.6116261359374999 0.791832084375 0.6686681828125 0.791832084375 0.6686681828125 0.737611603125 0.6152363921874999 0.7385798265625 0.6116261359374999 0.791832084375
10 0.7603686875 0.9002730437500001 0.6997163843750001 0.8993048218749999 0.6982722828125 0.9622393078125 0.7632568921875 0.96901686875 0.7603686875 0.9002730437500001
10 0.64628459375 0.9961271078125 0.717767665625 0.9961271078125 0.7199338187500001 0.9661122000000001 0.6961061281250001 0.9622393078125 0.6946620265625 0.9390019593750001 0.65278305625 0.9370655140625 0.64628459375 0.9961271078125
3 0.9090215453124999 0.8295927765625001 0.8656984734375 0.84992545625 0.9263507750000001 0.902209490625 0.968951796875 0.8760674734375 0.9090215453124999 0.8295927765625001
2 0.9393476968750001 0.93512906875 0.9819487203125 0.9060823828125001 0.9581210296875 0.885749703125 0.927794878125 0.9041459359375 0.8888041125000001 0.8731628046875001 0.8772512921875 0.884781478125 0.9393476968750001 0.93512906875
0 0.9393476968750001 0.9380337359375 0.8989128296875 0.9080188281250001 0.8931364187499999 0.9099552734374999 0.9552328250000001 0.964175753125 0.998555896875 0.9370655140625 0.976172309375 0.9157646109375 0.9393476968750001 0.9380337359375
6 0.9610092343750001 0.8024825359375001 0.9971117953125 0.8189423250000001 0.997833846875 0.7763405171875 0.984836925 0.77053118125 0.9610092343750001 0.8024825359375001