2 0.31365260625 0.8639335984375001 0.303201575 0.8526044562499999 0.3423668546875 0.8320761359375 0.3272999171875 0.8111869359374999 0.251717815625 0.8473164265625 0.2751533046875 0.8825036703125001 0.31365260625 0.8639335984375001
9 0.33747223437499996 0.8874764296875 0.40713465624999995 0.8466720046875 0.38097889218750003 0.8173805296875001 0.30970267812499996 0.85241529375 0.33747223437499996 0.8874764296875
7 0.479026728125 0.9570347828125 0.45138034375 0.9510531562500001 0.46651096093750005 0.924438115625 0.44672581562499997 0.9153194421874999 0.39126706875 0.9721910015624999 0.4405096765625 0.9998412796875 0.479026728125 0.9570347828125
6 0.5533791734375 0.9034912171875 0.5030018984375 0.8865377531249999 0.45632401875 0.9470315640625 0.5112044671875 0.969670615625 0.5533791734375 0.9034912171875
8 0.6552798921874999 0.753171871875 0.601854571875 0.7556958265625 0.599792959375 0.8090748171875 0.6568581890625 0.8074143890625001 0.6552798921874999 0.753171871875
10 0.6914346796874999 0.9770291249999999 0.7566429875 0.9819178140625 0.751752553125 0.913230121875 0.6910474171875001 0.9140270265625 0.6914346796874999 0.9770291249999999
10 0.7123698515625 1 0.7132177546875 0.9802730499999999 0.6892676453125001 0.9770921796875 0.6871465437500001 0.9538874234374999 0.6451941859375 0.9531692406250001 0.6414161968750001 1 0.7123698515625 1
3 0.9178584656250001 0.9103358078125 0.9597158374999999 0.8829431 0.8984084031249999 0.8381940171875 0.8556595859374999 0.85979604375 0.9178584656250001 0.9103358078125
2 0.8682317203125001 0.8943299421875001 0.9318189218749999 0.942890440625 0.9641973937499999 0.9194057687500001 0.9647643203125 0.90549238125 0.9491625078125001 0.8929445359375 0.9193595234374999 0.9122310046875001 0.879451028125 0.8823702578124999 0.8682317203125001 0.8943299421875001
0 0.9485560203125001 0.9714865312500001 0.9624529656249999 0.9622171171874999 0.963964934375 0.9251107296875001 0.931903471875 0.9457962875 0.8905784734375001 0.91694619375 0.88485608125 0.919051571875 0.9485560203125001 0.9714865312500001
6 0.9496280734375 0.80955945625 0.9683519140625 0.8174465453125 0.9698478765624999 0.780732975 0.9496280734375 0.80955945625