12 0.24222497031249998 0.7470310687499999 0.23040352187500002 0.7363627328125 0.1746441921875 0.764584365625 0.1999840015625 0.7873582531250001 0.23979225624999997 0.76517745625 0.22810518281249997 0.7569847640625 0.24222497031249998 0.7470310687499999
9 0.30403615 0.744141896875 0.27511569375 0.7283075359375 0.23142157968750002 0.756775715625 0.2583808734375 0.7779033390625 0.30403615 0.744141896875
10 0.31987536250000004 0.79403424375 0.302812815625 0.7845690750000001 0.2550619984375 0.821148140625 0.29132359375 0.8446434796875 0.32295249375 0.8159287515625 0.30956850625 0.8062988453125 0.31987536250000004 0.79403424375
7 0.3813038984375 0.7874094515625 0.34586453906250003 0.7707775203125 0.3122175296875 0.8053933437499999 0.346533940625 0.8261914906250001 0.3813038984375 0.7874094515625
0 0.43800588281249997 0.8312348421875001 0.41360670156249996 0.8257904625 0.3971770953125 0.8760384078125 0.448510584375 0.8872373375 0.4575511109375 0.853299778125 0.4364113828125 0.84825418125 0.43800588281249997 0.8312348421875001
8 0.49302490781249997 0.8109150453125 0.4470668921875 0.8009885921875 0.43766870625000004 0.8465636109375 0.48513231250000005 0.8560594671875 0.49302490781249997 0.8109150453125
6 0.5695433484375 0.8387209062500001 0.5520092515624999 0.8421088609374999 0.5598239656249999 0.8916342343749999 0.61056300625 0.8935384203125001 0.6026229187500001 0.8649009359375001 0.572832284375 0.866174534375 0.5695433484375 0.8387209062500001
2 0.580586003125 0.8068727046875 0.563833175 0.8097414437499999 0.5730395890625 0.8600518890625001 0.621279965625 0.8573467640624999 0.6127863921875 0.8267971609375 0.5869795328125 0.8285581625 0.580586003125 0.8068727046875
0 0.615800053125 0.7829002171874999 0.5743633109374999 0.7833637437500001 0.5869021046875 0.8254746859375001 0.6291201140625 0.8244919421875 0.615800053125 0.7829002171874999
8 0.6798411484375 0.7796690671875 0.6488341578125 0.790015859375 0.6861502703125 0.829625034375 0.7209497140625001 0.8178978390625 0.6798411484375 0.7796690671875
11 0.6700193515625 0.8141258421875 0.655936028125 0.8197803921875 0.69611296875 0.8640431890625001 0.7307210890625 0.85044818125 0.7064472828125 0.8241159124999999 0.686646809375 0.8321449890625001 0.6700193515625 0.8141258421875
5 0.458283325 0.6884358734375 0.46222163125 0.661848671875 0.4430694453125 0.6588113734375 0.43773226875000004 0.6848803875 0.458283325 0.6884358734375
5 0.477155228125 0.6900507250000001 0.48058824062500005 0.6644428171875 0.4629750640625 0.6626349296875 0.45926177187499995 0.6868203875 0.477155228125 0.6900507250000001
3 0.49432739843749995 0.692151696875 0.4965981140625 0.6657075078125 0.48126582031250004 0.663831640625 0.47780066562499995 0.689782653125 0.49432739843749995 0.692151696875
0 0.53168546875 0.6994986734374999 0.532233328125 0.6693733078124999 0.49758812499999994 0.666175671875 0.49476840468749994 0.6918586140625 0.53168546875 0.6994986734374999