12 0.26670601875 0.7850260578125 0.25371797812499997 0.7759886171875 0.202032634375 0.8115069593750001 0.22986160312499998 0.830785425 0.2665134921875 0.803405534375 0.25396015625 0.7968133296875 0.26670601875 0.7850260578125
9 0.327463284375 0.7739051015625 0.29694044375 0.7620088843749999 0.25721341875000003 0.7961628890625 0.2864427609375 0.8135873312499999 0.327463284375 0.7739051015625
10 0.34920603125 0.8214328359374999 0.3311830890625 0.8142917203125 0.2884343640625 0.8570569406249999 0.3271491078125 0.8755961265625001 0.3549178125 0.8428064609374999 0.3405115875 0.8350106734375 0.34920603125 0.8214328359374999
7 0.409129515625 0.8066461374999999 0.3720645234375 0.7948260687500001 0.34302013124999997 0.833756328125 0.37948290625 0.8498714265625 0.409129515625 0.8066461374999999
0 0.47053145 0.8426859125 0.4457454046875 0.840524115625 0.4356289859375 0.8927106984375 0.48774524531249996 0.8970046843749999 0.49254517187499997 0.8620320671874999 0.4710302046875 0.85983219375 0.47053145 0.8426859125
8 0.5224483578125 0.8151283421875 0.47580170468749994 0.81138326875 0.47206712343749996 0.8579824031250001 0.520149778125 0.8610981859375 0.5224483578125 0.8151283421875
6 0.60148855625 0.8325855828125001 0.584566584375 0.8382957187500001 0.5983311796875 0.8865288890624999 0.6487264390624999 0.8816542875 0.6373847390625 0.8542204484375 0.60808755625 0.8594620515625 0.60148855625 0.8325855828125001
2 0.608522634375 0.799424684375 0.592309759375 0.8045139921875 0.607545978125 0.8533426093750001 0.6549089265625 0.844215278125 0.6427868796875 0.8149528 0.6174876828125 0.82014786875 0.608522634375 0.799424684375
0 0.6404140125 0.7708750546875 0.5995041546875 0.7768644 0.6170351640625 0.8170902640625 0.65865411875 0.8104800890625 0.6404140125 0.7708750546875
8 0.703334184375 0.7591163484375001 0.6739407390625 0.7735476890624999 0.7156627796875 0.8079788062500001 0.7486373140625 0.7916680609375 0.703334184375 0.7591163484375001
11 0.6978251656250001 0.7947097921874999 0.6845911609375 0.802214725 0.7297089640625 0.8408943390625 0.7622666078125 0.8227507203125001 0.7350576703125 0.799789590625 0.7164609375000001 0.810419815625 0.6978251656250001 0.7947097921874999
5 0.47316735468750004 0.69790145 0.4738192 0.6709228406250001 0.45451408125 0.6704559796875 0.45241606250000005 0.6971056390625 0.47316735468750004 0.69790145
5 0.492021934375 0.696990425 0.49229362656250003 0.6710535859375 0.47465994843750003 0.6716046171875 0.4739377203125 0.6961635703125 0.492021934375 0.696990425
3 0.5092553468750001 0.696789834375 0.50827596875 0.6701759953125 0.49288899375 0.67035509375 0.49262735781250006 0.696637596875 0.5092553468750001 0.696789834375
0 0.5470851624999999 0.6991157703125 0.5439536421875 0.66906915625 0.5093118234375 0.6705097203125 0.5096556109375 0.69643939375 0.5470851624999999 0.6991157703125