12 0.2490902 0.7791207984375 0.23722119843749997 0.7706569062499999 0.251098378125 0.7610332203125 0.2390374375 0.7500908500000001 0.18397795 0.7770105921875 0.209828928125 0.8003718937500001 0.2490902 0.7791207984375
9 0.3127951765625 0.7595838640625 0.28352792031249996 0.743077878125 0.24053019843749998 0.7705251171875 0.26796108125 0.7922780640625 0.3127951765625 0.7595838640625
10 0.3333692390625 0.8318027203125 0.319771140625 0.82186226875 0.3297844640625 0.809839153125 0.31251444375 0.7999777515625001 0.2656520375 0.8354404375 0.30243328593749996 0.85977745625 0.3333692390625 0.8318027203125
7 0.391011896875 0.8046457124999999 0.355212125 0.7871904359374999 0.3223970515625 0.8210185671874999 0.3571717734375 0.8426134125000001 0.391011896875 0.8046457124999999
0 0.46873580937500003 0.8723038765625001 0.44749465781250003 0.866766571875 0.44869151093750004 0.8497863890625 0.4241841 0.8437744390624999 0.408937434375 0.8936337984374999 0.4604926765625 0.9060268671875 0.46873580937500003 0.8723038765625001
8 0.503195315625 0.8307503015625001 0.4570410921875 0.8197547453125 0.44871164218750004 0.8651054828125 0.49636028281250005 0.87570555625 0.503195315625 0.8307503015625001
6 0.6139673343750001 0.887282128125 0.5842290593749999 0.8878618015624999 0.58030315 0.8603348421874999 0.562861325 0.8633140546875 0.5718236812499999 0.9130155359375 0.622568425 0.9161011218749999 0.6139673343750001 0.887282128125
2 0.6232355125 0.8494195671875 0.597489334375 0.8505793640625001 0.5905955515625 0.8287475875 0.5739223078125 0.8312258437500001 0.584293590625 0.8817447109375 0.63243420625 0.8801633421874999 0.6232355125 0.8494195671875
0 0.6252243875 0.805598021875 0.5838300078125 0.8050965046874999 0.5973401390624999 0.8474944515624999 0.6395030968750001 0.8474950078125 0.6252243875 0.805598021875
8 0.6891414359375 0.8038586625 0.658399071875 0.8134821265625 0.696609375 0.8539556218750001 0.73110915 0.8430402390625 0.6891414359375 0.8038586625
11 0.7167626031250001 0.8489198390625001 0.697164234375 0.8564868406249999 0.680129721875 0.8380826109375 0.6661888390625 0.8434085140625 0.7073661875 0.8886017031250001 0.7416312781250001 0.8758142734375 0.7167626031250001 0.8489198390625001
5 0.4656272921875 0.7074766078125 0.468943303125 0.68098428125 0.44973495625000004 0.6775013234375 0.44500907187500005 0.703442946875 0.4656272921875 0.7074766078125
5 0.484522434375 0.7095307625 0.48735634687499996 0.684005846875 0.46971447499999996 0.6817879921875 0.4665673640625 0.7058841015625 0.484522434375 0.7095307625
3 0.5017304609375 0.7120313953124999 0.503383484375 0.6856432296875 0.4880191734375 0.6834105218750001 0.4851611359375 0.7092777531250001 0.5017304609375 0.7120313953124999
0 0.53923120625 0.720247503125 0.5390769390625 0.690138475 0.50438364375 0.6861343921875 0.5021643046875 0.711748615625 0.53923120625 0.720247503125