12 0.25195037187499997 0.7976255578125 0.23958858125 0.7908891765625 0.25267753593750003 0.779253609375 0.2399521625 0.7700676359374999 0.1872327625 0.8049743359375 0.21450141718750002 0.82457108125 0.25195037187499997 0.7976255578125
9 0.24286081875 0.790276778125 0.271583803125 0.8080363265624999 0.3137593234375 0.7688428390625 0.2835820109375 0.7565948734375 0.24286081875 0.790276778125
10 0.33921006875000004 0.8380438421875 0.3250303671875 0.8300826656250001 0.3341199203125 0.816609903125 0.31630439843749997 0.8092611234374999 0.27231096718750003 0.8515166046875 0.3104870859375 0.8705009515625 0.33921006875000004 0.8380438421875
7 0.3275754421875 0.8288578687499999 0.3635700671875 0.8453926218750001 0.3944745453125 0.8025247437499999 0.3577527546875 0.790276778125 0.3275754421875 0.8288578687499999
0 0.4762805109375 0.858865384375 0.45482916875 0.856415790625 0.45482916875 0.8392686390625 0.43010558750000005 0.8368190468750001 0.4184709609375 0.8888728984375 0.47046319687500004 0.8937720859375 0.4762805109375 0.858865384375
8 0.4559199140625 0.8545785968749999 0.5039127484375 0.8582529859375001 0.50754856875 0.812323115625 0.4610100640625 0.8080363265624999 0.4559199140625 0.8545785968749999
6 0.6213497578125 0.8527414015625 0.591899609375 0.8576405875 0.586082296875 0.8306950640625 0.5689939390625 0.8362066484374999 0.5813557296874999 0.8845861109375001 0.6318936374999999 0.8802993234375001 0.6213497578125 0.8527414015625
2 0.627894234375 0.8135479125 0.602443490625 0.8184470984375001 0.5940811015625 0.7976255578125 0.5777199093750001 0.8025247437499999 0.591536028125 0.8515166046875 0.6391652796875 0.8429430281249999 0.627894234375 0.8135479125
0 0.6020799078125 0.8153851078125 0.643891846875 0.8092611234374999 0.6268034890624999 0.7694552375 0.585718715625 0.774966821875 0.6020799078125 0.8153851078125
8 0.70097423125 0.807423928125 0.7344237828125 0.7915015750000001 0.6900667703125001 0.75843206875 0.660253040625 0.772517228125 0.70097423125 0.807423928125
11 0.7206076640625 0.7994627515625 0.701701396875 0.8098735218750001 0.6835222921875 0.7939511687499999 0.67006975625 0.801299946875 0.7140631859375 0.8404934359375 0.7471491546875 0.8227338859375 0.7206076640625 0.7994627515625
5 0.44382146718750004 0.666901875 0.44094821093750003 0.6935194546875 0.4616767046875 0.6945565031250001 0.4631133328125 0.667593240625 0.44382146718750004 0.666901875
5 0.4639342625 0.6682846046875001 0.462497634375 0.6928280874999999 0.480558103125 0.6938651375 0.4815842671875 0.667938921875 0.4639342625 0.6682846046875001
3 0.4821999640625 0.6672475578125 0.4811738015625 0.6935194546875 0.4977976421875 0.6938651375 0.497592409375 0.6672475578125 0.4821999640625 0.6672475578125
0 0.4986185734375 0.667593240625 0.49820810781249997 0.6935194546875 0.5355604406250001 0.6966306 0.5333028828125 0.6665561921875 0.4986185734375 0.667593240625