12 0.190936325 0.7809460234375 0.1794719234375 0.7732947265625 0.1939011109375 0.762681228125 0.1823742796875 0.7525598296875 0.1257161390625 0.783383846875 0.1504271609375 0.8049853265625 0.190936325 0.7809460234375
9 0.25588129843749996 0.756915390625 0.22738251874999998 0.7424220296875 0.1827989640625 0.7729313203125 0.20917966093749998 0.7928107125 0.25588129843749996 0.756915390625
10 0.27273195 0.8278428015625 0.25961018281250003 0.8188328296874999 0.270288534375 0.8060851625 0.25347835937499996 0.797411121875 0.204596209375 0.8362223734375 0.24022298593750002 0.8580373625 0.27273195 0.8278428015625
7 0.3319944 0.7966004328125 0.296991009375 0.7816125703125001 0.2622892234375 0.8178038187500001 0.296046734375 0.8370113437500001 0.3319944 0.7966004328125
0 0.40642640625000004 0.858962234375 0.38540467968750003 0.8548987359375 0.387497259375 0.8378003125 0.36322322812499996 0.8334895640625 0.3453070015625 0.8845163765624999 0.3963846359375 0.8933301828125 0.40642640625000004 0.858962234375
8 0.44318384687499995 0.814914846875 0.3974519875 0.8071237859375 0.3867129859375 0.85314918125 0.43396505 0.8604394718749999 0.44318384687499995 0.814914846875
6 0.5513592796875 0.86381710625 0.521490653125 0.8664771124999999 0.51899711875 0.8391686046875 0.50134024375 0.843373328125 0.5077226640625 0.892549365625 0.5584758546875 0.8920934125000001 0.5513592796875 0.86381710625
2 0.5626469296875001 0.8252294984375 0.5367533453125 0.8281917 0.5309828875 0.8067974671875 0.5141234828125001 0.810446475 0.5218766375 0.860343059375 0.5702620359374999 0.8553927218749999 0.5626469296875001 0.8252294984375
0 0.5669437484375 0.7811797078125 0.5254366375 0.7835712578125 0.5367656515625 0.8251109390625 0.5790702343749999 0.8221636734375 0.5669437484375 0.7811797078125
8 0.6311668765625 0.7749680453125001 0.599815859375 0.78676045 0.63602909375 0.8246448515625 0.6712179875000001 0.8112951984375 0.6311668765625 0.7749680453125001
11 0.656514478125 0.818189803125 0.6364528890625001 0.827142428125 0.6203276359375 0.80989170625 0.6060602296875001 0.8162031265625 0.6450026234374999 0.8586093859374999 0.68005435625 0.8434002843749999 0.656514478125 0.818189803125
5 0.4119632578125 0.6940168171875001 0.4166816390625 0.66723873125 0.3975916671875 0.665091634375 0.3914875953125 0.69141646875 0.4119632578125 0.6940168171875001
5 0.43081400781249996 0.6947540984375 0.4349978671875 0.6689790953125 0.417413196875 0.6679901593750001 0.4129901171875 0.69235534375 0.43081400781249996 0.6947540984375
3 0.4479485296875 0.69605671875 0.45099286562499996 0.6694992734375 0.43569418437499996 0.66833621875 0.4314681421875 0.69445591875 0.4479485296875 0.69605671875
0 0.4851437984375 0.7016676859375 0.48657017187499996 0.6715081609375 0.4519705921875 0.6699215109375001 0.44839867968749997 0.695743034375 0.4851437984375 0.7016676859375