12 0.1983411578125 0.76132101875 0.186755709375 0.7512697453125 0.1302792015625 0.78241389375 0.1551153265625 0.8038650687500001 0.1954829625 0.7795974890624999 0.183974340625 0.7720152031249999 0.1983411578125 0.76132101875
9 0.2602856265625 0.7551964578125 0.2317033140625 0.740873265625 0.1872991484375 0.7716325562499999 0.21379485312500002 0.7913524578125 0.2602856265625 0.7551964578125
10 0.274979046875 0.8042674484375001 0.2581188703125 0.795693821875 0.20946465781249998 0.8347775437499999 0.2452174125 0.8563786765625 0.2775492328125 0.8260042453124999 0.2643753796875 0.8170733359375 0.274979046875 0.8042674484375001
7 0.336627521875 0.794426725 0.301537934375 0.7796470125 0.26704832968750003 0.8160290578125 0.30091668125000004 0.8350343921875 0.336627521875 0.794426725
0 0.3923687046875 0.8352912390625 0.3680703625 0.8311229843750001 0.35045224375 0.8822384453125001 0.40157953125 0.89075249375 0.4114205875 0.85633661875 0.3903758828125 0.8523966218749999 0.3923687046875 0.8352912390625
8 0.447919975 0.8120888734375 0.4021442421875 0.8045661656249999 0.3916739453125 0.850639990625 0.43896690937500005 0.8576532390624999 0.447919975 0.8120888734375
6 0.5238720796874999 0.8358943046875 0.50624031875 0.8402004390625001 0.51290923125 0.8893243671875 0.563658040625 0.88857336875 0.55637685 0.8603470718749999 0.5265247453125 0.8631799859375 0.5238720796874999 0.8358943046875
2 0.535668709375 0.8034633234375 0.5188311515625 0.807209275 0.526874953125 0.8570455578124999 0.5752298484375 0.8518153156249999 0.5674391421875 0.8217055765625 0.54156370625 0.8248174734375 0.535668709375 0.8034633234375
0 0.5714789921875 0.7776442218749999 0.529987234375 0.7802764515625 0.5415580515625 0.8217375796875 0.583844015625 0.8185451671875 0.5714789921875 0.7776442218749999
8 0.6356637265625 0.771060928125 0.6043825265625 0.7830320765625001 0.6408154078125 0.8206943125 0.6759252765625 0.8071440687500001 0.6356637265625 0.771060928125
11 0.6250284671874999 0.8060369859375 0.6107983421875 0.8124294624999999 0.6499866546875 0.8545963046875 0.6849485265624999 0.8391879765624999 0.6612624640625 0.8141220875 0.64125375 0.8231886640624999 0.6250284671874999 0.8060369859375
5 0.415995578125 0.691409275 0.4205576765625 0.6646119078125 0.4014558328125 0.6625764937499999 0.3955054484375 0.6889288062500001 0.415995578125 0.691409275
5 0.4348499875 0.69203669375 0.43888342968750005 0.6662452140624999 0.42129359062500005 0.665358853125 0.41701271562500003 0.6897423359375 0.4348499875 0.69203669375
3 0.45199152187499997 0.6932392625 0.4548809171875 0.66667220625 0.43957597656249997 0.6655984828125 0.43550236093750005 0.6917348015625 0.45199152187499997 0.6932392625
0 0.4892182421875 0.6986321890625 0.4904687296875 0.6684735609375 0.4558610734375 0.6670886281249999 0.452439828125 0.6929230546875 0.4892182421875 0.6986321890625