12 0.1946265203125 0.7358239421875 0.1836196453125 0.7252858046874999 0.1257629234375 0.754176078125 0.1493637796875 0.7766708140625 0.19082312968749998 0.7540112437500001 0.179763328125 0.7459489046875001 0.1946265203125 0.7358239421875
9 0.2566153859375 0.7322132703124999 0.228911459375 0.7167045562500001 0.18309334375 0.7457011078125 0.2084371109375 0.7665295859375 0.2566153859375 0.7322132703124999
10 0.268671140625 0.7819558828125001 0.252335640625 0.7726827546874999 0.20185013437500002 0.8098430406249999 0.2363110078125 0.8329325984375 0.2700905171875 0.8038297703125 0.25744360624999996 0.7943489718750001 0.268671140625 0.7819558828125001
7 0.33056011406249997 0.7746114515625 0.2964019 0.7583804953125 0.26015935625000003 0.79341200625 0.2928803 0.8138251421874999 0.33056011406249997 0.7746114515625
0 0.3839104671875 0.8178072437499999 0.3599391125 0.8126430953125 0.339720459375 0.8631171671875 0.3901731671875 0.8737263390625 0.40177418125 0.8396599859375 0.3810299703125 0.8348569578125 0.3839104671875 0.8178072437499999
8 0.44042981406250004 0.7968329078124999 0.3952528015625 0.787434525 0.3824143078125 0.8331505781249999 0.42912848124999997 0.842100540625 0.44042981406250004 0.7968329078124999
6 0.514794984375 0.8237673828125001 0.49701625624999995 0.8273617906249999 0.5010805640625 0.8768305796875 0.5516421109375 0.8781454765625 0.5458729109375 0.849580534375 0.5160056296875 0.8512017859375 0.514794984375 0.8237673828125001
2 0.5282388 0.7917685328124999 0.5112800890625 0.7948342703125 0.516675809375 0.8450724765625001 0.5650889078125 0.841803946875 0.558911190625 0.811332003125 0.5329881953125 0.8133946249999999 0.5282388 0.7917685328124999
0 0.565242471875 0.76736950625 0.5237980328125 0.7683156875 0.5331439984374999 0.810309909375 0.5754084578125 0.8088350578125001 0.565242471875 0.76736950625
8 0.6294856421875 0.7633906640625 0.5977166656249999 0.7741055640625001 0.6320127890625 0.8133078703125 0.6676761046874999 0.8011674609374999 0.6294856421875 0.7633906640625
11 0.6170646109375 0.7979856859375001 0.6025629718750001 0.8038080921875 0.6393661140625 0.84763395 0.6749794812500001 0.8336266609375 0.65271301875 0.8075586625 0.6323184328125 0.8158237937499999 0.6170646109375 0.7979856859375001
5 0.4149733859375 0.674673109375 0.42091969218749997 0.648021609375 0.4020098359375 0.6452051359375 0.39470477187499997 0.6713543734375 0.4149733859375 0.674673109375
5 0.43371071250000004 0.6760694093749999 0.439078 0.6504037640625 0.42161316718749997 0.6487996421875 0.416073353125 0.6730451125 0.43371071250000004 0.6760694093749999
3 0.4507126640625 0.6779719531249999 0.454981665625 0.651482975 0.4398013515625 0.6497842765625 0.4343759953125 0.6757936390625 0.4507126640625 0.6779719531249999
0 0.487490475 0.6848891734375 0.49031613749999997 0.6547365187499999 0.45593561875 0.6519399390625 0.45117554374999996 0.67767353125 0.487490475 0.6848891734375