12 0.1984495875 0.7539674765625 0.186991315625 0.7438455625 0.13020050625 0.774671146875 0.15476511875 0.796273721875 0.1953808 0.7722331984374999 0.1839705078125 0.7645815140625001 0.1984495875 0.7539674765625
9 0.26041196875 0.7482013453125 0.23202130781250002 0.7337072484375 0.18729690625 0.7642180875 0.2135398453125 0.7840984890625 0.26041196875 0.7482013453125
10 0.2745206546875 0.7973736125 0.257774984375 0.788699134375 0.20870716093750002 0.8275123546875 0.244177228125 0.8493284531249999 0.2768352234375 0.8191323578124999 0.26377685781250004 0.810121928125 0.2745206546875 0.7973736125
7 0.33623061875000004 0.787888403125 0.301343625 0.772899778125 0.2664596734375 0.809092865625 0.300077225 0.8283013640625001 0.33623061875000004 0.787888403125
0 0.39144729218749996 0.8290903734375 0.36721852187500004 0.8247794078125 0.349019734375 0.875808809375 0.400003625 0.8846230625 0.41023738906249996 0.8502533703124999 0.3892567859375 0.846189665625 0.39144729218749996 0.8290903734375
8 0.4472210796875 0.8062037468750001 0.40157256874999997 0.7984122890625 0.390574203125 0.8444400218749999 0.43774457812499995 0.8517306828125 0.4472210796875 0.8062037468750001
6 0.5228300921875 0.8304587359375001 0.50516335625 0.8346636734375 0.5112538468750001 0.8838422078124999 0.56196759375 0.8833862296874999 0.5550217390625 0.8551084890625 0.525162384375 0.8577686296874999 0.5228300921875 0.8304587359375001
2 0.534994603125 0.798085953125 0.5181279140624999 0.8017351500000001 0.525583803125 0.8516342671875 0.5739579171875 0.8466836750000001 0.5665249421875 0.8165189203125 0.540635571875 0.8194812734375001 0.534994603125 0.798085953125
0 0.571074953125 0.7724668953125 0.529588334375 0.7748585671875 0.540665825 0.8164003546874999 0.5829524937499999 0.813452940625 0.571074953125 0.7724668953125
8 0.6352810140625 0.7662549171874999 0.6038872671875 0.7780479203125 0.6398496421875 0.8159342437499999 0.6750871593750001 0.8025839140625 0.6352810140625 0.7662549171874999
11 0.6242472015625 0.8011803515624999 0.6099548421875001 0.8074920921875 0.6486177578125 0.8499005046875 0.6837290625 0.83469063125 0.6603556609375001 0.80947886875 0.6402585281250001 0.8184319500000001 0.6242472015625 0.8011803515624999
5 0.4167310765625 0.685299578125 0.4216016265625 0.6585201328125 0.4025400046875 0.6563729265625 0.3962875546875 0.682699096875 0.4167310765625 0.685299578125
5 0.435561890625 0.6860368953125 0.4398925171875 0.6602605859375 0.4223281984375 0.6592716000000001 0.41776676718749994 0.6836380203125 0.435561890625 0.6860368953125
3 0.45267460625 0.687339584375 0.45587121406250003 0.660780790625 0.44059200625 0.6596176765624999 0.4362172203125 0.685738703125 0.45267460625 0.687339584375
0 0.489806315625 0.6929508359375001 0.49140729843750003 0.6627897796875 0.45684566875000004 0.66120305 0.45312621249999996 0.6870258828125 0.489806315625 0.6929508359375001