12 0.312824275 0.8041148265625001 0.2987738015625 0.797112340625 0.2524008640625 0.8401184953125 0.2824948328125 0.8550374765625 0.315086875 0.8223664296875001 0.30179264375 0.81772278125 0.312824275 0.8041148265625001
9 0.371424903125 0.783930296875 0.33965213906249997 0.7767366203125 0.3049230921875 0.816587496875 0.33615449062499997 0.8294571859375001 0.371424903125 0.783930296875
10 0.399270259375 0.8277748296875 0.38049369375 0.8234114390625 0.34392567343749997 0.8722555109375 0.384686278125 0.88480060625 0.40777143593750004 0.8481050109374999 0.3924841859375 0.8425473578125 0.399270259375 0.8277748296875
7 0.45655709062499994 0.8040815328124999 0.41832473906249995 0.7979495140624999 0.394797559375 0.8409255812499999 0.4330075875 0.8514067437499999 0.45655709062499994 0.8040815328124999
0 0.5220895046875 0.8305579765625 0.49728924062499996 0.8321508640624999 0.4942498015625 0.8854169046875 0.5463623890625 0.8818182671875 0.5464416171875001 0.8464206515624999 0.524871146875 0.8474827078124999 0.5220895046875 0.8305579765625
8 0.569753915625 0.7954097328125 0.5231236625 0.798728109375 0.5256497109375 0.845492403125 0.573616084375 0.8413336453125 0.569753915625 0.7954097328125
6 0.6502492984375 0.8008034859375 0.634276696875 0.809015684375 0.6543263453125 0.8547622531249999 0.703513303125 0.8423327171875 0.68863569375 0.8168427046875 0.6603623046875 0.8264557984374999 0.6502492984375 0.8008034859375
2 0.6527797515625 0.7668653515625 0.6374255390625 0.7743551328125 0.6590099953124999 0.8204702312500001 0.7046306171875 0.8042813609374999 0.688737240625 0.7770959453125 0.664411378125 0.78606025 0.6527797515625 0.7668653515625
0 0.6805078484375 0.7337521484375 0.64085009375 0.7458570875 0.663555790625 0.7830969578125 0.7038319343749999 0.7702695984375 0.6805078484375 0.7337521484375
8 0.7411623281249999 0.712609278125 0.714020240625 0.7313481734375 0.75987585625 0.7591962234375 0.790308571875 0.73805415625 0.7411623281249999 0.712609278125
11 0.7404647140625 0.7487293078125 0.7283788062500001 0.758165059375 0.778159628125 0.789713465625 0.8079354453125 0.7668170125 0.77796314375 0.7481533421875 0.7609909671875 0.76149608125 0.7404647140625 0.7487293078125
5 0.50537275 0.6866121140625 0.5024167125 0.659765546875 0.4832629296875 0.662212709375 0.484744896875 0.6889511328125 0.50537275 0.6866121140625
5 0.523897078125 0.682866740625 0.5207041328125 0.6571103546875 0.5033391484374999 0.6603147703125 0.50590264375 0.6847729453125 0.523897078125 0.682866740625
3 0.5409129984375001 0.6800701109375 0.5363924765625 0.6538310875 0.5211996890624999 0.6563280781249999 0.5244487125 0.6824256625 0.5409129984375001 0.6800701109375
0 0.5786345859375001 0.6766737515625 0.5715275859375 0.647355671875 0.53746140625 0.6540058203125 0.5412620625 0.6796623265624999 0.5786345859375001 0.6766737515625