5 0.2670896125 0.7324341624999999 0.27702572187499996 0.7172150953124999 0.2720430375 0.714293934375 0.2424300921875 0.756639878125 0.2694429921875 0.7697032625 0.2803231 0.7521012171875 0.26959009375 0.746787659375 0.2670896125 0.7324341624999999
2 0.28291141875000003 0.7286592078125 0.3009417484375 0.7033403171875 0.2890342359375 0.69864325625 0.2679033515625 0.73225869375 0.27026552656249997 0.7455523046875 0.2896049890625 0.75591150625 0.2992835140625 0.7371156203125 0.28291141875000003 0.7286592078125
1 0.317460946875 0.688881128125 0.30833639218750003 0.6846736765625 0.284788434375 0.7286176953125 0.309989446875 0.7406188375 0.3195186875 0.725487503125 0.30362663749999996 0.7191069921875 0.317460946875 0.688881128125
4 0.3560484140625 0.6816500640625 0.32601911562499997 0.6743224265625 0.3045516078125 0.718181065625 0.3326658375 0.728464309375 0.3560484140625 0.6816500640625
12 0.5078589375 0.769508971875 0.4898454515625 0.774119765625 0.49573258124999997 0.8320578031249999 0.5393407875 0.8248338078125 0.5350262375 0.7901670203125 0.50958885 0.7923830625 0.5078589375 0.769508971875
5 0.5436751765625 0.729820984375 0.505605809375 0.7362138546875 0.51076335625 0.7917665625 0.5515505515625 0.7869670515625 0.5436751765625 0.729820984375
2 0.584752146875 0.7416678531249999 0.5714527796875 0.7503474296875 0.596666209375 0.8041180609374999 0.6336862125 0.7848749640625 0.61889330625 0.7564632671875 0.5956256421874999 0.7672923468749999 0.584752146875 0.7416678531249999
6 0.593826234375 0.7070199140625 0.6075287875 0.7334873078124999 0.58710920625 0.7437022453125001 0.59589420625 0.766144728125 0.633597690625 0.7489336671875 0.6070414421875 0.7009011359375 0.593826234375 0.7070199140625
8 0.584411903125 0.68616608125 0.5497328640625 0.7009087875 0.5702512 0.7491535859375 0.605716903125 0.73242506875 0.584411903125 0.68616608125
12 0.6446468578125 0.6989671453125 0.6326222515625 0.7110042015625 0.6740211859375 0.7525670171875001 0.69889511875 0.72359299375 0.6820268796875 0.706525896875 0.6644634328125 0.7193940796875 0.6446468578125 0.6989671453125
0 0.6549986343749999 0.6596848546875 0.6286113859375 0.680267528125 0.6642329234375 0.717627603125 0.6929691859375 0.69581193125 0.6549986343749999 0.6596848546875
4 0.6944357125 0.630113178125 0.6893469125 0.639201690625 0.7360219859375 0.6650973421875 0.7504665984375001 0.634739875 0.739836775 0.6254084671875 0.72860395 0.64671893125 0.6944357125 0.630113178125
12 0.6859163453125 0.6145149046875 0.6810309796875 0.6235595515625 0.7278743671875 0.6443336015625001 0.742316046875 0.6219679640625 0.7263698484375001 0.611966765625 0.7151750734375 0.6303631359375 0.6859163453125 0.6145149046875
7 0.6866305796875001 0.5831225734375 0.6701816265625 0.6077372296875 0.7145837968750001 0.6290376890625 0.731892590625 0.6046008609375 0.6866305796875001 0.5831225734375
7 0.48225922812500005 0.5752277953125 0.46912952968750005 0.579259784375 0.4739997734375 0.6139328265625 0.4888869515625 0.6101222546875 0.48225922812500005 0.5752277953125
3 0.5127441984375001 0.567753609375 0.48281743749999995 0.5742068390624999 0.48931513281249994 0.6094295328125 0.52124370625 0.6037454265625 0.5127441984375001 0.567753609375