5 0.2220111453125 0.71412794375 0.21301083593749998 0.7060404359375 0.21394695000000002 0.69122406875 0.2269358703125 0.6788545625 0.22286264843749998 0.6746519765625 0.1848478171875 0.7085473890625 0.20757150000000002 0.7285965984375 0.2220111453125 0.71412794375
2 0.22997609843750003 0.7203481140625 0.24354665312499998 0.7043834437500001 0.22989880468749999 0.6917005640625 0.25293743125 0.67152043125 0.24267519843750002 0.6637291203125 0.2147630578125 0.691266996875 0.21394022499999998 0.7050015953125001 0.22997609843750003 0.7203481140625
1 0.2720246171875 0.661647146875 0.2643014515625 0.65507711875 0.23169728437499998 0.692157740625 0.2529397953125 0.7106787375 0.2655206609375 0.6982877656250001 0.25185027187500003 0.68777915625 0.2720246171875 0.661647146875
4 0.3104724046875 0.664757234375 0.28354758750000003 0.6495631046875 0.252945928125 0.687111634375 0.277362125 0.704711840625 0.3104724046875 0.664757234375
12 0.4348378046875 0.7916740328125 0.41660389374999995 0.7914400765625 0.40881666250000004 0.850130315625 0.4520478109375 0.8545797390625 0.45595240156249994 0.8192526953125 0.4311969484375 0.814687371875 0.4348378046875 0.7916740328125
5 0.4781500171875 0.7620455953125 0.44038983125 0.758246525 0.43245887187500004 0.8143911718749999 0.472440815625 0.8204825625 0.4781500171875 0.7620455953125
2 0.5145587218750001 0.78462751875 0.4998766953125 0.789656453125 0.5114720109374999 0.8493662203125 0.55120366875 0.8402162625 0.5436754406250001 0.8082761843749999 0.5189961000000001 0.8127792609375 0.5145587218750001 0.78462751875
6 0.5312189421875 0.7528720328125 0.538157628125 0.78260564375 0.5163346625 0.7872589640625 0.5195174375 0.81171895625 0.5594305828125 0.8047539984375 0.5452285875 0.750345759375 0.5312189421875 0.7528720328125
8 0.527069015625 0.7298114703125 0.49060910468749996 0.7351451890625 0.49900760625 0.7881604359375001 0.5366764546875 0.7810774312500001 0.527069015625 0.7298114703125
12 0.5815155078124999 0.758418246875 0.56727198125 0.767096003125 0.5971158390625 0.8190638281249999 0.62752196875 0.7970957703125 0.615392459375 0.7757909374999999 0.59567796875 0.7838183453124999 0.5815155078124999 0.758418246875
0 0.6004651 0.7224322703125 0.5705571765624999 0.7357247140625 0.5958667734375 0.7820153984375 0.6282985421875 0.7681305593750001 0.6004651 0.7224322703125
4 0.644888784375 0.7037395734375 0.637937240625 0.711350584375 0.6764324671875 0.7492704421874999 0.69721889375 0.7231706296875 0.6892460328125 0.71114883125 0.673612671875 0.7291804546875 0.644888784375 0.7037395734375
12 0.640376471875 0.6860985859375 0.6336289546875 0.69372033125 0.67346894375 0.7266348625 0.6924044953124999 0.7084143609375 0.6795197703125 0.6943213187499999 0.6645965484375 0.7094896890625 0.640376471875 0.6860985859375
7 0.648316521875 0.65533471875 0.626947871875 0.67524011875 0.6643395375 0.7080258671874999 0.686486534375 0.6885239859375 0.648316521875 0.65533471875
7 0.45536684687499995 0.5933158109375001 0.44192125937500004 0.593807165625 0.43854482343749995 0.62928784375 0.45361416875 0.6294811953125 0.45536684687499995 0.5933158109375001
3 0.48614880312500003 0.594035996875 0.45613493906249997 0.5924572625 0.454182434375 0.6289117859375 0.4859262609375 0.631780115625 0.48614880312500003 0.594035996875