5 0.25515575468749996 0.728662471875 0.245677753125 0.7203566875 0.245752021875 0.7055463125 0.2580307296875 0.6934661546875 0.25370974375 0.68916420625 0.2176392125 0.722210315625 0.24154741875000002 0.7428102265625001 0.25515575468749996 0.728662471875
2 0.263488896875 0.735074809375 0.2761403859375 0.7194091984375001 0.26174377656250003 0.7063948828125 0.2836251453125 0.6867298500000001 0.27290150468749996 0.678691184375 0.24657125156249998 0.7056082953125 0.246547375 0.7193383859375 0.263488896875 0.735074809375
1 0.3021520921875 0.6772906265625 0.294040553125 0.6705336890625 0.26357024375 0.7068944390625 0.28590718125 0.7259300046875 0.29777627500000003 0.7138188546875 0.2834836875 0.7029806046875 0.3021520921875 0.6772906265625
4 0.3408102484375 0.6812995984375 0.312980353125 0.6654620921875 0.28454131875 0.7023378921875 0.3100007546875 0.720525609375 0.3408102484375 0.6812995984375
12 0.472659140625 0.8112486984375 0.45439770937499996 0.8105897703125 0.45002129375 0.8691612624999999 0.49354443124999997 0.8746224171874999 0.4953953734375 0.8393486187500001 0.4703552703125 0.8342017937499999 0.472659140625 0.8112486984375
5 0.5142795015625 0.7825975093750001 0.4762693578125 0.7779148375 0.4716009109375 0.8339346734375 0.511967953125 0.8409638640624999 0.5142795015625 0.7825975093750001
2 0.5520306046875 0.806051603125 0.53763015625 0.8107439171875 0.55271041875 0.8707875015625 0.591939684375 0.8625532484375 0.58254626875 0.830403725 0.5581102703124999 0.8343367515625 0.5520306046875 0.806051603125
6 0.566854825 0.774650290625 0.5755297953125 0.804577259375 0.55396109375 0.8087272234375 0.5585702765625 0.833287459375 0.598108371875 0.8272447656249999 0.5807280796875001 0.772447646875 0.566854825 0.774650290625
8 0.5613592265625 0.7514684515625001 0.52518203125 0.7559586015625 0.5366733078125 0.809226059375 0.5739585265625 0.803012915625 0.5613592265625 0.7514684515625001
12 0.6175126171875001 0.78137398125 0.6037634234375 0.7897292265625 0.6366554296875 0.8424476703125 0.6658058296875 0.821164415625 0.652426775 0.7995543125 0.6331645859374999 0.8071310781250001 0.6175126171875001 0.78137398125
0 0.63438166875 0.745790990625 0.6052247875 0.7584009765624999 0.633248571875 0.8053306046875001 0.664896734375 0.792186378125 0.63438166875 0.745790990625
4 0.6777509890625 0.728113103125 0.6712372359375001 0.735570315625 0.7119693812500001 0.7744273140625 0.73125220625 0.7487838234375 0.7225733984375 0.7365634828125 0.7079778625 0.754250203125 0.6777509890625 0.728113103125
12 0.6722082390625 0.710348184375 0.665899290625 0.7178208921875 0.707685828125 0.7516985468749999 0.7255750765625 0.7338996640625 0.711860078125 0.7194914578125 0.69780853125 0.734328409375 0.6722082390625 0.710348184375
7 0.6783633703125 0.6797364265625 0.6581372562500001 0.6991653328125 0.6974661078125 0.7328570390625 0.7184946515624999 0.7138502124999999 0.6783633703125 0.6797364265625
7 0.48165606250000004 0.61315695 0.4682288296875 0.6133356421875 0.4669153875 0.6487755390625 0.48200747968749996 0.649320109375 0.48165606250000004 0.61315695
3 0.5125034125 0.6145949078124999 0.482374759375 0.6123153765625 0.482543028125 0.6487633296875 0.514478040625 0.6523741281250001 0.5125034125 0.6145949078124999