5 0.24025759687499998 0.6681140015625 0.25324058125 0.655870203125 0.2491692203125 0.6516113453125 0.21117176093749998 0.6851340328125 0.2338850609375 0.70549009375 0.24831810937499998 0.6911596921875 0.2393219109375 0.6829503421875 0.24025759687499998 0.6681140015625
2 0.2562021625 0.6687775499999999 0.27923026093750003 0.648824059375 0.26897271875 0.6408968046875 0.24107333125000002 0.6681665359375 0.240250875 0.681920175 0.2562794203125 0.697485734375 0.2698437765625 0.6816460609375 0.2562021625 0.6687775499999999
1 0.2983087265625 0.63915281875 0.290589090625 0.632479009375 0.25799982187500003 0.66925665625 0.279232625 0.688064040625 0.2918077421875 0.675793975 0.2781436 0.665104003125 0.2983087265625 0.63915281875
4 0.3367389453125 0.6427178421875 0.30982643125 0.6271779828125 0.27923875468750003 0.6644478703125001 0.3036437953125 0.6823695625 0.3367389453125 0.6427178421875
12 0.46104751874999994 0.7713498515625 0.442821940625 0.7709027296875 0.4350382671875 0.8296245109375 0.47824966093750004 0.8345874562500001 0.48215246718750004 0.7992322953125 0.4574083265625 0.7943687078125 0.46104751874999994 0.7713498515625
5 0.504339940625 0.7421648249999999 0.46659700937500004 0.737917403125 0.4586696734375 0.7940866109375 0.498633346875 0.8006570468750001 0.504339940625 0.7421648249999999
2 0.5407320062500001 0.7652184984375 0.526056690625 0.7700866703125 0.5376467093749999 0.83005618125 0.5773602109375 0.8213505703124999 0.5698354218749999 0.7892560875 0.5451673593749999 0.7934806953125 0.5407320062500001 0.7652184984375
6 0.557384615625 0.7335911234375 0.5643201312499999 0.7634676625 0.5425071375 0.767876146875 0.5456884578125 0.7924242625 0.5855833671874999 0.7859103234375 0.5713878593749999 0.7312229890624999 0.557384615625 0.7335911234375
8 0.5532365875 0.710434075 0.516793334375 0.7153536500000001 0.5251879984375 0.768577396875 0.5628396359375001 0.7619189875 0.5532365875 0.710434075
12 0.6076582 0.7397355546875 0.59342118125 0.748265271875 0.6232514015625 0.8006895453125 0.6536436375 0.7790303375 0.6415196703125 0.7575396046875 0.621814190625 0.765353803125 0.6076582 0.7397355546875
0 0.6265991328125 0.7038955703124999 0.596704875 0.7168668874999999 0.62200290625 0.7635493 0.65441985625 0.7500137890625 0.6265991328125 0.7038955703124999
4 0.6710025171875 0.6856820484374999 0.66405415 0.69322785 0.7025317890625 0.7316757734375 0.723308715625 0.7057639921875001 0.7153394984375 0.6936241328125 0.6997132796875001 0.711511009375 0.6710025171875 0.6856820484374999
12 0.6664922671875 0.66795165 0.659747834375 0.675510584375 0.69956961875 0.7089584328125 0.7184965171875 0.6909208015625 0.7056176796875 0.6766480890625 0.6907012765625 0.6916740234375001 0.6664922671875 0.66795165
7 0.6744286890625 0.6372162484375 0.6530698046875 0.6569139109375 0.6904443828125 0.690204153125 0.7125812609375 0.6709199265625 0.6744286890625 0.6372162484375
7 0.48156717968749996 0.5728174859374999 0.4681277375 0.5731530390625 0.4647528421875 0.6086683140625 0.4798153046875 0.6090378359375 0.48156717968749996 0.5728174859374999
3 0.512335071875 0.5738982125 0.482334921875 0.5719661078125 0.48038330937499996 0.6084738671875 0.5121126296875 0.611718434375 0.512335071875 0.5738982125