1 0.28974319375 0.0072412171875 0.283748090625 0.021723651562499998 0.3394169 0.021723651562499998 0.34712488750000003 0.0028964859375 0.28974319375 0.0072412171875
8 0.431056321875 0.0434473015625 0.44047719687500003 0.0043447296875 0.34798133125 0.0072412171875 0.334278240625 0.040550815625 0.431056321875 0.0434473015625
4 0.2537725796875 0.133238390625 0.2571983515625 0.09992879375 0.29830762499999997 0.09123933281249999 0.3008769546875 0.0709639265625 0.19981665625 0.0811016296875 0.185257121875 0.133238390625 0.2537725796875 0.133238390625
2 0.3659666390625 0.092687575 0.25976768125 0.1042735234375 0.254629021875 0.1636515015625 0.363397309375 0.1375831203125 0.3659666390625 0.092687575
0 0.367679525 0.110066496875 0.36682308125 0.134686634375 0.3205751484375 0.1506173109375 0.3188622625 0.1752374484375 0.42763054843750004 0.1622032578125 0.42677410625 0.1042735234375 0.367679525 0.110066496875
6 0.18183135 0.2375119140625 0.1938215546875 0.301234621875 0.312867159375 0.2462013734375 0.29745118125 0.1940646125 0.18183135 0.2375119140625
3 0.30772849999999996 0.21434001875000003 0.31629293281250004 0.2462013734375 0.2760401015625 0.2693732671875 0.2811787609375 0.2939934046875 0.39594215 0.2462013734375 0.37795684375 0.1868233953125 0.30772849999999996 0.21434001875000003
10 0.362540865625 0.26647678125 0.3753875140625 0.2925451625 0.48158647187500003 0.2360636703125 0.4524674015625 0.183926909375 0.3899470484375 0.21434001875000003 0.3993679234375 0.2447531296875 0.362540865625 0.26647678125
9 0.2315050546875 0.4055081453125 0.275183659375 0.469230853125 0.392516378125 0.3678538171875 0.34798133125 0.3186135421875 0.2315050546875 0.4055081453125
4 0.3659666390625 0.399715171875 0.3899470484375 0.4286800390625 0.49614600624999994 0.347578409375 0.4447594140625 0.298338134375 0.3753875140625 0.3417854375 0.3976550375 0.3678538171875 0.3659666390625 0.399715171875
12 0.46274472031249997 0.3779915203125 0.4867251296875 0.4026116578125 0.5809338828125 0.32585475937499997 0.5278344046875 0.2708215109375 0.4678833796875 0.31571705625 0.4952895625 0.3417854375 0.46274472031249997 0.3779915203125
9 0.3745310703125 0.55033248125 0.44561585625 0.6126069484375 0.5475325984375 0.4750238265625 0.47473492500000003 0.4257835515625 0.3745310703125 0.55033248125
5 0.5226957453125001 0.517022884375 0.5560970296875001 0.541643021875 0.6391720203125 0.42723179531250005 0.5698001203125 0.38233625 0.5158442 0.443162471875 0.5466761546875001 0.469230853125 0.5226957453125001 0.517022884375
5 0.5946369734375 0.686467359375 0.6999794890625 0.7183287140625 0.7410887625 0.55612545625 0.6511622265625 0.530057075 0.5946369734375 0.686467359375
6 0.7333807734375 0.60246924375 0.7787722640625 0.6183999203125 0.7993269 0.5257123453125 0.7496531937500001 0.5141263984375 0.7607869546875 0.4648861234375 0.7179647953125 0.4547484203125 0.6905586125000001 0.5358500484375 0.744514534375 0.5546772125 0.7333807734375 0.60246924375
7 0.8712681281249999 0.4069563875 0.7847673656249999 0.38523273750000003 0.753935409375 0.50688518125 0.8464312765625 0.5315053187500001 0.8712681281249999 0.4069563875
11 0.917781453125 0.48805801718749997 0.9186378953125001 0.6386753281249999 0.9931484546875 0.6459165453125 0.9931484546875 0.4996439640625 0.917781453125 0.48805801718749997
7 0.9152121234375 0.5532289703125 0.8749592921874999 0.5532289703125 0.8749592921874999 0.715432228125 0.984584021875 0.72267344375 0.984584021875 0.650261275 0.916925009375 0.6430200578124999 0.9152121234375 0.5532289703125
12 0.6702693656250001 0.12020420000000001 0.7036706515625 0.14772082343749998 0.770473221875 0.085446359375 0.740497709375 0.0666191953125 0.6702693656250001 0.12020420000000001
8 0.70623998125 0.1506173109375 0.7473492546875 0.1853751515625 0.8184340406249999 0.12454893125 0.7713296640625 0.0883428453125 0.70623998125 0.1506173109375