8 0.49270808749999995 0.028696978125 0.40488408906249995 0.0235818125 0.39150627656250003 0.046581721874999996 0.4872099953125 0.06682500625 0.501326053125 0.029984181250000002 0.49270808749999995 0.028696978125
4 0.30030491875 0.123455371875 0.30776457343749997 0.09124603125 0.349626403125 0.090069475 0.3546475328125 0.07055076875 0.253105046875 0.062382578125 0.23230016406249998 0.1111446125 0.30030491875 0.123455371875
2 0.29744855000000003 0.153579796875 0.40858303281249997 0.1474340921875 0.41660460156249995 0.1036535171875 0.3097852625 0.095989190625 0.29744855000000003 0.153579796875
0 0.41618676250000003 0.1210873109375 0.41233626250000005 0.14519529375 0.36449159375 0.152584384375 0.35979103437500004 0.176538484375 0.46933704687500005 0.183237296875 0.47554684687500004 0.1259966671875 0.41618676250000003 0.1210873109375
6 0.345192290625 0.2453925546875 0.33624509375 0.1912445640625 0.21619218125 0.21328521718750001 0.22032716875 0.2782350203125 0.345192290625 0.2453925546875
3 0.34397485625 0.2130715375 0.3485925296875 0.24600809375 0.30581579375 0.26161022031250003 0.307915709375 0.28679539374999996 0.427648053125 0.26031935 0.4170331625 0.1985738625 0.34397485625 0.2130715375
10 0.3920247859375 0.2742982171875 0.40159874218749997 0.3022955203125 0.5138894703125 0.2657176203125 0.49134132187499996 0.2091074765625 0.42558056093749996 0.22784445 0.4312247875 0.25950772031249997 0.3920247859375 0.2742982171875
9 0.4094221125 0.379585978125 0.371219903125 0.32306025156249996 0.2450220359375 0.387762078125 0.280609221875 0.4584056078125 0.4094221125 0.379585978125
4 0.37918735 0.4062132703125 0.39945908281250003 0.43906540781250003 0.514750253125 0.378225640625 0.46974756875 0.3204688375 0.3955978609375 0.3508192546875 0.4145224703125 0.3805092859375 0.37918735 0.4062132703125
12 0.477891509375 0.40219468750000004 0.49869273124999997 0.4307653203125 0.6015535796875 0.37205267656249996 0.5555567625 0.3082794296875 0.4905812140625 0.34174974375 0.514606178125 0.372363084375 0.477891509375 0.40219468750000004
9 0.5502221281249999 0.5130495515625 0.48396795625 0.451445634375 0.3693323109375 0.5561776515625 0.43229789218750003 0.6303183171875 0.5502221281249999 0.5130495515625
5 0.52045200625 0.5499747921875 0.5506038828125 0.5802381546875 0.6470028671875 0.4824186265625 0.5836194453125 0.42571175468750005 0.5226528515625 0.475958115625 0.550078053125 0.5071869921875 0.52045200625 0.5499747921875
5 0.7324517515625 0.6277488906250001 0.64637245 0.5859019828124999 0.5712069093750001 0.7298798203125 0.6718812953125 0.7802053234375 0.7324517515625 0.6277488906250001
6 0.7939622156249999 0.6082424953125 0.7460707421875 0.5878998453125 0.76312239375 0.5413766109375 0.7218548984375001 0.5236922046875 0.6847691953124999 0.5986893453125 0.736028484375 0.6269372609375 0.7191533296875 0.6720333265625 0.7622650171875 0.695888059375 0.7939622156249999 0.6082424953125
7 0.7512035203125 0.581533425 0.8400094984375001 0.622414815625 0.879839915625 0.5041409625 0.7966313640625 0.4671911015625 0.7512035203125 0.581533425
11 0.9716898468749999 0.7615230734375 0.9895159906250001 0.617379040625 0.9161227343749999 0.59241985625 0.8986171609375001 0.740999278125 0.9716898468749999 0.7615230734375
7 0.905630215625 0.6561807921875 0.8656774234375 0.648948221875 0.84590981875 0.8087911078125 0.9538349390624999 0.8356241656250001 0.9626597625000001 0.764265734375 0.8963875531250001 0.7449730140625 0.905630215625 0.6561807921875
12 0.8189785359374999 0.16919884062499999 0.791520909375 0.14525969218749998 0.71528566875 0.1854464015625 0.745084553125 0.21856409999999998 0.8189785359374999 0.16919884062499999
8 0.86181645625 0.21634992656250002 0.8194756015625 0.1722070625 0.7472817390625 0.22188009218750002 0.783848675 0.2635185953125 0.86181645625 0.21634992656250002