1 0.28258761875 0.0580083828125 0.28782951562500003 0.038631646874999995 0.2314707984375 0.047309050000000005 0.2273732265625 0.06221921406249999 0.28258761875 0.0580083828125
8 0.2892335453125 0.042903871875 0.27989407499999996 0.0771907703125 0.376251890625 0.0727617390625 0.3806046625 0.0330160765625 0.2892335453125 0.042903871875
4 0.15170614375 0.12784027343749998 0.143920390625 0.18098564687500002 0.21187656718749998 0.175803084375 0.21102261093750002 0.1422935734375 0.250687159375 0.1305100234375 0.25064748593749997 0.1100763140625 0.15170614375 0.12784027343749998
2 0.21660806406250002 0.2060973484375 0.321161021875 0.1718479921875 0.3179787421875 0.12683791093750002 0.2141255453125 0.146436234375 0.21660806406250002 0.2060973484375
0 0.38801254375 0.1915657109375 0.37976872031250003 0.133803740625 0.32189595625 0.1440563734375 0.3241891125 0.1686975265625 0.280352146875 0.1880981125 0.2817958515625 0.212804046875 0.38801254375 0.1915657109375
6 0.284907790625 0.28409529375 0.26296271718750003 0.23321729375000003 0.153832453125 0.28533293125000003 0.1738585921875 0.3480354109375 0.284907790625 0.28409529375
3 0.3673046515625 0.2778114390625 0.3418869265625 0.21989943906249998 0.2757441734375 0.252679271875 0.2883056 0.283836165625 0.2513390953125 0.3100116234375 0.2595784171875 0.3341993 0.3673046515625 0.2778114390625
10 0.3572915828125 0.24646019687499998 0.3705176015625 0.276106640625 0.33676404843749996 0.3005773015625 0.3528332984375 0.3256276109375 0.45095585624999995 0.26121355625 0.41541954687500005 0.21137206718749998 0.3572915828125 0.24646019687499998
9 0.379435025 0.39950675 0.3289782953125 0.35372267343749997 0.2245443578125 0.4492731609375 0.27600022812499997 0.50957870625 0.379435025 0.39950675
4 0.3591185140625 0.3747803515625 0.3845317390625 0.3991180578125 0.3571689125 0.4333197078125 0.38465075937500004 0.4604191875 0.47963070781250006 0.3714287609375 0.42237836250000005 0.326162940625 0.3591185140625 0.3747803515625
12 0.44753188125000004 0.3417618546875 0.47804181874999996 0.3657108703125 0.4503841171875 0.40431430625000003 0.4773113859375 0.4270767796875 0.560953584375 0.3433303109375 0.5012628968749999 0.2924113796875 0.44753188125000004 0.3417618546875
9 0.54686545625 0.4947606984375 0.46837680625000006 0.4511144296875 0.38488880000000003 0.5830214453125 0.46334228125 0.6398083 0.54686545625 0.4947606984375
5 0.511368821875 0.46535291875 0.5452765671875001 0.48904280624999996 0.5275922640624999 0.5385637734375 0.5638635062499999 0.5606136453125 0.6316564828125 0.4401219515625 0.5571202171875 0.40055355937500003 0.511368821875 0.46535291875
5 0.74919376875 0.56107741875 0.6566738234375 0.541857490625 0.620574784375 0.7022653390625 0.7291243078125 0.726101865625 0.74919376875 0.56107741875
6 0.803074471875 0.526313196875 0.752327371875 0.5185052015625 0.75708503125 0.4685102953125 0.713318409375 0.4616297140625 0.696488059375 0.54466019375 0.75240671875 0.5593726218749999 0.7474641984375 0.607921859375 0.794518615625 0.62039076875 0.803074471875 0.526313196875
7 0.7556503359375 0.5109529484374999 0.8505337781250001 0.5285328609375 0.8592699906249999 0.402326659375 0.7707024328125 0.3871846109375 0.7556503359375 0.5109529484374999
11 1 0.5482995390625 0.9919864203125 0.48563034531250004 0.9157557562499999 0.4797658125 0.9358305734375 0.630050590625 1 0.6314161140625 1 0.5482995390625
7 1 0.6365434265625 0.934686246875 0.6345171609375 0.9215260671875001 0.5450152578125 0.8816018140624999 0.5480600124999999 0.9023060546874999 0.7099749234375 1 0.70902719375 1 0.6365434265625
12 0.7182590953125 0.0890123828125 0.6861250984375 0.07248605625 0.6233098125 0.1312879296875 0.659950775 0.1562291375 0.7182590953125 0.0890123828125
8 0.7708196171874999 0.1244176484375 0.7194782656250001 0.0918389375 0.66286885 0.1589261296875 0.7080791765625001 0.1905126453125 0.7708196171874999 0.1244176484375