1 0.2678024078125 0.0589373609375 0.2720094015625 0.039244840625 0.2163226484375 0.05120924375 0.21302166718749999 0.066366128125 0.2678024078125 0.0589373609375
8 0.2736317296875 0.043437610937499996 0.266123753125 0.07828701406250001 0.361877659375 0.0682437625 0.36413233906250003 0.02822305625 0.2736317296875 0.043437610937499996
4 0.203532675 0.180914071875 0.2009272828125 0.147436134375 0.2398216609375 0.1333361578125 0.238712125 0.1128936859375 0.1410829515625 0.1364295578125 0.136110225 0.1900571703125 0.203532675 0.180914071875
2 0.2098322703125 0.21094919375 0.3121881390625 0.1705921734375 0.3066611796875 0.125743034375 0.2042351703125 0.1514003265625 0.2098322703125 0.21094919375
0 0.3114649203125 0.1427426921875 0.3150395625 0.167263646875 0.2723877421875 0.1892277859375 0.2751196046875 0.2138630296875 0.37981410625 0.1864271875 0.36857738906250004 0.12911402656249998 0.3114649203125 0.1427426921875
6 0.2819527125 0.285011675 0.2574281171875 0.2353841703125 0.1514481875 0.2938837328125 0.174680446875 0.3554538828125 0.2819527125 0.285011675
3 0.2711793640625 0.2541123109375 0.28532383437500003 0.2845545203125 0.2498707203125 0.31289707031249997 0.2593448265625 0.33661800468749997 0.3637024296875 0.27392566875 0.3353502546875 0.2174625984375 0.2711793640625 0.2541123109375
10 0.334471865625 0.2984825375 0.351790846875 0.322610559375 0.44616155468749996 0.25244699531250003 0.40815246875 0.20464810781249998 0.352086303125 0.24314059375000002 0.36681370625 0.272032828125 0.334471865625 0.2984825375
9 0.3821585765625 0.3949804671875 0.3294991375 0.35211015 0.2304718796875 0.45379458906250003 0.28488702187500003 0.5111360578124999 0.3821585765625 0.3949804671875
4 0.36174904375 0.430108515625 0.3905438671875 0.45562215625 0.48049715312499997 0.36105192656249996 0.4210954703125 0.319095915625 0.36062569375 0.3714238921875 0.387215259375 0.39429473593750003 0.36174904375 0.430108515625
12 0.453085525 0.39565859531249997 0.4811008046875 0.416865178125 0.56003470625 0.32820204999999997 0.49790807031249995 0.2807318734375 0.4469687265625 0.3332383578125 0.478614978125 0.3554234703125 0.453085525 0.39565859531249997
9 0.5539306500000001 0.48053498906250003 0.4734594515625 0.44143619999999995 0.3972010828125 0.5782769953125 0.47832535624999994 0.630525540625 0.5539306500000001 0.48053498906250003
5 0.537025615625 0.5254842640625 0.57431148125 0.5454336703125 0.6355331765625001 0.420928453125 0.559212646875 0.385679565625 0.5170311015625 0.4531785765625 0.552048475 0.47490653437499997 0.537025615625 0.5254842640625
5 0.7589505796875 0.5351041703125 0.66578134375 0.5212621328125 0.63822145 0.6838593015625001 0.7476001328125 0.701386884375 0.7589505796875 0.5351041703125
6 0.81080284375 0.4971831265625 0.7598427812499999 0.4923263828125 0.76196408125 0.442027296875 0.7180061125 0.43769192968750004 0.70558864375 0.5217475968749999 0.7620618515625 0.5332113281249999 0.759680703125 0.5820747265625 0.8072064093750001 0.5918099734375 0.81080284375 0.4971831265625
7 0.7627574421875 0.4845765078125 0.8581951703125 0.49663999218750005 0.86028884375 0.369856603125 0.771270278125 0.3598644703125 0.7627574421875 0.4845765078125
11 1 0.46285170000000003 0.9968551484375 0.4454761078125 0.9206116671875 0.44404802656250003 0.9484786812499999 0.5932451046875 1 0.5913362578125 1 0.46285170000000003
7 1 0.596351571875 0.947572665625 0.597780740625 0.929776503125 0.5089967734374999 0.8901658140625001 0.5143683421875 0.9192688359375 0.6751652 1 0.6696557999999999 1 0.596351571875
12 0.7034155421875 0.0645849140625 0.6705401921874999 0.0499210984375 0.611046571875 0.1124131625 0.6488521359375 0.135233940625 0.7034155421875 0.0645849140625
8 0.7576271625000001 0.096948275 0.70477801875 0.067341996875 0.651900175 0.13776244843750002 0.69859000625 0.166733059375 0.7576271625000001 0.096948275