1 0.3143485296875 0.014641018750000002 0.309139859375 0.025456785937499997 0.36474932656250003 0.030959528125000003 0.3712633328125 0.0172918671875 0.3143485296875 0.014641018750000002
8 0.37585521875 0.0175057375 0.3739599390625 0.0174174640625 0.358740190625 0.049207053125 0.45528034531249995 0.061658815624999995 0.46651046875 0.023636382812500002 0.37585521875 0.0175057375
4 0.27400795625 0.1335838546875 0.2789798421875 0.1007397328125 0.3204495796875 0.0961469265625 0.32395950625 0.07620270312500001 0.22253526875000001 0.0763122046875 0.20556553437499997 0.126811246875 0.27400795625 0.1335838546875
2 0.27344848125 0.163965809375 0.383313684375 0.1487482109375 0.387969090625 0.104277603125 0.28134428906250003 0.1053218890625 0.27344848125 0.163965809375
0 0.38887157656250004 0.12175966093749999 0.3868705671875 0.1462013859375 0.339930740625 0.1574998875 0.3370742015625 0.18185695468750002 0.4463329734375 0.1796239125 0.44817268749999994 0.121830121875 0.38887157656250004 0.12175966093749999
6 0.32778381562500003 0.2519580421875 0.31480999062500004 0.198495984375 0.197291975 0.23034906249999998 0.206304628125 0.29501431718750004 0.32778381562500003 0.2519580421875
3 0.3241330171875 0.21971007187499997 0.33120593593750003 0.2522966734375 0.28991791718750004 0.27140142031250003 0.29390561875 0.2964357484375 0.41077024843750004 0.260169828125 0.39556674062499997 0.19924015625 0.3241330171875 0.21971007187499997
10 0.376461234375 0.27706637968750003 0.388081328125 0.3043053546875 0.49679494375 0.258536490625 0.47013263437499997 0.203719909375 0.4062639234375 0.2278372015625 0.4142597515625 0.25906573125 0.376461234375 0.27706637968750003
9 0.401688115625 0.3810203828125 0.35949149999999996 0.3275654234375 0.23909651875 0.40261569531249997 0.27976379375 0.47041328125000004 0.401688115625 0.3810203828125
4 0.37368429375 0.4101360234375 0.3962915171875 0.44136100312500004 0.5061506109375 0.371065753125 0.45710975468750004 0.3169335328125 0.38579037031249996 0.35335812187500004 0.40682129843750003 0.38152832812500004 0.37368429375 0.4101360234375
12 0.471369928125 0.398061403125 0.4941792953125 0.42495819843750005 0.591858821875 0.35780592968749997 0.5413764296875 0.29773348125 0.479400496875 0.33653203125000003 0.5055646046875 0.3652101828125 0.471369928125 0.398061403125
9 0.5515528875 0.5031053078125 0.48112377500000003 0.446856646875 0.37523195781249996 0.56102635 0.44334358125 0.630090253125 0.5515528875 0.5031053078125
5 0.5247884593750001 0.5424893609375 0.557008659375 0.570317390625 0.6453182 0.4645536328125 0.5781090640625 0.4129717859375 0.5213806546875001 0.4682329515625 0.55096688125 0.4972497359375 0.5247884593750001 0.5424893609375
5 0.7411293828125001 0.6030307125000001 0.6525115671874999 0.56817255625 0.5887694078125 0.71839981875 0.6925172468749999 0.7605527296875 0.7411293828125001 0.6030307125000001
6 0.8007204421875 0.578490134375 0.7516387359375 0.562038165625 0.7650515859375 0.5140859484375 0.7227467437499999 0.49975397031249996 0.6915964328124999 0.5778377171875 0.7446188828125 0.6019266156249999 0.7312734140625 0.648436103125 0.7758753265625 0.6687929671874999 0.8007204421875 0.578490134375
7 0.75625329375 0.5552478125 0.8475050812499999 0.588917215625 0.8781102328125 0.46729764218750003 0.7927123968750001 0.43710630000000006 0.75625329375 0.5552478125
11 0.9887427531249999 0.7173954375 0.9955482468750001 0.571679871875 0.920800634375 0.552688175 0.9146485265625 0.7028165859375 0.9887427531249999 0.7173954375
7 0.9152018921874999 0.61735698125 0.8749919703125 0.613378075 0.8674452859375 0.7749636546875001 0.9766162515625 0.793013465625 0.97998530625 0.720877046875 0.9127353234375001 0.70697545625 0.9152018921874999 0.61735698125
12 0.79238138125 0.137048578125 0.7633137750000001 0.11533009375 0.69066719375 0.1617691203125 0.7227526328125 0.19248260625 0.79238138125 0.137048578125
8 0.8384717828125 0.1807430703125 0.7931021484375 0.14001869218750002 0.7251844625 0.1956220359375 0.7646327671875001 0.23431108125 0.8384717828125 0.1807430703125