8 0.36764637968749997 0 0.3579836515625 0.019986389062500002 0.45433861249999996 0.0245742390625 0.4619888578125 0 0.36764637968749997 0
4 0.271195321875 0.11131046093750001 0.27693718437500003 0.0780454609375 0.3185588015625 0.070069921875 0.32253682031249997 0.049830115625 0.2210000640625 0.05820763125 0.2028363546875 0.1101139734375 0.271195321875 0.11131046093750001
2 0.2699279734375 0.1417524328125 0.3802665515625 0.117571559375 0.38596224375 0.0727003578125 0.279197525 0.0824370453125 0.2699279734375 0.1417524328125
0 0.386458740625 0.0901171375 0.383886578125 0.11473357343749999 0.3366328375 0.129863903125 0.3332061890625 0.1544653828125 0.44263540625 0.143324659375 0.445822509375 0.0853534875 0.386458740625 0.0901171375
6 0.32227383125000003 0.22535705625000002 0.31053049375 0.1729272515625 0.1921435453125 0.21437534062500002 0.19966061562499998 0.2783365640625 0.32227383125000003 0.22535705625000002
3 0.31936978125 0.1933914 0.32569177968749996 0.22541688125 0.28391425 0.24789643125 0.287323496875 0.272617559375 0.4051590796875 0.2268077984375 0.39135748124999997 0.16708859843749999 0.31936978125 0.1933914
10 0.3704195265625 0.2465091859375 0.38141811875 0.27281382656250003 0.49131506875 0.218161071875 0.46589993593749995 0.16549196875 0.40140054531249997 0.19482718593749998 0.4086780671875 0.2254187171875 0.3704195265625 0.2465091859375
9 0.39325379374999997 0.34845603125 0.352255815625 0.2984155296875 0.22998318593749997 0.383315825 0.2691162796875 0.447830425 0.39325379374999997 0.34845603125
4 0.36454182031250004 0.3798683125 0.3864466625 0.4092651921875 0.4980612875 0.32998104375000004 0.45022741406250005 0.2798208921875 0.3779827671875 0.32207661249999997 0.3983807171875 0.34854576718749997 0.36454182031250004 0.3798683125
12 0.46261445625000003 0.35982476874999997 0.48482241875 0.38487493281249996 0.58417110625 0.30972811718750004 0.5350324171875 0.25374243124999996 0.4720860875 0.2976115734375 0.49761095937500005 0.324170465625 0.46261445625000003 0.35982476874999997
9 0.540439015625 0.4583820890625 0.47124296406250005 0.407848034375 0.36257855625 0.5307040359374999 0.4291562765625 0.5942483281250001 0.540439015625 0.4583820890625
5 0.5127287390624999 0.49996661875 0.544336059375 0.5251813000000001 0.6352034453125001 0.4121685109375 0.5691222234375 0.36604099687499997 0.51104586875 0.4259527921875 0.5399886875 0.4525715109375 0.5127287390624999 0.49996661875
5 0.7278948749999999 0.5429008718749999 0.6399924453125 0.5152501843749999 0.5726840046875 0.6707448671875 0.67556304375 0.7044603890625 0.7278948749999999 0.5429008718749999
6 0.6788946921875 0.5217337859375 0.7314138625 0.5415117921875 0.71697121875 0.589131240625 0.7611475984375 0.6058618734375 0.78812183125 0.5134908734375 0.739369896875 0.501032175 0.7539135796875 0.4519638203125 0.7118965046875 0.44107367656249996 0.6788946921875 0.5217337859375
7 0.74414753125 0.4938624296875 0.8347144625 0.5201090828125 0.8681840046874999 0.395936940625 0.78339640625 0.3726927921875 0.74414753125 0.4938624296875
11 0.9731144 0.6371347390625 0.9833194140625 0.49079529062500005 0.90893286875 0.477887909375 0.8992792218749999 0.62858903125 0.9731144 0.6371347390625
7 0.90182261875 0.5430437875 0.8616617249999999 0.54234085 0.8503452734374999 0.7046182578125 0.9592144234375001 0.713777165625 0.964266409375 0.64133189375 0.897267128125 0.632905834375 0.90182261875 0.5430437875
12 0.7900501359375001 0.0725197484375 0.761456603125 0.0531605140625 0.687650190625 0.10554361406249999 0.7190554328125 0.1336561046875 0.7900501359375001 0.0725197484375
8 0.8351733390625 0.11247773750000001 0.7907025421875 0.075432515625 0.721416815625 0.136598784375 0.7600072421874999 0.1720904078125 0.8351733390625 0.11247773750000001