1 0.2656545859375 0.0604893 0.2706680875 0.040823954687500004 0.214440934375 0.0524623640625 0.2105191453125 0.067597965625 0.2656545859375 0.0604893
8 0.2721210875 0.04502560625 0.26318579375 0.0798265515625 0.3594398109375 0.0703424203125 0.36332756875 0.0303402734375 0.2721210875 0.04502560625
4 0.135656940625 0.1372328578125 0.1284940421875 0.190824234375 0.1963530484375 0.18207510625 0.195109490625 0.14858653125000001 0.23461536875000003 0.1347150234375 0.23433786093750003 0.1142688609375 0.135656940625 0.1372328578125
2 0.20143461562499998 0.21214285156249998 0.305532215625 0.17238751875 0.30182772343750003 0.127512265625 0.19825896406250001 0.1525694546875 0.20143461562499998 0.21214285156249998
0 0.37257701249999997 0.1886143015625 0.36366528593749997 0.1312434578125 0.3059432453125 0.1445376 0.30852199062499996 0.1690760515625 0.264934621875 0.19078876875 0.2666651296875 0.21543658593749998 0.37257701249999997 0.1886143015625
6 0.270605240625 0.28661538750000004 0.24807982343749999 0.23685175625000002 0.139615371875 0.2947260625 0.1603605359375 0.35642319218749996 0.270605240625 0.28661538750000004
3 0.35288428125000004 0.2760070703125 0.32680621875 0.2193865046875 0.26108089687499997 0.25565745781250004 0.273998190625 0.28617793125 0.237356421875 0.3143101265625 0.245872828125 0.33808303125 0.35288428125000004 0.2760070703125
10 0.3425117015625 0.24515850625 0.35607564687500004 0.274132609375 0.3226252390625 0.30039034375 0.3389773734375 0.32461597656249996 0.436296928125 0.2550116265625 0.400199709375 0.20699782031249997 0.3425117015625 0.24515850625
9 0.366424659375 0.3971529625 0.315462340625 0.3539817203125 0.21219726875 0.455075546875 0.264327221875 0.51272620625 0.366424659375 0.3971529625
4 0.34583133906249997 0.373474153125 0.3715140859375 0.39649677968749997 0.344564215625 0.4321573640625 0.3723466109375 0.45783527343749997 0.4662391828125 0.36380183593750004 0.40849096406249996 0.3215055046875 0.34583133906249997 0.373474153125
12 0.4338124234375 0.3357967375 0.46458459531249996 0.3581631796875 0.43739125 0.39824414375 0.46456888281250003 0.4196110375 0.547190890625 0.33141971406250004 0.48693985 0.28359409062499996 0.4338124234375 0.3357967375
9 0.5348731109375 0.4836964453125 0.455918953125 0.4441342171875 0.3740116609375 0.5805122609375 0.453083628125 0.6332262656250001 0.5348731109375 0.4836964453125
5 0.499053403125 0.45612880312500004 0.533218525 0.47805778906249996 0.5161202515625 0.5285411546875001 0.5526284984375 0.54870504375 0.61898215 0.4245733171875 0.5440257046875 0.38888464843750004 0.499053403125 0.45612880312500004
5 0.73786368125 0.539452453125 0.64517016875 0.5250695875 0.6109579093749999 0.687484178125 0.7197260484375 0.7056465078125 0.73786368125 0.539452453125
6 0.791310503125 0.5018385859375 0.7405000265624999 0.4966856625 0.7446731484375 0.4464057515625 0.7008501609375 0.4418149203125 0.68499544375 0.5257868609374999 0.7410550437500001 0.537577990625 0.736680334375 0.5864208953125 0.7838543859375 0.5964316546874999 0.791310503125 0.5018385859375
7 0.743733278125 0.48895381562500007 0.8387699171874999 0.5015715828125 0.8460323031250001 0.37481757656250003 0.757336503125 0.3643082734375 0.743733278125 0.48895381562500007
11 0.9900930015625 0.5966685890625001 0.9911948390624999 0.5335443546875 0.9796464671875 0.45122231875 0.903388865625 0.4493503171875 0.9252021718749999 0.5986894921875 0.9900930015625 0.5966685890625001
7 0.89262618125 0.6804283359375 0.988735278125 0.6744524921874999 0.9900032578125 0.601809965625 0.9241104609375 0.6032192359375 0.9099155781249999 0.51434364375 0.8700484124999999 0.51948375625 0.89262618125 0.6804283359375
12 0.7014507578125 0.06867350156249999 0.669141809375 0.0538201765625 0.6070450562499999 0.11595722343749999 0.6439564796874999 0.13899512187500002 0.7014507578125 0.06867350156249999
8 0.7543949140625 0.101348253125 0.7027021687499999 0.071438146875 0.6469043671875 0.141541040625 0.6924578609375 0.17077968906250002 0.7543949140625 0.101348253125