1 0.33587005937500003 0.019562203125 0.334895875 0.021246451562499998 0.39015815468750004 0.0302900046875 0.394353725 0.0229684890625 0.33587005937500003 0.019562203125
8 0.4812172375 0.028027712500000003 0.3971096015625 0.023129 0.382762215625 0.0480646203125 0.47848051406250003 0.066649471875 0.49259872343750005 0.029529615625 0.4812172375 0.028027712500000003
4 0.2915469671875 0.126601784375 0.299007759375 0.09423397812499999 0.3408759640625 0.0923233359375 0.345897859375 0.07269983437500001 0.24433990625000002 0.06630275937499999 0.22353185312499999 0.1154712578125 0.2915469671875 0.126601784375
2 0.28869016406250003 0.1568022640625 0.399841575 0.1487051015625 0.40786436562499995 0.104746221875 0.3010287546875 0.09894585156249999 0.28869016406250003 0.1568022640625
0 0.4074464625 0.1222024 0.403595375 0.1463986453125 0.35574341875000004 0.15463195937500002 0.35104214375 0.1786890734375 0.46060484375 0.183475346875 0.466815590625 0.1260765078125 0.4074464625 0.1222024
6 0.33644117812499996 0.24785829375 0.3274926171875 0.1938201890625 0.2074214171875 0.21798220937499999 0.211557034375 0.2829157296875 0.33644117812499996 0.24785829375
3 0.3352235578125 0.21553066406250002 0.3398419328125 0.2484148203125 0.29705868125 0.26477952031249996 0.2991589171875 0.289949684375 0.4189095 0.26135405624999997 0.40829299218750004 0.1997410921875 0.3352235578125 0.21553066406250002
10 0.38328080625 0.275968821875 0.39285621875 0.303822665625 0.505164053125 0.2652467640625 0.482612471875 0.20898255312499997 0.4168416921875 0.2288872953125 0.42248677968750004 0.2604790890625 0.38328080625 0.275968821875
9 0.40068078281249997 0.3810429171875 0.3624727546875 0.3251373234375 0.2362556625 0.3921049921875 0.2718482703125 0.4621863828125 0.40068078281249997 0.3810429171875
4 0.3704414140625 0.40822267968750003 0.390716234375 0.4407482171875 0.5060249671875 0.3778369390625 0.46101542812499996 0.3208182921875 0.3868544265625 0.35249341875 0.4057819171875 0.38187770625 0.3704414140625 0.40822267968750003
12 0.4691606078125 0.4024721546875 0.48996500000000004 0.4307032140625 0.5928415171875 0.3701385734375 0.54683769375 0.30711569375000003 0.48185224687500006 0.34175275781250003 0.5058808703125 0.37197183749999996 0.4691606078125 0.4024721546875
9 0.5415022453125 0.5121561921875 0.4752379828125 0.45165925468749996 0.3605848734375 0.558489234375 0.42356004687500004 0.63159134375 0.5415022453125 0.5121561921875
5 0.5117275890624999 0.549634665625 0.541884059375 0.579396171875 0.6382977265625 0.479804009375 0.57490465 0.42415807812499995 0.5139287703125001 0.4755154828125 0.5413581484375001 0.5062910890625 0.5117275890624999 0.549634665625
5 0.723759628125 0.6237635187499999 0.6376672140624999 0.5833878359375 0.5624902234375 0.7288063640625 0.6631799453125 0.7774123875 0.723759628125 0.6237635187499999
6 0.676069809375 0.5955138578125 0.7273369046875 0.6228885515625 0.7104591796874999 0.6683191015625 0.7535774359375 0.69143949375 0.7852794624999999 0.6031631187500001 0.7373806921875 0.5836415453125 0.7544349421875001 0.536779503125 0.7131611609374999 0.519802478125 0.676069809375 0.5955138578125
7 0.742514253125 0.577179740625 0.8313337593749999 0.616541325 0.87117024375 0.497467765625 0.7879490171875 0.4619430875 0.742514253125 0.577179740625
11 0.963034165625 0.7534638625000001 0.980863025 0.608883096875 0.9074585890625 0.585187578125 0.8899503484375 0.7342019515625 0.963034165625 0.7534638625000001
7 0.8969644734375001 0.6491873546875 0.8570055921874999 0.642648171875 0.8372349781249999 0.8029753546875 0.9451765375000001 0.827941659375 0.95400270625 0.7563670234375001 0.8877204015625001 0.738218165625 0.8969644734375001 0.6491873546875
12 0.8102995937499999 0.16330197500000002 0.7828377843750001 0.1398229640625 0.7065909296874999 0.1813794046875 0.7363943546875 0.21400389843749998 0.8102995937499999 0.16330197500000002
8 0.8531440390625 0.20974364687499997 0.8107967328125 0.166304090625 0.7385918734375 0.217284278125 0.7751643796875001 0.25831841875 0.8531440390625 0.20974364687499997