8 0.5019053875 0.008760790625 0.4126969671875 0.007203653124999999 0.4002172828125 0.028937260937499997 0.495935578125 0.04694025625 0.5100537875 0.0097871921875 0.5019053875 0.008760790625
4 0.30900203125000003 0.107901865625 0.3164628234375 0.07553334375000001 0.3583310296875 0.07338144375 0.36335292343750003 0.053754603125 0.2617949703125 0.047957298437500004 0.24098691875 0.097182053125 0.30900203125000003 0.107901865625
2 0.306145228125 0.1380791140625 0.4172966390625 0.12934545625 0.4253194296875 0.0853978875 0.31848381875 0.08022722812500001 0.306145228125 0.1380791140625
0 0.42490152812500004 0.1028334546875 0.421050440625 0.127020184375 0.3731984828125 0.1355212515625 0.36849720937499997 0.1595739828125 0.4780599078125 0.16371600625 0.4842706546875 0.10635676875 0.42490152812500004 0.1028334546875
6 0.3538962421875 0.22873691875 0.34494768124999997 0.174822246875 0.2248764828125 0.19965149375 0.2290120984375 0.26447522343749996 0.3538962421875 0.22873691875
3 0.352678621875 0.19645905156250001 0.35729699843749996 0.22927290937499997 0.3145137453125 0.24586511562500002 0.31661398281249997 0.270989828125 0.4363645640625 0.2417346890625 0.42574805624999995 0.1802648703125 0.352678621875 0.19645905156250001
10 0.400735871875 0.256537615625 0.410311284375 0.28429893906250003 0.52261911875 0.2451200375 0.5000675359375 0.189061403125 0.43429675625 0.20932282343750003 0.43994184374999995 0.24084005 0.400735871875 0.256537615625
9 0.4181358484375 0.361371703125 0.3799278203125 0.305762371875 0.253710728125 0.3733765515625 0.289303334375 0.4431581953125 0.4181358484375 0.361371703125
4 0.3878964796875 0.38869165781250004 0.4081713015625 0.4210562109375 0.52348003125 0.35755658281249997 0.4784704921875 0.30087527187499996 0.40430949062500005 0.3329403921875 0.42323698125 0.3621756890625 0.3878964796875 0.38869165781250004
12 0.4866156734375 0.382373925 0.5074200656250001 0.4104465859375 0.6102965828125 0.3493628859375 0.5642927578125 0.2866910546875 0.49930731093749997 0.3216607796875 0.5233359359375 0.3517000625 0.4866156734375 0.382373925
9 0.5589573109375 0.49149196875 0.49269304687500004 0.43146071406250003 0.3780399390625 0.5388172546875001 0.4410151125 0.61145619375 0.5589573109375 0.49149196875
5 0.5291826546875 0.5290943359375 0.5593391249999999 0.558640971875 0.6557527921874999 0.45861889375000003 0.592359715625 0.4034155234375 0.5313838359374999 0.45506017343750005 0.5588132140625001 0.48563544687500004 0.5291826546875 0.5290943359375
5 0.7412146921875 0.6018907718750001 0.655122278125 0.5620696625 0.5799452890625 0.7077339625 0.6806350109375 0.75568955625 0.7412146921875 0.6018907718750001
6 0.802734528125 0.5809593609375 0.7548357578125 0.5617424484375 0.7718900078125001 0.5148429640625001 0.7306162265625 0.4981286671875 0.6935248734374999 0.5739560765625 0.7447919703125 0.60099613125 0.7279142453125 0.6464649828125 0.7710325 0.6693038 0.802734528125 0.5809593609375
7 0.75996931875 0.5552592828125 0.8487888234375 0.5940517562500001 0.888625309375 0.474903421875 0.8054040812500001 0.43991019375 0.75996931875 0.5552592828125
11 0.98048923125 0.7300267234375 0.998318090625 0.5855329921875 0.9249136546875001 0.5622961531249999 0.9074054125 0.711215771875 0.98048923125 0.7300267234375
7 0.9144195375 0.6262725546875 0.8744606578124999 0.619974665625 0.8546900421875 0.7802053375 0.962631603125 0.8045101890625 0.971457771875 0.7329786375 0.9051754656250001 0.71523966875 0.9144195375 0.6262725546875
12 0.8277546578124999 0.14153314374999998 0.80029285 0.118245021875 0.7240459953125 0.16019056250000002 0.75384941875 0.1925984578125 0.8277546578124999 0.14153314374999998
8 0.8705991031250001 0.1876640484375 0.8282517984375 0.1445284015625 0.7560469390625 0.1958617140625 0.7926194453125001 0.23662874375 0.8705991031250001 0.1876640484375