3 0.2505244546875 0.6992490671875 0.24175406093750001 0.68955115 0.19943975 0.721073728125 0.21780620312500001 0.7446934140625 0.24597670625 0.72154994375 0.237899671875 0.712686803125 0.2505244546875 0.6992490671875
11 0.2970614109375 0.6997252828125 0.27713795937499996 0.6785374203125001 0.2395448703125 0.7125143625 0.25592703906250003 0.734391009375 0.2970614109375 0.6997252828125
10 0.296278640625 0.7558424484375 0.28336180624999996 0.748257925 0.2485117765625 0.7915663390625001 0.2786972015625 0.8132666343749999 0.2999189109375 0.7847715749999999 0.2833801875 0.7741183625 0.296278640625 0.7558424484375
0 0.3471475 0.7471077125 0.3166367125 0.7306139921875 0.2854754578125 0.7736265125 0.3147318265625 0.7918397546875 0.3471475 0.7471077125
2 0.3504320296875 0.7872357765625 0.3328152921875 0.7828208515624999 0.3107270125 0.8348189859374999 0.3488814171875 0.8473808390625001 0.361664225 0.8126014328125001 0.343899996875 0.8077936140625 0.3504320296875 0.7872357765625
9 0.396795515625 0.7629567515625 0.36189353281250003 0.757540471875 0.345604484375 0.805754684375 0.3843792390625 0.8138957484375 0.396795515625 0.7629567515625
2 0.458078503125 0.7738657296875 0.42200270937499995 0.77392644375 0.4212427234375 0.8255493375 0.46006304374999996 0.8247018578124999 0.458078503125 0.7738657296875
11 0.42055229687500006 0.8044780890625001 0.4029203703125 0.8030593453125 0.397046915625 0.8607990296875 0.43699548125 0.8634630984375 0.439568009375 0.827802859375 0.4225336484375 0.8264576 0.42055229687500006 0.8044780890625001
7 0.5182285859375 0.762524771875 0.483265846875 0.7690932187499999 0.49543788437499997 0.8253044562499999 0.5309692765625 0.814683621875 0.5182285859375 0.762524771875
5 0.49046112031250005 0.8044556140625 0.47495337656250003 0.80667089375 0.48462417343749997 0.86482308125 0.5223755437500001 0.8585975625 0.515542140625 0.8206563750000001 0.4969279953125 0.8262372140625001 0.49046112031250005 0.8044556140625
0 0.57605676875 0.7374070625 0.54664850625 0.749155634375 0.5723743812500001 0.7954161921875 0.6001602296875 0.7793457859374999 0.57605676875 0.7374070625
9 0.561945065625 0.7787686593750001 0.5470562015625 0.7866813875 0.571173384375 0.8357421671875 0.601939459375 0.8215372750000001 0.5859054359375 0.78995978125 0.573717003125 0.7959560531250001 0.561945065625 0.7787686593750001
5 0.452089834375 0.60861131875 0.422669315625 0.6031196 0.41702076874999994 0.6361530359375 0.4475482125 0.639532340625 0.452089834375 0.60861131875