3 0.30395110625 0.7071140890625001 0.29390761875 0.6985824796875 0.256344971875 0.7349345515625 0.27783803749999997 0.7560781046875 0.30254501875 0.7297413984375 0.293305009375 0.7219516687499999 0.30395110625 0.7071140890625001
11 0.2949119671875 0.7215807296875 0.314195465625 0.7412405234375 0.350151153125 0.7019209359375 0.32745286875 0.683373959375 0.2949119671875 0.7215807296875
10 0.35718159531250004 0.7575618609375 0.34332158125 0.7516268296875 0.314798075 0.7987361468749999 0.347740715625 0.8165412421875 0.364814646875 0.7857532640625 0.3469372375 0.7772216546874999 0.35718159531250004 0.7575618609375
0 0.348945934375 0.7764797765625 0.3804824875 0.7909464171875 0.4063946875 0.74272428125 0.3738537859375 0.7301123390625001 0.348945934375 0.7764797765625
2 0.4152329578125 0.78204386875 0.397154678125 0.7798182312499999 0.3824911859375 0.8339753984374999 0.4220625296875 0.8417651296875001 0.4298964515625 0.805783996875 0.411617303125 0.8031874203125 0.4152329578125 0.78204386875
9 0.413023390625 0.800961784375 0.45259473437500003 0.8043002390625 0.4578173484375 0.7523687078125 0.4224642703125 0.7512558890625 0.413023390625 0.800961784375
2 0.490759990625 0.8113480890625 0.529126115625 0.805783996875 0.5200869765625 0.7557071640624999 0.4843321578125 0.7601584375 0.490759990625 0.8113480890625
11 0.48714433437500004 0.7905754765624999 0.4694677953125 0.79131735625 0.47167736250000003 0.84918391875 0.5116504468749999 0.8469582812500001 0.509240009375 0.8113480890625 0.4921660796875 0.81208996875 0.48714433437500004 0.7905754765624999
7 0.564278325 0.8020746015625001 0.598024446875 0.787237021875 0.5781383390625 0.7371601890624999 0.54439221875 0.7479174343749999 0.564278325 0.8020746015625001
5 0.5564444046875 0.78204386875 0.541379171875 0.786124203125 0.5590557125 0.8425070078125 0.595614009375 0.8317497625 0.5835618234375 0.7950267515625 0.565885284375 0.80281648125 0.5564444046875 0.78204386875
0 0.636390571875 0.7631259546875 0.6617001625000001 0.7438371 0.6319714375000001 0.7052593921875 0.6044522796875 0.7204679109375001 0.636390571875 0.7631259546875
9 0.6237357765625 0.7479174343749999 0.6100766328125 0.7575618609375 0.64080970625 0.8031874203125 0.6693332140625 0.7853823234374999 0.6490453671874999 0.7560781046875 0.6377966609375 0.76349689375 0.6237357765625 0.7479174343749999
5 0.46022778593749997 0.6243945796875 0.49096086093749997 0.624023640625 0.4911617296875 0.5928647218750001 0.461232134375 0.5910100234375 0.46022778593749997 0.6243945796875