3 0.2826581125 0.662039765625 0.27407160625000004 0.6521384234375 0.23127818437499997 0.682675571875 0.24920178437499999 0.7067210875 0.27772889375 0.68423376875 0.269820021875 0.6751832859375 0.2826581125 0.662039765625
11 0.329108821875 0.663597959375 0.30958840625 0.6419479453125 0.27146547499999996 0.67504910625 0.287438525 0.6973055328125 0.329108821875 0.663597959375
10 0.3273482828125 0.719694075 0.3145854078125 0.711809615625 0.2790381375 0.7543055484375001 0.308794403125 0.776706565625 0.330477728125 0.74870636875 0.314152571875 0.7376691640625 0.3273482828125 0.719694075
0 0.3782843453125 0.71214250625 0.348112425 0.694940234375 0.31625291093749996 0.7372260546875 0.3451425171875 0.7561185953125 0.3782843453125 0.71214250625
2 0.3808632578125 0.7523448984375001 0.36335305 0.7475206 0.3403945453125 0.799002528125 0.3782658859375 0.81245085 0.3916340859375 0.7779704171875 0.3739834890625 0.7727498171875 0.3808632578125 0.7523448984375001
9 0.4275726953125 0.729145078125 0.3928236625 0.7229175875 0.375720696875 0.7707506203125 0.4142884765625 0.7797928015625 0.4275726953125 0.729145078125
2 0.4885627203125 0.74147835625 0.452546284375 0.740700290625 0.4508869015625 0.792302890625 0.489656996875 0.79235804375 0.4885627203125 0.74147835625
11 0.45056526406249997 0.7712166578125 0.4329876203125 0.7693880390625 0.4261166109375 0.8269882296875 0.46595179375000007 0.8305809843749999 0.46914218124999996 0.7949823687500001 0.45215981875000005 0.7932411218750001 0.45056526406249997 0.7712166578125
7 0.5488099359375 0.73153649375 0.5137911500000001 0.73729170625 0.524962078125 0.7937830906250001 0.56061926875 0.7839889171875 0.5488099359375 0.73153649375
5 0.5203574015625 0.772819596875 0.504836978125 0.774674203125 0.51347699375 0.8330482859374999 0.551273759375 0.82770081875 0.5451137609375001 0.7896026796875 0.5264334234375 0.794750446875 0.5203574015625 0.772819596875
0 0.606979503125 0.707764590625 0.5774155125 0.7188288109375 0.6022911921875 0.765685153125 0.6303108890625 0.7502615984375 0.606979503125 0.707764590625
9 0.5921697921875 0.74879598125 0.5771678109375 0.7563621359375 0.6003886359374999 0.80598115625 0.63135101875 0.792492309375 0.6158947859375 0.7605436250000001 0.6036221453125 0.7662562046875 0.5921697921875 0.74879598125
5 0.48546728906250003 0.5760931078125 0.4561918578125 0.569917628125 0.4499764328125 0.602818053125 0.4803937921875 0.6069069625 0.48546728906250003 0.5760931078125