3 0.3007041078125 0.692332490625 0.291601890625 0.6820271203125 0.250420103125 0.710583146875 0.26959700625 0.7354734140625 0.29693823125 0.7143058921875001 0.2885579828125 0.704883290625 0.3007041078125 0.692332490625
11 0.3472222359375 0.6960552359375 0.326574403125 0.6734870546875 0.290195909375 0.7048257109375 0.30732919999999997 0.727835296875 0.3472222359375 0.6960552359375
10 0.3483988203125 0.75209215 0.3352270890625 0.743609921875 0.3019152796875 0.784467159375 0.332835153125 0.8082634890625 0.35304608437499996 0.7812620296875 0.3361481109375 0.7694598234375001 0.3483988203125 0.75209215
0 0.398924046875 0.746910378125 0.3678607921875 0.72829554375 0.33822461718749997 0.7691143796875 0.36809443124999996 0.78936043125 0.398924046875 0.746910378125
2 0.4036067359375 0.7872492578125 0.38584931718750004 0.78160728125 0.365592846875 0.83204061875 0.4041566578125 0.8472586546875001 0.415715759375 0.8133869609375 0.397797246875 0.807341978125 0.4036067359375 0.7872492578125
9 0.44908745000000005 0.7662159734375 0.414023 0.7583671562500001 0.39942926875 0.8054228984374999 0.43845864843750004 0.8162654437500001 0.44908745000000005 0.7662159734375
2 0.51070453125 0.7813955 0.4746583375 0.778939284375 0.4757008171875 0.8304855671875 0.5144619859375 0.83234685625 0.51070453125 0.7813955
11 0.474275428125 0.8093757765625 0.45660741250000003 0.8067275546875001 0.452753825 0.8640310828125 0.49276495000000003 0.8694810296875 0.49409080312500003 0.8340165609374999 0.4770224609375 0.8314834796874999 0.474275428125 0.8093757765625
7 0.570412940625 0.7742562234375 0.5357061046875 0.7783824187499999 0.5498309124999999 0.8354171796875001 0.5849645203125 0.8272801187500001 0.570412940625 0.7742562234375
5 0.544130215625 0.8142306484375 0.5287116078125 0.8153629859375 0.5404048296874999 0.87416330625 0.5779101421874999 0.8705744359375001 0.5697576125 0.8321738375000001 0.551352446875 0.8364534703125001 0.544130215625 0.8142306484375
0 0.62732034375 0.75318449375 0.5983445640625 0.76287596875 0.625665559375 0.8109102078125 0.6528693062500001 0.796785684375 0.62732034375 0.75318449375
9 0.6146631078125 0.7935426609375 0.6000617796875 0.8004130187499999 0.625873046875 0.8511339671875 0.656119865625 0.8390820250000001 0.6389958515624999 0.8064003156249999 0.6270260000000001 0.81154349375 0.6146631078125 0.7935426609375
5 0.49895225 0.6157987890625 0.46936245625 0.608256996875 0.4648712375 0.6408812562499999 0.49549338125000003 0.6463888265625 0.49895225 0.6157987890625