3 0.35148205 0.7300301359375 0.340032175 0.7236368703125 0.3098451265625 0.7666734296875 0.334882065625 0.7831854218750001 0.35428864843749996 0.7524986265625 0.34376574843749996 0.74667503125 0.35148205 0.7300301359375
11 0.3959255734375 0.7158553328124999 0.37018480625 0.7021268843749999 0.3452763828125 0.7459953484375 0.3678671328125 0.7614864515625 0.3959255734375 0.7158553328124999
10 0.41313455 0.7690440890625 0.3984144875 0.7659476734374999 0.3791022375 0.8177577515625 0.4147736984375 0.8287448562499999 0.42585465468750006 0.7951928328125 0.4067057015625 0.790339478125 0.41313455 0.7690440890625
0 0.458754 0.7448180843750001 0.42443865468749997 0.7388452796875 0.4085424953125 0.7892170203125 0.4422140984375 0.7972062765625 0.458754 0.7448180843750001
2 0.4747184875 0.7816440640625 0.45653940468750004 0.783014878125 0.45215320625000005 0.8390127906249999 0.492485353125 0.8388741609375 0.4935240546875 0.8020451765625 0.47507889687500005 0.8030916703125 0.4747184875 0.7816440640625
9 0.5110767875 0.7441688671875 0.47612624375 0.7500268015625 0.47604879999999994 0.800632446875 0.5155569828125001 0.796128159375 0.5110767875 0.7441688671875
2 0.5728925515625 0.7352027828125001 0.5385771390625 0.746596759375 0.5543699156249999 0.7955383125 0.5910456953125001 0.7825396171875 0.5728925515625 0.7352027828125001
11 0.5469713296875 0.77587596875 0.52973638125 0.780078253125 0.5426194484375 0.8363974781250001 0.5814925 0.826357146875 0.5725318406250001 0.7919056984374999 0.5558891296875 0.795989528125 0.5469713296875 0.77587596875
7 0.6265115031249999 0.7056013921875001 0.5953374953125 0.7227852015625 0.6249062000000001 0.771991703125 0.655324909375 0.750806040625 0.6265115031249999 0.7056013921875001
5 0.6134992859375 0.7538861531250001 0.5994486671875 0.760849378125 0.6272578234374999 0.8126730437499999 0.661195603125 0.7949364437499999 0.642553165625 0.7612888578125 0.6266228265625 0.7724034359374999 0.6134992859375 0.7538861531250001
0 0.67351290625 0.663732209375 0.649282640625 0.6840576453125 0.68856750625 0.7196171015624999 0.7098709375000001 0.6957241453125 0.67351290625 0.663732209375
9 0.673315325 0.7071886515625 0.6616765499999999 0.719332553125 0.70032625 0.7580393578125 0.7250629328125 0.7349698625000001 0.69969986875 0.710217259375 0.69001805625 0.7197045109375 0.673315325 0.7071886515625
5 0.5143218390625 0.5811782734375 0.4845640984375 0.5852425046875 0.48975676874999996 0.61818236875 0.519892178125 0.61177736875 0.5143218390625 0.5811782734375