8 0.2379630234375 0.7939560734375 0.27127197812500004 0.702948003125 0.24530228437499998 0.6720052562500001 0.2594162484375 0.6192205734375 0.24304405 0.5973786359375 0.1905401046875 0.73753106875 0.2379630234375 0.7939560734375
3 0.2932897609375 0.5391334703124999 0.24868963593750001 0.668364934375 0.29046696875 0.7266101015624999 0.3390190046875 0.591918153125 0.2932897609375 0.5391334703124999
11 0.37797354375 0.6192205734375 0.3514392921875 0.7775746203125 0.40902426406250003 0.8103375265625001 0.43499395781250005 0.6501633203125 0.37797354375 0.6192205734375
7 0.358778553125 0.9140867296874999 0.38249001250000003 0.8012367218750001 0.350310175 0.779394784375 0.3593431125 0.7175092921874999 0.33676076875 0.706588325 0.30175813906250004 0.8704028546875 0.358778553125 0.9140867296874999
1 0.5292752359375 0.93228834375 0.5315334703125 0.808517365625 0.502176425 0.8103375265625001 0.502176425 0.7520923609375 0.4683029125 0.7520923609375 0.46378644375 0.9250076999999999 0.5292752359375 0.93228834375
2 0.498789075 0.65198348125 0.5033055421875 0.8030568828125 0.5665361015625 0.8066972046875 0.55863228125 0.646522996875 0.498789075 0.65198348125
9 0.6704148734375 0.8758633390625 0.6540426765625 0.76119316875 0.6263793062499999 0.775754459375 0.6139590187499999 0.7120488093749999 0.5862956500000001 0.7266101015624999 0.6066197578125 0.8977052765625 0.6704148734375 0.8758633390625
0 0.5953285859374999 0.6228608984374999 0.6263793062499999 0.7684738140625 0.6833997218750001 0.744811715625 0.6512198828125 0.595558475 0.5953285859374999 0.6228608984374999
11 0.78389114375 0.766653653125 0.75340498125 0.659264128125 0.7330808734375001 0.6865665484375 0.7155795578124999 0.639242353125 0.6890453062499999 0.6610842890625 0.731387196875 0.8121576890625001 0.78389114375 0.766653653125
7 0.6828351625 0.5518746015625 0.7336454328124999 0.681106065625 0.7776809984375 0.6319617046875 0.727999846875 0.5045504046875 0.6828351625 0.5518746015625
2 0.8070380437500001 0.3880600703125 0.77485820625 0.4463052375 0.83921788125 0.5445939562500001 0.8685749265625 0.48088830624999995 0.8070380437500001 0.3880600703125
10 0.8527672859375001 0.60829960625 0.8843825656250001 0.5427737953125 0.8618002234375 0.5027302437500001 0.8403469984375 0.5464141171875 0.7957468734375001 0.48270846718750005 0.7872784937499999 0.5063705656249999 0.8527672859375001 0.60829960625
4 0.44007260937500003 0.20969089843750002 0.4412294125 0.31909203750000004 0.4917431546875 0.314119259375 0.48788714375 0.2084477046875 0.44007260937500003 0.20969089843750002