8 0.261514996875 0.635681815625 0.277783903125 0.5832412421875001 0.2622977625 0.5608945578125 0.20406825624999997 0.699695465625 0.24920349531250002 0.757573803125 0.2862301484375 0.667420490625 0.261514996875 0.635681815625
3 0.3044656125 0.6916718890625 0.358519653125 0.5582232703125001 0.31493015 0.504039225 0.265051578125 0.6321355546875 0.3044656125 0.6916718890625
11 0.41964052812499997 0.7789597765625 0.45214507656249997 0.6193385984375 0.39637131875 0.5866952921874999 0.3633762546875 0.74447755 0.41964052812499997 0.7789597765625
7 0.3621726640625 0.74626713125 0.373730178125 0.6845661515625 0.35158720625 0.672973390625 0.3098990578125 0.8359763515624999 0.36515352343749996 0.8813769796875001 0.39347045937499997 0.7690743546875 0.3621726640625 0.74626713125
1 0.5128163546875 0.7816736718749999 0.515190265625 0.7233544796875 0.4813081484375 0.722367609375 0.46974298281250004 0.8953711312499999 0.534951671875 0.9045689781249999 0.5422550421875 0.7807064859375 0.5128163546875 0.7816736718749999
2 0.5773407500000001 0.7799037796875 0.5759631796875 0.6192957296875 0.515882215625 0.6230196796875 0.514242496875 0.7744166703124999 0.5773407500000001 0.7799037796875
9 0.6384602984375001 0.7506651796875 0.628633321875 0.6865167109375 0.600369446875 0.700290565625 0.613725353125 0.8721953140625001 0.6784268921875001 0.8521842234375001 0.6667241734375 0.7368913265625 0.6384602984375001 0.7506651796875
0 0.696756340625 0.7213443421875 0.6706514734375 0.5709638828125 0.6136332078125 0.5966726671875 0.6387570375 0.7433752796875 0.696756340625 0.7213443421875
11 0.748824025 0.6644725609375 0.733247065625 0.6165783359375 0.70581585625 0.63767498125 0.742011171875 0.7901739765625 0.7963830734374999 0.7461417578125 0.7702660671875 0.6377275625000001 0.748824025 0.6644725609375
7 0.7956610234375 0.611097696875 0.7511601812500001 0.482077053125 0.70405521875 0.5281455687500001 0.74961128125 0.6590215859375 0.7956610234375 0.611097696875
2 0.86077440625 0.525411725 0.8927353734375 0.46248039687500003 0.83496628125 0.36774136562500004 0.80040435625 0.42512303124999995 0.86077440625 0.525411725
10 0.8850687328125 0.48415272187499997 0.861829625 0.5272670953125 0.819814634375 0.4621810984375 0.810379703125 0.4856265515625 0.8717307859375 0.589593090625 0.9060247484374999 0.5249050796875 0.8850687328125 0.48415272187499997
4 0.522604915625 0.284520778125 0.5230548046875 0.178602578125 0.475177453125 0.1784543234375 0.47187566406250003 0.2880282078125 0.522604915625 0.284520778125