8 0.31620462968749996 0.8346701718749999 0.3315457921875 0.739789046875 0.3001299421875 0.7129350234375 0.30391510624999996 0.6586584234374999 0.2836637375 0.63941865 0.25885166718749997 0.7857107015625 0.31620462968749996 0.8346701718749999
3 0.3549172953125 0.7604207421875 0.37689024375 0.6201046859375 0.32189588125 0.5745018609375 0.30276205625 0.7088419234375001 0.3549172953125 0.7604207421875
11 0.4873529796875 0.8260858593749999 0.48227976874999995 0.6638280109375 0.42036510781249997 0.64147453125 0.4245362828125 0.80201314375 0.4873529796875 0.8260858593749999
7 0.4578087078125 0.9360292875 0.4595527875 0.820926453125 0.42377475000000003 0.8039778671875 0.42083162500000004 0.741432390625 0.3965655828125 0.7338991218750001 0.3934614453125 0.9010683515625001 0.4578087078125 0.9360292875
1 0.6287500515625 0.9293278687500001 0.6073371359374999 0.8065281046875 0.5788494109375 0.8125842296875 0.567728934375 0.7549501359375 0.5344575078125 0.7598598203125 0.5630352296875001 0.9316156624999999 0.6287500515625 0.9293278687500001
2 0.6413700984374999 0.7996537015625 0.6030254562499999 0.6423055343749999 0.545288475 0.6563825046875 0.5785684 0.8052163140624999 0.6413700984374999 0.7996537015625
9 0.7566080453125 0.853037825 0.71863341875 0.7419437156249999 0.69424186875 0.7603618140624999 0.6698793249999999 0.6991247406250001 0.6454877781249999 0.7175428390625 0.69811703125 0.8838971796875 0.7566080453125 0.853037825
0 0.7443410234375001 0.7214790671875 0.6842369453125 0.5784559 0.6345518109375 0.613572859375 0.692851809375 0.7531575515625 0.7443410234375001 0.7214790671875
11 0.8472164421875 0.728526459375 0.796768778125 0.6266823140625 0.7820186437500001 0.6566441046875 0.75579301875 0.6123530749999999 0.733900578125 0.637811778125 0.8043335984375 0.7811631046875 0.8472164421875 0.728526459375
7 0.8154005796874999 0.5961477234375 0.7422764421875 0.4772740125 0.7069499234375 0.530647959375 0.7815306234375 0.65115908125 0.8154005796874999 0.5961477234375
2 0.8591629624999999 0.5007773234374999 0.87583518125 0.433484975 0.7976688249999999 0.35054989375 0.77718144375 0.41284818906250004 0.8591629624999999 0.5007773234374999
10 0.8846345546875 0.561850740625 0.903177353125 0.492430015625 0.8733510734375001 0.4560796984375 0.860619525 0.5024147328125 0.804649121875 0.44584185937500004 0.8008489578125 0.4704831328125 0.8846345546875 0.561850740625
4 0.47386096406249995 0.32308419375 0.4498981171875 0.219080175 0.40317081874999994 0.22724064375 0.42519450625 0.3353263453125 0.47386096406249995 0.32308419375