8 0.23984125781249999 0.7661694453125001 0.278934565625 0.6793897296875 0.25497701093749997 0.6457704765625001 0.2724522453125 0.5948640265625 0.257497990625 0.571348934375 0.1960876140625 0.704856425 0.23984125781249999 0.7661694453125001
3 0.296591671875 0.7050253 0.35370545937500003 0.5765091078125 0.31141042812499997 0.5190010890625001 0.25859323125 0.642525984375 0.296591671875 0.7050253
11 0.40964550156249996 0.80132171875 0.445835459375 0.6449872015625 0.3908650296875 0.60794260625 0.35422770312499996 0.7624057625 0.40964550156249996 0.80132171875
7 0.3528205875 0.898896653125 0.38372608750000003 0.7893491921875 0.3529834625 0.764090290625 0.3659663578125 0.7035779109375 0.344110534375 0.6902322546875 0.298665653125 0.8491884734375 0.3528205875 0.898896653125
1 0.5219444609375 0.93579573125 0.5321218812499999 0.81302716875 0.50268411875 0.811597746875 0.5064120890625 0.7537070734375 0.47257986562500004 0.7499703375 0.4570014890625 0.9213350406249999 0.5219444609375 0.93579573125
2 0.5671983453125 0.8150793796875 0.569556078125 0.6550081249999999 0.5094363171875 0.65383380625 0.50427785625 0.804485971875 0.5671983453125 0.8150793796875
9 0.6665235359375 0.8952838796875 0.6575107359375 0.7795055296875 0.6289490921875001 0.7909265296875 0.6206214109375 0.72623846875 0.59205976875 0.73765946875 0.6014081906250001 0.9099553609375001 0.6665235359375 0.8952838796875
0 0.687880490625 0.766462284375 0.6652928 0.6145675328125 0.607722140625 0.6355381718750001 0.6294150875 0.78369019375 0.687880490625 0.766462284375
11 0.7868514359375001 0.7992569390625001 0.7632758765625 0.6891579484375 0.74122905625 0.7140521578125 0.7267780484374999 0.665085340625 0.69887815 0.68386723125 0.7314990078125 0.838692084375 0.7868514359375001 0.7992569390625001
7 0.7892697890625 0.6646996890625 0.7478041296875 0.5325832953125 0.6996655203125 0.5746371515625001 0.7421424234375 0.7086871875 0.7892697890625 0.6646996890625
2 0.8563236203125 0.5846520859375001 0.8897223500000001 0.5245726703125 0.8342019281249999 0.4255210015625 0.7983333453125 0.479861775 0.8563236203125 0.5846520859375001
10 0.8657790437499999 0.649464703125 0.9015497531250001 0.5878253203125 0.8815579171874999 0.5455343234375001 0.8573348624999999 0.586585728125 0.8168665687500001 0.5183477671875 0.8068940234375 0.54093166875 0.8657790437499999 0.649464703125
4 0.5240239171875001 0.3172486390625 0.5269360937500001 0.21179485156250002 0.47910027031249997 0.20775584687499998 0.4732534640625 0.31661875625 0.5240239171875001 0.3172486390625