8 0.2225170265625 0.626506415625 0.24325341875 0.574644653125 0.2298028515625 0.55176168125 0.1598379 0.6885008421875 0.19967140781249998 0.7479436921875 0.2443250828125 0.6591017734375 0.2225170265625 0.626506415625
3 0.2603430671875 0.6839850875 0.3256913734375 0.5524513078125 0.28707304843750003 0.4967559828125 0.22634139062499997 0.62308438125 0.2603430671875 0.6839850875
11 0.36724530781250003 0.7752775187500001 0.4134482609375 0.61682391875 0.36084294687499996 0.582239446875 0.3143123765625 0.73883736875 0.36724530781250003 0.7752775187500001
7 0.31296014375 0.7405845531249999 0.3298186453125 0.6792997296875 0.3088146328125 0.6669360203125 0.253187815625 0.828449996875 0.304166803125 0.875771065625 0.3420893125 0.764480165625 0.31296014375 0.7405845531249999
1 0.45963708125 0.7812448578125 0.46707171562500005 0.7230204125 0.43347470781249997 0.7208504718750001 0.4069235328125 0.8934149671875 0.470948421875 0.904888240625 0.4889868203125 0.781305959375 0.45963708125 0.7812448578125
2 0.5239360625 0.7817287171875 0.53654200625 0.6211051750000001 0.47649029374999996 0.6227301546875 0.461686309375 0.7740391359375 0.5239360625 0.7817287171875
9 0.587240425 0.75463054375 0.5830531546875 0.6901519140625 0.5537569390625 0.70293590625 0.5520759046875 0.8752721765624999 0.61813825625 0.8575247312500001 0.6165366421875 0.741846553125 0.587240425 0.75463054375
0 0.647745040625 0.7273515421875001 0.6348791328125001 0.5760899578124999 0.5759590828125 0.5998022640625 0.5881697546875 0.7473524890625 0.647745040625 0.7273515421875001
11 0.7044552859375 0.672309678125 0.693137471875 0.6238811828124999 0.664031828125 0.6440155609375 0.686744503125 0.797747640625 0.7446281765625 0.7556232015625 0.7280984765625 0.6463189359375 0.7044552859375 0.672309678125
7 0.7556613171875 0.6205813484375 0.72264896875 0.49003279843750003 0.67181231875 0.534446903125 0.705712234375 0.666887303125 0.7556613171875 0.6205813484375
2 0.8278478359375001 0.53718674375 0.8650968750000001 0.47538437343749995 0.8159112593750001 0.378647103125 0.776559465625 0.4348101046875 0.8278478359375001 0.53718674375
10 0.8555894828125 0.4967845515625 0.828735403125 0.5390785874999999 0.7926309734375 0.47253851406249997 0.7812114015625 0.49564970781250006 0.8331550062499999 0.6017377046875 0.8728761781250001 0.5382604843750001 0.8555894828125 0.4967845515625
4 0.512628165625 0.284534771875 0.5222919484374999 0.17865379374999998 0.4747090328125 0.176833540625 0.461892015625 0.286269865625 0.512628165625 0.284534771875