3 0.47318059375 0.559006184375 0.45047138750000004 0.5405548015625 0.45142929218749994 0.495689253125 0.43818208125 0.4935175890625 0.4327182859375 0.564256334375 0.47044869531250005 0.5943755546875 0.47318059375 0.559006184375
3 0.4854830875 0.48738008749999995 0.45458030625 0.4719371328125 0.4533962359375 0.5343394781249999 0.4852880234375 0.5613257375 0.4854830875 0.48738008749999995
6 0.5469760265625 0.5572120078125 0.5307396515625 0.551537659375 0.5217943046875 0.5099023671875 0.5039879593750001 0.5083222703125 0.5221580593749999 0.5993376828125 0.5557816671875 0.59497488125 0.5469760265625 0.5572120078125
1 0.557725578125 0.519473665625 0.5380210625 0.5207017609375 0.530361859375 0.481836165625 0.5169025203125 0.4774674734375 0.5311698375 0.5475912921874999 0.5645029625 0.5510472734375 0.557725578125 0.519473665625
1 0.5631461859375 0.4908687328125 0.540430703125 0.48451563281250004 0.5356355546875 0.454578940625 0.52269509375 0.4536007265625 0.5382194640625 0.51536143125 0.5715914375 0.5190031625 0.5631461859375 0.4908687328125
4 0.54077601875 0.4778275890625 0.5758958062499999 0.4865571234375 0.559453596875 0.4156149828125 0.5298710796874999 0.4194534359375 0.54077601875 0.4778275890625
7 0.47889672968749997 0.33439092812500004 0.5062392078125 0.333500421875 0.493586453125 0.2700384671875 0.46896111874999996 0.2812055890625 0.47889672968749997 0.33439092812500004
1 0.656219353125 0.48543534218750006 0.67657813125 0.453563471875 0.6377945609375 0.3974780390625 0.6172449390625 0.42406008125000005 0.656219353125 0.48543534218750006
10 0.65602095 0.490775671875 0.6319180921875 0.4513864140625 0.6262627140625 0.46806398437499996 0.6653840390625 0.5280915359375 0.6847734890625 0.49103085156250004 0.6699019359375 0.46904485156250003 0.65602095 0.490775671875
11 0.6944408578125 0.374184184375 0.69033489375 0.40128989062500003 0.6664592421875 0.3844581484375 0.6643585484375001 0.39668854531250003 0.7056320578124999 0.440493075 0.7174426 0.388472025 0.6944408578125 0.374184184375
11 0.6512726234375 0.3266395609375 0.645065965625 0.3659756625 0.6878085890625 0.3963031 0.6934276015624999 0.36235783593750004 0.6512726234375 0.3266395609375