3 0.44122248124999996 0.5341491625 0.4217414234375 0.513990375 0.430239959375 0.469548353125 0.41743081406250004 0.4663145234375 0.40009956874999997 0.5360635203124999 0.4325568578125 0.569023659375 0.44122248124999996 0.5341491625
3 0.4655040796875 0.4640766125 0.4373685 0.446235778125 0.42569554375 0.5080611234375 0.452873234375 0.5374369156250001 0.4655040796875 0.4640766125
6 0.5149140375 0.53837890625 0.499721275 0.5314259203125 0.4978276984375 0.4893827328125 0.4803849859375 0.48636460625 0.48314741093749997 0.5781589265625 0.517319971875 0.5765681218750001 0.5149140375 0.53837890625
1 0.531951678125 0.5018066640625001 0.5121489203125 0.5014205125 0.5110685890625 0.46223043593749996 0.4984179984375 0.456799221875 0.5008128296875001 0.5275449812499999 0.5333814734375 0.5336890890625 0.531951678125 0.5018066640625001
1 0.5421535265624999 0.4738634890625 0.520631428125 0.465709303125 0.5208976625 0.435612625 0.50819285625 0.43358803593750006 0.51324441875 0.49613746562500005 0.5458204531249999 0.50246905625 0.5421535265624999 0.4738634890625
4 0.5220997015625 0.4591008875 0.55555823125 0.470623446875 0.55113809375 0.39888853750000003 0.5210725984375 0.40028815 0.5220997015625 0.4591008875
7 0.4846850296875 0.31172922187499996 0.512026984375 0.31307242031250004 0.5101173875 0.249068715625 0.4837492265625 0.2581442828125 0.4846850296875 0.31172922187499996
1 0.6356289265624999 0.47605207656250004 0.6612362984375 0.44608372812499997 0.63209886875 0.387271571875 0.6071913953125 0.4119752859375 0.6356289265624999 0.47605207656250004
10 0.634533428125 0.48133512187500005 0.6171879031249999 0.4402861984375 0.6087586265625 0.4563747453125 0.6375689296875 0.51912616875 0.663085003125 0.483930021875 0.6519930015625001 0.46090215625 0.634533428125 0.48133512187500005
11 0.692351565625 0.36877053593750003 0.6837092874999999 0.395333096875 0.6627957906249999 0.3766864796875 0.658649625 0.38865160312499997 0.69232881875 0.43548021875 0.7128238140625001 0.3848216703125 0.692351565625 0.36877053593750003
11 0.657417103125 0.31807631718749996 0.6446286609375 0.3566040015625 0.68203559375 0.39017896093750004 0.6933329421875001 0.35695274062500004 0.657417103125 0.31807631718749996