8 0.13640901249999998 0.8596987328125 0.1176268203125 0.8574098546875 0.1453069765625 0.8288422843750001 0.1285493421875 0.8231661421875 0.05514693281250001 0.8732254078125001 0.09940580624999999 0.887895203125 0.13640901249999998 0.8596987328125
11 0.224136225 0.8140628218750001 0.18042172031249998 0.80557975625 0.13099898593749998 0.8510064296875001 0.173973396875 0.8642764906249999 0.224136225 0.8140628218750001
7 0.23236134375 0.8943433640625 0.2476816140625 0.8704855890625 0.22160092968749998 0.86443835 0.167797259375 0.9260665875 0.22597266249999998 0.940519690625 0.261342775 0.893763028125 0.23236134375 0.8943433640625
7 0.33515345625 0.8483438124999999 0.283128178125 0.83779601875 0.2431645859375 0.885140471875 0.2887079203125 0.9012100015625 0.33515345625 0.8483438124999999
11 0.3874845421875 0.9151599703125 0.35823093125 0.9126469390624999 0.3678093515625 0.8895239046875 0.3318016109375 0.8894392468750001 0.3013736125 0.952768571875 0.37237681562499997 0.9546315203125 0.3874845421875 0.9151599703125
0 0.36687352500000003 0.9052846265625 0.4243684703125 0.9120043156250001 0.4450055046875 0.8561842515625001 0.38346144375 0.8562390875 0.36687352500000003 0.9052846265625
9 0.54568740625 0.8917877765625001 0.5077911984375 0.8966370609375 0.5044653671875 0.8720370890625 0.47589221249999997 0.877257471875 0.4777546640625 0.9380189343750001 0.5515225187499999 0.9317076265625 0.54568740625 0.8917877765625001
11 0.5108280359374999 0.89155616875 0.5758172046875 0.8910604921875 0.5677449921875 0.8389141312499999 0.5022879062500001 0.8472901687500001 0.5108280359374999 0.89155616875
6 0.6878130890625 0.8704728546875 0.655930915625 0.877680765625 0.639369009375 0.8610309 0.6090434796875 0.8727319078125 0.653395615625 0.9280562921875 0.7183679749999999 0.9009731171875 0.6878130890625 0.8704728546875
3 0.654374271875 0.8731876656249999 0.716581975 0.8542787468749999 0.6685889984375 0.81036893125 0.6123953249999999 0.831636475 0.654374271875 0.8731876656249999
6 0.8162011609375 0.8118134031249999 0.793174125 0.8272727718749999 0.771610465625 0.8065706515625 0.744126040625 0.82416449375 0.8061716390625 0.8694042968750001 0.8595242078125 0.8422439203125001 0.8162011609375 0.8118134031249999
12 0.7937781296875001 0.8209390953125 0.8351790843750001 0.8031285578125 0.7807041609375001 0.764740478125 0.7295122421875 0.7900602765625 0.7937781296875001 0.8209390953125
4 0.9036393781250001 0.736496628125 0.8790556984375 0.7474629 0.852838921875 0.739868978125 0.8398750312500001 0.7509124484374999 0.9100188578124999 0.7826032109375001 0.9457376046875 0.7530070046875 0.9036393781250001 0.736496628125
6 0.8797957937499999 0.742675903125 0.9143065296874999 0.725747053125 0.873628859375 0.712183096875 0.8537747484375 0.72410825625 0.8297186203125 0.7146737578125 0.8164825468749999 0.7226238640625 0.8797957937499999 0.742675903125
5 0.854378753125 0.717774578125 0.8888894890625 0.700845728125 0.8314541828124999 0.6816056296874999 0.7934983359375 0.6989753249999999 0.854378753125 0.717774578125
5 0.4923792578125 0.6686869390625 0.44685273593749997 0.6792049078125 0.44599335937499995 0.70903271875 0.49422489687500004 0.7028609015625 0.4923792578125 0.6686869390625