8 0.16768291875000002 0.8034882421875 0.149073478125 0.7996681171875 0.1779874640625 0.773324753125 0.1615533015625 0.766278728125 0.0860764515625 0.8104137093749999 0.12949598125 0.8287012078125 0.16768291875000002 0.8034882421875
11 0.2572280421875 0.7649471890624999 0.2140626640625 0.752897021875 0.162696984375 0.7943467156249999 0.20490179999999997 0.8111284984375 0.2572280421875 0.7649471890624999
7 0.261683190625 0.8459788671874999 0.278061309375 0.8233439578124999 0.25235419531250003 0.815167534375 0.19586801250000002 0.8724786375000001 0.2531652 0.8916820671875 0.290589684375 0.8477571109375001 0.261683190625 0.8459788671874999
7 0.366257146875 0.8083001265625 0.31490645625 0.7935066140625 0.27287726874999996 0.8376460359375001 0.3175115125 0.85743925 0.366257146875 0.8083001265625
11 0.41529049531249995 0.8794440828125 0.386256928125 0.874547175 0.3968791625 0.85218035 0.361002071875 0.8491644765625 0.32773003749999996 0.9100812406250001 0.39839657968750003 0.9177259375 0.41529049531249995 0.8794440828125
0 0.3952121890625 0.8678809093750001 0.45219168749999994 0.8792876749999999 0.47535728437499997 0.8250907937499999 0.41402723124999996 0.820135828125 0.3952121890625 0.8678809093750001
9 0.5740258015624999 0.8689262828125001 0.5360369703125001 0.8706956421875001 0.5338691859375 0.8457999375 0.505153309375 0.8486996921875001 0.5041777578125 0.909674515625 0.577980140625 0.9093616984375 0.5740258015624999 0.8689262828125001
11 0.5392998875 0.8658567937500001 0.6040834687500001 0.870650909375 0.59846965 0.8177944515625001 0.5328525796875 0.8208506171875 0.5392998875 0.8658567937500001
6 0.7166446296875 0.8591591203125001 0.6845387609375 0.8637790593749999 0.6688110078125 0.8457640890624999 0.638046928125 0.8550084078125 0.6796649140625 0.9139994046875 0.7456707046875 0.89217763125 0.7166446296875 0.8591591203125001
3 0.6831969703125 0.8591546796875 0.7460669203125 0.8452904218749999 0.70028899375 0.7974292203125 0.6433020015625 0.814144059375 0.6831969703125 0.8591546796875
6 0.8473144234375001 0.8108911953125 0.8236480171875 0.8244918125 0.80312494375 0.8020133109375 0.77491736875 0.8173877265625 0.8346364921875 0.8677241890625 0.889066978125 0.844879253125 0.8473144234375001 0.8108911953125
12 0.8245450421875 0.8182008656249999 0.866630275 0.803742378125 0.8141359015624999 0.7608808765624999 0.7619442296875001 0.7820592453125 0.8245450421875 0.8182008656249999
4 0.9379546765625 0.7426155875 0.91294648125 0.7515918234375001 0.8871758296875001 0.7418560671875001 0.8737429359375 0.751855465625 0.94216316875 0.789288334375 0.9791353921875 0.762569653125 0.9379546765625 0.7426155875
6 0.9139070437499999 0.7468602093750001 0.9490852171874999 0.7327234234375 0.9091827546875001 0.71583440625 0.888842803125 0.7261555078125 0.8653109656250001 0.7147531859375 0.8517509984375 0.7216339171875 0.9139070437499999 0.7468602093750001
5 0.889739828125 0.719864559375 0.9249180015625 0.705727775 0.8685813765624999 0.6817927312500001 0.8299496718749999 0.6960903671875001 0.889739828125 0.719864559375
5 0.5313016015625001 0.6412592796875 0.4854451484375 0.6480819546875 0.4831988375 0.677870125 0.5315482593749999 0.6756182140625 0.5313016015625001 0.6412592796875