8 0.13468766875 0.809761421875 0.1162688421875 0.805083425 0.1461994359375 0.7801341015625 0.1300829625 0.7723374390625 0.0529541265625 0.8128800875 0.09554766249999999 0.8331514109375 0.13468766875 0.809761421875
11 0.1300829625 0.8004054265624999 0.1715253234375 0.81911741875 0.22563062656250002 0.7754561046874999 0.183037090625 0.7614221109375 0.1300829625 0.8004054265624999
7 0.22678180312500001 0.8565414 0.244049453125 0.83471074375 0.2187235671875 0.8253547484375 0.16001355625 0.8799313890624999 0.21642121250000002 0.901762046875 0.2555612203125 0.8596600656250001 0.22678180312500001 0.8565414
7 0.23829357031249998 0.8487447375 0.2820382828125 0.87057539375 0.33269005625000003 0.823795415625 0.2820382828125 0.8066427578124999 0.23829357031249998 0.8487447375
11 0.378737121875 0.8970840484375 0.34995770625 0.8908467171875 0.361469471875 0.8690160609375001 0.3257829953125 0.8643380640625 0.29009651875000003 0.923592703125 0.36031829531250004 0.93450803125 0.378737121875 0.8970840484375
0 0.4409006625 0.845626071875 0.3798882984375 0.8378294093750001 0.35916711874999996 0.8846093875 0.41557477499999995 0.89864338125 0.4409006625 0.845626071875
9 0.5375995031249999 0.8939653828124999 0.499610671875 0.8939653828124999 0.4984594953125 0.8690160609375001 0.46968007968750003 0.87057539375 0.46622655 0.9313893656250001 0.53990185625 0.93450803125 0.5375995031249999 0.8939653828124999
11 0.564076565625 0.844066740625 0.4984594953125 0.844066740625 0.503064203125 0.8892873859374999 0.5675300953125 0.8970840484375 0.564076565625 0.844066740625
6 0.6803454078125 0.8908467171875 0.6481124625 0.8939653828124999 0.633147165625 0.8752533921874999 0.6020653953124999 0.8830500546875 0.6412054015625 0.9438640265625 0.7079736484375 0.925152034375 0.6803454078125 0.8908467171875
3 0.6665312890624999 0.8284734140625 0.6089724546874999 0.8425074078125 0.6469612859375 0.8892873859374999 0.7102760015625 0.8783720578124999 0.6665312890624999 0.8284734140625
6 0.812730725 0.8487447375 0.788556015625 0.8612193984375001 0.7689860109375 0.8378294093750001 0.7402065953125 0.8518634031250001 0.7977654281250001 0.9048807109375 0.8530219078125001 0.8846093875 0.812730725 0.8487447375
12 0.7816489546875001 0.7972867625 0.728694828125 0.8159987531249999 0.7897071921875 0.85498206875 0.832300728125 0.8425074078125 0.7816489546875001 0.7972867625
4 0.905976034375 0.7848121 0.8806501484375 0.7926087640625 0.8553242624999999 0.7816934343749999 0.8415101421875001 0.7910494296875 0.9082783875 0.8315920796875 0.9462672187500001 0.8066427578124999 0.905976034375 0.7848121
6 0.881801325 0.787930765625 0.9174878015625 0.7754561046874999 0.8783477953125001 0.7567441125000001 0.857626615625 0.7661001093750001 0.83460308125 0.7536254484375 0.8207889625 0.759862778125 0.881801325 0.787930765625
5 0.8392077890625 0.7208794625 0.8000677812499999 0.7333541234375 0.8587777921875 0.759862778125 0.89446426875 0.7473881171875 0.8392077890625 0.7208794625
5 0.45471478125000003 0.69904880625 0.503064203125 0.69904880625 0.5042153796875 0.6647434890625 0.45816831249999995 0.6694214875 0.45471478125000003 0.69904880625