4 0.190256159375 0.60606294375 0.12581183906249999 0.6671972937499999 0.1596743890625 0.7028589968750001 0.22553155937499997 0.6408755562499999 0.190256159375 0.60606294375
0 0.12483536875000001 0.66974455625 0.14670156406249998 0.6451209984374999 0.1261310953125 0.62219561875 0.056531018749999995 0.6850281421875 0.091221878125 0.7266334640625 0.1376614390625 0.6824808796874999 0.12483536875000001 0.66974455625
11 0.27209883281249997 0.8030514015625 0.3178663625 0.7172934953125 0.26470473437500003 0.6926699375 0.2214006078125 0.77078605 0.27209883281249997 0.8030514015625
6 0.22134134374999997 0.774182403125 0.234937865625 0.7427661390625 0.2142340515625 0.727482553125 0.1563502265625 0.813240459375 0.2079508390625 0.8472039859375 0.243472825 0.7877678140625 0.22134134374999997 0.774182403125
12 0.38928851249999996 0.843807634375 0.41651930468750004 0.752106109375 0.3581278375 0.7334261703125 0.3280861609375 0.8259767796874999 0.38928851249999996 0.843807634375
10 0.32849290625 0.8293731328125 0.337052203125 0.7928623421875 0.3130122265625 0.7818241953125 0.2730361484375 0.8828656890625 0.33599883125 0.9066401578125 0.3604847078125 0.8387131046875 0.32849290625 0.8293731328125
3 0.5340712796875 0.798805959375 0.5254043828125 0.707953525 0.4642976328125 0.7113498765624999 0.468814878125 0.7996550484375 0.5340712796875 0.798805959375
9 0.46970245000000005 0.8022023109375 0.464170990625 0.7453134046875001 0.45155905 0.74701158125 0.45592813125 0.843807634375 0.5216653609375 0.84210945625 0.520497684375 0.8022023125000001 0.46970245000000005 0.8022023109375
2 0.4572965328125 0.8455058093750001 0.4519725015625 0.776729665625 0.43606885 0.7801260203125 0.4361549296875 0.8820166 0.50187734375 0.8811675125 0.5034316546875 0.8455058093750001 0.4572965328125 0.8455058093750001
1 0.4365764921875 0.8845638671874999 0.43447009062499997 0.8183349890624999 0.4265478984375 0.8183349874999999 0.421855334375 0.9270182734375 0.49410190624999994 0.9261691875 0.4953087359375 0.8837147765625 0.4365764921875 0.8845638671874999
0 0.618241534375 0.8089950171875 0.5941518140625 0.720689846875 0.535167690625 0.7359734328124999 0.55867286875 0.831071309375 0.618241534375 0.8089950171875
9 0.5604776499999999 0.8344676625 0.54680175 0.790315078125 0.5378438203125 0.7962586953125 0.5575764578125 0.8939038359374999 0.6249339671875 0.8794693375 0.6102156265625001 0.8149386359375 0.5604776499999999 0.8344676625
10 0.6937138484375 0.783522371875 0.6574041187499999 0.70116081875 0.601097534375 0.7232371125 0.635483953125 0.8089950171875 0.6937138484375 0.783522371875
9 0.636356709375 0.81239136875 0.6202025890625 0.776729665625 0.611740303125 0.7809751078125 0.64691058125 0.8752238953125 0.70840255625 0.84975125 0.684275090625 0.790315078125 0.636356709375 0.81239136875
7 0.7834035640625 0.7444643171875 0.7320629421875 0.6688954687499999 0.6827168953125 0.6926699390625 0.7302849765625 0.77078605 0.7834035640625 0.7444643171875
3 0.7316533781250001 0.772484225 0.71073543125 0.742766140625 0.6866873421874999 0.7588988156250001 0.7373693390625 0.8455058093750001 0.7910872859375 0.8115422828125001 0.7575210625000001 0.7588988156250001 0.7316533781250001 0.772484225
0 0.8781315328125 0.6875754093750001 0.80785413125 0.6289883234375 0.773634578125 0.6671972921875 0.843852715625 0.729180728125 0.8781315328125 0.6875754093750001
11 0.870077403125 0.641724646875 0.8025368015625001 0.586533915625 0.7702553765625 0.620497440625 0.7931707171875 0.642573734375 0.809762625 0.6264410609375 0.8510813562499999 0.6621027640625 0.870077403125 0.641724646875
5 0.4748338375 0.528849503125 0.4730419078125 0.46737600312499994 0.44661355 0.46795594218750003 0.44458597656250004 0.529429440625 0.4748338375 0.528849503125
12 0.5009236625 0.529429440625 0.49981891562499997 0.46505625000000006 0.4740170234375 0.46621612656250006 0.47611712656250005 0.5282695640624999 0.5009236625 0.529429440625
10 0.5525375671874999 0.526529746875 0.5475728359375001 0.4644763125 0.5010718437499999 0.466216125 0.5016007265625 0.5271096843749999 0.5525375671874999 0.526529746875