4 0.21953053437499997 0.6223875953125 0.1597551234375 0.68388453125 0.1962903828125 0.7193419453125001 0.25741342968750003 0.6569878703125 0.21953053437499997 0.6223875953125
0 0.12968441875 0.7435099109375 0.172752065625 0.6990960609375 0.158971975 0.6864369578125 0.17896054687500002 0.6616911640625001 0.15667105625 0.6388901359375 0.091871975 0.7021149062500001 0.12968441875 0.7435099109375
11 0.316211571875 0.8188598031250001 0.35546140312499996 0.732852990625 0.3004755140625 0.708543784375 0.26310945 0.78689601875 0.316211571875 0.8188598031250001
6 0.2554480890625 0.8633767000000001 0.2864501546875 0.8037458953125001 0.26330706406250004 0.7902920265625 0.27451816875 0.758803025 0.25267331249999997 0.74364301875 0.2013158015625 0.8297203359375 0.2554480890625 0.8633767000000001
12 0.4363999484375 0.85892583125 0.4566767625 0.7670844734375 0.3969142203125 0.7487481093749999 0.3738927296875 0.8414547359375 0.4363999484375 0.85892583125
10 0.3878996640625 0.9220556890625 0.407231375 0.853999946875 0.374556025 0.8448480328124999 0.38034823125 0.8082948515625 0.35549063125 0.7973988328125 0.3231839015625 0.898652428125 0.3878996640625 0.9220556890625
3 0.5776766453125 0.8130908031249999 0.5621455109375 0.722307253125 0.501339059375 0.7260584953125 0.5125308671875 0.8143194484375 0.5776766453125 0.8130908031249999
9 0.568554228125 0.856457696875 0.5643695421875 0.81656545 0.5136104359375 0.816861028125 0.50378088125 0.7600158625 0.49130633125 0.7617870828125 0.502992171875 0.8585380546874999 0.568554228125 0.856457696875
2 0.5517339156250001 0.8956229671875 0.550590328125 0.8599594625 0.5044880171874999 0.8602279218750001 0.493966815625 0.7914967265625 0.4783313140625 0.7949849343750001 0.48612245468750004 0.896854321875 0.5517339156250001 0.8956229671875
1 0.5473671046875 0.9406607484375 0.5453626078125 0.8982079374999999 0.486736346875 0.8993986187499999 0.4796231125 0.833195446875 0.4717065546875 0.833241546875 0.47523612656249997 0.9419300671874999 0.5473671046875 0.9406607484375
0 0.662557546875 0.8227880046875 0.6318071859375001 0.7346409453125 0.574020784375 0.7502646578125 0.60470069375 0.8452064453125001 0.662557546875 0.8227880046875
9 0.674574596875 0.8932090687500001 0.6549868140624999 0.82877711875 0.606761028125 0.84859160625 0.5897559671875 0.8045275671875001 0.581253875 0.8105221046875 0.6083565546874999 0.908032590625 0.674574596875 0.8932090687500001
10 0.7360499015624999 0.7968813578125 0.6935376890625 0.7147478171875 0.63894059375 0.7371472765625 0.6797877015625 0.8226876703125001 0.7360499015624999 0.7968813578125
9 0.7557364921875 0.8630113125 0.72713153125 0.8037276078125 0.680916675 0.8260782546875 0.6620772515625 0.7905177937500001 0.6539420312499999 0.794811615625 0.6962145343749999 0.8888366078125 0.7557364921875 0.8630113125
7 0.8227221968749999 0.7573093281250001 0.76570345625 0.6820545796874999 0.71819036875 0.706111365625 0.7716318796875 0.7839348140625 0.8227221968749999 0.7573093281250001
3 0.8354729937500001 0.8243289609375 0.7979496625 0.77189150625 0.7731277249999999 0.7856246828125 0.7499773281250001 0.756034353125 0.727166321875 0.7723036890625 0.7843616265625 0.858598175 0.8354729937500001 0.8243289609375
0 0.9130807640624999 0.6998807515625 0.8384228984375 0.6417145093750001 0.8071171046875 0.6801148421875001 0.8819725843749999 0.741677090625 0.9130807640624999 0.6998807515625
11 0.84013740625 0.6391566578125001 0.8841235453125 0.674570684375 0.9015650546874999 0.6540861671875 0.8298988828124999 0.5992996625 0.8002087937500001 0.6334441375 0.8247772796874999 0.655382603125 0.84013740625 0.6391566578125001
5 0.49806680937500003 0.543533871875 0.4916274328125 0.4820832859375 0.46526172812500005 0.48281689375000003 0.4678843171875 0.5442897062500001 0.49806680937500003 0.543533871875
12 0.5241819343749999 0.5439618765625001 0.518209971875 0.4796081859375 0.49251414374999997 0.48091796875000004 0.49930532968749997 0.542946584375 0.5241819343749999 0.5439618765625001
10 0.5755398484375001 0.5407624296875 0.565886071875 0.478750484375 0.519549721875 0.4807605375 0.5246830921875001 0.5416386515625 0.5755398484375001 0.5407624296875