4 0.220845859375 0.6114179140625 0.1603056078125 0.6736493796875 0.1964564171875 0.708703625 0.25835537343750004 0.6455987921874999 0.220845859375 0.6114179140625
0 0.1594920671875 0.6762125265625001 0.17978516718749998 0.6512184875 0.1577438578125 0.6286626953125001 0.09215578437500001 0.6926815671875 0.12951554375000002 0.7336622546875 0.17313548437499998 0.688719115625 0.1594920671875 0.6762125265625001
11 0.315312409375 0.8068875734375001 0.3555965984375 0.7203698562499999 0.3008504453125 0.69668563125 0.2625408 0.7755220406250001 0.315312409375 0.8068875734375001
6 0.26269896406250004 0.7789178765625 0.27428625625 0.7472786046875 0.2526008171875 0.7323634421875 0.20019848593749998 0.8190926828125 0.253981340625 0.8521398609374999 0.28570357031250004 0.792110715625 0.26269896406250004 0.7789178765625
12 0.435129196875 0.8455793171874999 0.456493309375 0.7534443078125 0.3968970375 0.7357922859375 0.372775971875 0.828825065625 0.435129196875 0.8455793171874999
10 0.37340021874999996 0.832212765625 0.37962335937499997 0.7955692328125 0.3548730484375 0.7849558125 0.3213596640625 0.8866490265625 0.3858540046875 0.9093134484375 0.4059948484375 0.840989965625 0.37340021874999996 0.832212765625
3 0.5770529640625 0.798070628125 0.562568278125 0.7074110124999999 0.5016696578125 0.7118725968749999 0.51184098125 0.8000585578124999 0.5770529640625 0.798070628125
9 0.5128917687500001 0.8025891625 0.5037173765625 0.7458228171875 0.491212234375 0.7477403921875 0.5017789671874999 0.8444159421874999 0.5674174921875 0.8415709171874999 0.563694740625 0.8017023921875 0.5128917687500001 0.8025891625
2 0.5032562953124999 0.8460894531250001 0.49352833125 0.77743768125 0.477839696875 0.7811101234375 0.4844489328125 0.88295264375 0.5501269984375 0.8809565812500001 0.5493984453125 0.8452840374999999 0.5032562953124999 0.8460894531250001
1 0.48503363750000006 0.8854913859375 0.47868687187500003 0.81932954375 0.47076347343749997 0.8194678484375 0.47302821406250006 0.92818339375 0.5452314312500001 0.926073434375 0.54372046875 0.8836173546874999 0.48503363750000006 0.8854913859375
0 0.6618883546875 0.8067856093750001 0.6321415734375 0.718941340625 0.5741269375 0.7352476718750001 0.6037239640625 0.8298917484375 0.6618883546875 0.8067856093750001
9 0.60574645625 0.8332550421875 0.589241778125 0.78936138125 0.580663 0.79545866875 0.6066499890625 0.8927147046874999 0.6730936468750001 0.8771108921874999 0.6542417406250001 0.8128666265625 0.60574645625 0.8332550421875
10 0.7357413796875 0.7800070296875 0.6941532453125 0.6983169953125 0.6392514312500001 0.7213661859375 0.6791334 0.806484596875 0.7357413796875 0.7800070296875
9 0.680223728125 0.8098641593749999 0.6617840453125 0.774500765625 0.65359226875 0.778892 0.6948018125 0.8724837296875 0.7546723671875 0.8459492125000001 0.7267360593750001 0.786961409375 0.680223728125 0.8098641593749999
7 0.8229442203125 0.7394010421874999 0.7667577796875 0.664763015625 0.71892628125 0.689388090625 0.7715026859375 0.766638078125 0.8229442203125 0.7394010421874999
3 0.772980015625 0.7683115890625001 0.7501562984375 0.7389722625 0.7271373765625 0.755517390625 0.783371765625 0.8412000187500001 0.834923515625 0.8063142171875001 0.7979818875 0.7542807953125 0.772980015625 0.7683115890625001
0 0.9140445296875 0.6808843953125 0.8400056156250001 0.6235509640625 0.808227028125 0.66233986875 0.8824241078125 0.723069134375 0.9140445296875 0.6808843953125
11 0.9030537578125 0.635195190625 0.8319694999999999 0.5812087828125 0.8018575390624999 0.6157203499999999 0.8261897171875001 0.63738650625 0.8417513218750001 0.620971546875 0.885359446875 0.6558956234375 0.9030537578125 0.635195190625
5 0.5005236 0.529271675 0.4947957984375 0.4678575484375 0.46840054374999995 0.468898603125 0.47030826093749994 0.5303794078124999 0.5005236 0.529271675
12 0.526654528125 0.5293958796875 0.521428371875 0.465071390625 0.49569680624999995 0.4666811796875 0.50176995625 0.5286695984375 0.526654528125 0.5293958796875
10 0.5780906515625001 0.52559645 0.5691524390625 0.4636580421875 0.5227557484375 0.4662088640625 0.5271831812500001 0.5270653640625 0.5780906515625001 0.52559645