4 0.1574171578125 0.5667930640625001 0.0826609765625 0.6130063156250001 0.1090000640625 0.6552417515625 0.1853013890625 0.60849735625 0.1574171578125 0.5667930640625001
0 0.081218778125 0.6152972015625 0.1073247015625 0.5958089390625 0.09156545 0.5689137953125 0.011438110937499999 0.6156911453125 0.0374532390625 0.6639362375 0.091342440625 0.6305378609375001 0.081218778125 0.6152972015625
11 0.199922290625 0.777599284375 0.26109715625 0.70322933125 0.2137588734375 0.6676994734374999 0.1564544296875 0.735097125 0.199922290625 0.777599284375
6 0.1557479640625 0.7384173421875 0.1750556640625 0.710495171875 0.1577068703125 0.6910705187499999 0.08467145000000001 0.76284990625 0.12869842812500001 0.8072114484374999 0.17481851875 0.7564807984375 0.1557479640625 0.7384173421875
12 0.306857040625 0.8426501109375 0.3510212109375 0.7584842875 0.2974286921875 0.7276688015625 0.250350853125 0.8120668546875001 0.306857040625 0.8426501109375
10 0.2501005640625 0.8154867093749999 0.2654500328125 0.7814882062499999 0.2440249328125 0.7655163625 0.1856012546875 0.8561225796875 0.24269583125 0.8929147625 0.279633875 0.8314922765625001 0.2501005640625 0.8154867093749999
3 0.45717582500000004 0.8294451296875 0.4660378875 0.738437296875 0.40557247500000004 0.7287050359375 0.3931346828125 0.8163259734375 0.45717582500000004 0.8294451296875
9 0.393517184375 0.819015409375 0.39896400781249997 0.7620068484375 0.3862940453125 0.7609767515625 0.3720900921875 0.8568982328124999 0.436764025 0.869286971875 0.4432402796875 0.8298758671875 0.393517184375 0.819015409375
2 0.3731053859375 0.8588572531249999 0.381024834375 0.790227928125 0.3648084140625 0.7901604796874999 0.34543918749999997 0.8901655515625 0.4099365046875 0.903384346875 0.41826672968749995 0.8687213375 0.3731053859375 0.8588572531249999
1 0.3453655140625 0.892755353125 0.355948340625 0.8273136531249999 0.3481933625 0.8256198203125 0.32284945625 0.9312689546874999 0.39373322499999996 0.9458826703125001 0.403020203125 0.9044795890625 0.3453655140625 0.892755353125
0 0.5376241421875 0.8574401187499999 0.5309025765625 0.76563441875 0.4702454125 0.76802110625 0.475097875 0.8663676062500001 0.5376241421875 0.8574401187499999
9 0.47621611093749994 0.870086371875 0.471258715625 0.8238347906250001 0.4613550734375 0.8277520640624999 0.4620282859375 0.927791628125 0.5307199859375 0.928028465625 0.5286328499999999 0.8615566671874999 0.47621611093749994 0.870086371875
10 0.6163668265625 0.8485800812500001 0.5965483953125 0.75999419375 0.5372153546875 0.7696191406249999 0.554502621875 0.8611266953125 0.6163668265625 0.8485800812500001
9 0.5547085078125 0.8646461875 0.5457040765625 0.8261969640625001 0.5366098421875 0.82855376875 0.5530433 0.9285611406250001 0.61810073125 0.9167119859374999 0.6058303953124999 0.8532277703125001 0.5547085078125 0.8646461875
7 0.7116206265625 0.829428290625 0.675791659375 0.744294446875 0.622948015625 0.7570740609375 0.6545977328125 0.8439009687500001 0.7116206265625 0.829428290625
3 0.6556130265625 0.8458599890625 0.64081053125 0.812224775 0.614189890625 0.822914309375 0.6472666734375 0.918739221875 0.7063352875 0.896895690625 0.6835285171875001 0.8380591671875001 0.6556130265625 0.8458599890625
0 0.8152106968749999 0.79385605625 0.7576024015625 0.7213378078125 0.7168100640625 0.7515163765625 0.7737118953125 0.8273548375 0.8152106968749999 0.79385605625
11 0.816080634375 0.7471400140625 0.7605029265625001 0.6785398078125 0.7224183734375 0.70496665 0.7406351124999999 0.7315299265624999 0.7599569500000001 0.719246196875 0.7935948421875 0.7630758281250001 0.816080634375 0.7471400140625
5 0.45073023125 0.551867571875 0.46071297031249997 0.49115962812499997 0.4347317140625 0.48607812343749995 0.42101008906250004 0.545969421875 0.45073023125 0.551867571875
12 0.47615865 0.5580149015625 0.4873676921875 0.49460837656249995 0.461888953125 0.4902299125 0.4520971578125 0.5515728484375 0.47615865 0.5580149015625
10 0.5272367609375 0.5662048875 0.5342243921875001 0.5042494734375 0.48837272499999995 0.49601446562499996 0.47726432343749997 0.55588325625 0.5272367609375 0.5662048875