4 0.1633152421875 0.711554303125 0.22810068437500003 0.6495803046875 0.192212346875 0.61477299375 0.12882515156250002 0.67589803125 0.1633152421875 0.711554303125
0 0.1278929875 0.67844490625 0.1493327734375 0.6538250999999999 0.12835906875 0.6309032109375 0.059844968750000005 0.693726165625 0.095267225 0.73532515 0.14094329218749999 0.6911792906249999 0.1278929875 0.67844490625
11 0.2681837625 0.701366796875 0.2262363546875 0.7794710109375 0.277505409375 0.8117314484374999 0.3217832296875 0.725986603125 0.2681837625 0.701366796875
6 0.2262363546875 0.782866846875 0.239286659375 0.7514553687500001 0.21831295625 0.736174109375 0.16191699531249998 0.8219189546875001 0.21411821406249998 0.8558773078125 0.24860830625000002 0.7964501890625 0.2262363546875 0.782866846875
12 0.362332390625 0.742116821875 0.33390136875 0.8346533359375 0.39542423437499996 0.8524814734374999 0.42105876249999996 0.760793915625 0.362332390625 0.742116821875
10 0.33436745156250003 0.8380491718749999 0.34229085000000004 0.8015439421874999 0.3180545703125 0.790507475 0.2798358203125 0.8915335796875 0.343223015625 0.915304428125 0.36652713124999997 0.8473877203125 0.33436745156250003 0.8380491718749999
3 0.468133075 0.720043890625 0.47419214531250004 0.8083356125 0.5394436687499999 0.807486653125 0.5291898578125 0.71664805625 0.468133075 0.720043890625
9 0.47512430937500005 0.8108824875 0.4685991578125 0.7540022453125 0.456014934375 0.7557001624999999 0.46207400468750004 0.8524814734374999 0.5277916109375 0.8507835546875 0.52592728125 0.8108824875 0.47512430937500005 0.8108824875
2 0.46347225156249994 0.8541793906249999 0.4569471 0.785413721875 0.4411003015625 0.7888095578125001 0.4429646296875 0.8906846203125 0.5086822359375 0.8898356625 0.5096144015624999 0.8541793906249999 0.46347225156249994 0.8541793906249999
1 0.4434307125 0.8932314984374999 0.4401681359375 0.8270127078125 0.43224473750000003 0.8270127078125 0.42944824375 0.935679440625 0.5016910015625 0.9348304828125 0.5021570843750001 0.8923825390625 0.4434307125 0.8932314984374999
0 0.5394436687499999 0.744663696875 0.5646121140625 0.8397470890625 0.62380456875 0.817674159375 0.598170040625 0.7293824375 0.5394436687499999 0.744663696875
9 0.56647644375 0.8431429250000001 0.5520278921874999 0.7989970640624999 0.543172328125 0.8049397765625 0.5646121140625 0.9025700453125 0.6317279671875 0.8881377453124999 0.61588116875 0.8236168718749999 0.56647644375 0.8431429250000001
10 0.605161275 0.731929315625 0.6410496140624999 0.817674159375 0.6988438203125 0.79220539375 0.661091153125 0.709856384375 0.605161275 0.731929315625
9 0.641981778125 0.8210699937499999 0.6252028140625 0.785413721875 0.6168133328125001 0.7896585171875 0.6536338359375 0.8838929500000001 0.71469061875 0.858424184375 0.6895221734375 0.7989970640624999 0.641981778125 0.8210699937499999
7 0.6862595984375 0.701366796875 0.735198240625 0.7794710109375 0.7878655421875 0.7531532859375 0.735198240625 0.6775959484375 0.6862595984375 0.701366796875
3 0.7365964875000001 0.7811689281249999 0.7151567015625 0.7514553687500001 0.691386503125 0.7675855874999999 0.743587721875 0.8541793906249999 0.7967211062499999 0.8202210359375 0.7622310140625 0.7675855874999999 0.7365964875000001 0.7811689281249999
0 0.776746571875 0.67589803125 0.848057165625 0.7378720265625 0.8816150921875 0.69627304375 0.8103044984375 0.6376948812500001 0.776746571875 0.67589803125
11 0.872759528125 0.6504292656249999 0.804245428125 0.5952469390624999 0.77255183125 0.6292052921875 0.7958559468749999 0.6512782234375 0.812168828125 0.63514800625 0.8541162359375001 0.670804278125 0.872759528125 0.6504292656249999
5 0.4461984890625 0.4766870265625 0.4452434671875 0.5381511609375 0.4754858140625 0.5375713109375 0.47262075000000003 0.476107175 0.4461984890625 0.4766870265625
12 0.47357577187500005 0.474947475 0.4767591765625 0.5369914609374999 0.501589734375 0.5381511609375 0.49936135156250006 0.473787775 0.47357577187500005 0.474947475
10 0.5006347140625 0.474947475 0.502226415625 0.5358317593749999 0.55316089375 0.535251909375 0.547112425 0.473207925 0.5006347140625 0.474947475