4 0.2090071625 0.5915047328124999 0.1421006515625 0.642030521875 0.17449424062500002 0.6826989796875 0.2428475625 0.6315525656250001 0.2090071625 0.5915047328124999
0 0.14102080625 0.6444034703125 0.1638805890625 0.623411928125 0.1442539046875 0.5974556640625 0.07212478125 0.648857640625 0.10510405625000001 0.6955497234375 0.153321915625 0.659042653125 0.14102080625 0.6444034703125
11 0.2827836984375 0.7996663546875 0.33202555 0.72179703125 0.27989182343749996 0.6890506546874999 0.233423709375 0.7597281171875 0.2827836984375 0.7996663546875
6 0.23322604375 0.763086746875 0.24809678906250002 0.7340637375 0.22802536093749998 0.715664390625 0.16667275625 0.79163541875 0.216865509375 0.8333989921875 0.2547937 0.7800258140625 0.23322604375 0.763086746875
12 0.398258665625 0.858441796875 0.42921450468750005 0.771774415625 0.37161108593750003 0.7441025156250001 0.33781104375000004 0.8311714859375 0.398258665625 0.858441796875
10 0.338079178125 0.8346031265624999 0.3481226375 0.79973905 0.3245435421875 0.7850269078125 0.280467578125 0.8789592140625 0.34243248125000003 0.9123991734375 0.369675675 0.8488771453125 0.338079178125 0.8346031265624999
3 0.54480935625 0.8365004718750001 0.5398493171875 0.7450508703125001 0.478632090625 0.7388450078125001 0.4795481953125 0.827118534375 0.54480935625 0.8365004718750001
9 0.48033154375000003 0.829783528125 0.477121246875 0.7725043171875 0.46444586250000003 0.772212325 0.46486780625 0.8688824265624999 0.5306441828125 0.8774977187499999 0.5311035453125 0.8377417703125 0.48033154375000003 0.829783528125
2 0.46616636875 0.8707807750000001 0.46364789687499997 0.8017463593749999 0.4476130953125 0.8026226031249999 0.44354635781249996 0.9036735453125001 0.5092733171875 0.9131284953125001 0.5122803890625 0.8780089046875 0.46616636875 0.8707807750000001
1 0.4438639078125 0.9062655312500001 0.44445777499999994 0.8402611671875 0.43653920625 0.8390199734375001 0.427419159375 0.9460580625 0.49966729374999996 0.9565351734374999 0.5026038953125 0.914625309375 0.4438639078125 0.9062655312500001
0 0.6285258359375 0.8597914234375 0.6080462078125 0.76845141875 0.548466146875 0.7743658156250001 0.5680846484375001 0.8723500703125 0.6285258359375 0.8597914234375
9 0.569750178125 0.8760007468750001 0.5578800703125 0.8300752031249999 0.5486839906250001 0.834565590625 0.5644278593750001 0.9344847265625 0.6323428703125 0.9307241906250001 0.6202613546875 0.864427834375 0.569750178125 0.8760007468750001
10 0.705001825 0.8463565359375 0.6720655328125 0.7589958359375 0.61488493125 0.7720655640625 0.64576036875 0.8624928453124999 0.705001825 0.8463565359375
9 0.6464943015625 0.8659974984375 0.631801040625 0.8281034734375 0.6231695937499999 0.8309875578125 0.654482465625 0.9299574375 0.716984509375 0.9143322062499999 0.6952905328125001 0.8516135671875 0.6464943015625 0.8659974984375
7 0.79624241875 0.8216774671874999 0.7480052546875 0.7386976640625 0.697712796875 0.7545418781250001 0.742075325 0.8394565609375 0.79624241875 0.8216774671874999
3 0.7433738875 0.8413549093749999 0.723676734375 0.8086083734375 0.6989821203125001 0.8208382859375 0.7461110765625001 0.9146606265624999 0.8011887124999999 0.889397625 0.76978344375 0.8319360187499999 0.7433738875 0.8413549093749999
0 0.8932456953125 0.780106203125 0.8253882812500001 0.7109990921875 0.789627090625 0.743526859375 0.8572868375 0.8159925984375 0.8932456953125 0.780106203125
11 0.887063996875 0.7333774843749999 0.821803709375 0.6680670703125 0.788152790625 0.69668859375 0.8101578828125 0.722170259375 0.827399725 0.7087721671875 0.8672460859375001 0.75060880625 0.887063996875 0.7333774843749999
5 0.4966016875 0.559523434375 0.497316065625 0.49828390312500004 0.4708761609375 0.49471837812499997 0.4663440234375 0.5553594937499999 0.4966016875 0.559523434375
12 0.5226559421875 0.5641860890625 0.524175371875 0.5001788078125 0.49833800781250004 0.4972865125 0.497908025 0.559149409375 0.5226559421875 0.5641860890625
10 0.574364421875 0.5693971796875 0.5719310875 0.507085475 0.5253804546875 0.5015252734375 0.5234272421874999 0.5619918359375 0.574364421875 0.5693971796875