4 0.1469473203125 0.5679997953125 0.0734996703125 0.6242215156250001 0.1010811953125 0.6624232578125 0.176059284375 0.60545985 0.1469473203125 0.5679997953125
0 0.029752296875 0.6810046437499999 0.08269575312500001 0.6403922343749999 0.072123453125 0.6266933531250001 0.0976749 0.6037390359375 0.081124975 0.579271428125 0.0023199500000000003 0.63680024375 0.029752296875 0.6810046437499999
11 0.1956099890625 0.77105975 0.25464999375 0.688816540625 0.2062541546875 0.660186196875 0.15088350781249998 0.7349786328125 0.1956099890625 0.77105975
6 0.12521313437499998 0.8103324765625001 0.169879109375 0.7536198578125 0.1502733484375 0.73836843125 0.168777715625 0.707999928125 0.1508549359375 0.6911593671875 0.0798731328125 0.77248595 0.12521313437499998 0.8103324765625001
12 0.3044909609375 0.8206568046875 0.346226746875 0.7310712546875 0.29171083124999997 0.70798525625 0.24706670625 0.7982067234375 0.3044909609375 0.8206568046875
10 0.2417614328125 0.8794195390624999 0.27692960625 0.8133863078125 0.24691584687499998 0.8016317781250001 0.261283153125 0.7657907749999999 0.239382575 0.7529406765625 0.1835677546875 0.85089629375 0.2417614328125 0.8794195390624999
3 0.45449924062499997 0.7866357125000001 0.46071639218750005 0.6951829921875 0.39993794375 0.6939544078125001 0.3900447125 0.7825474859375 0.45449924062499997 0.7866357125000001
9 0.4352372171875 0.8289742734375001 0.4405693828125 0.7890031203125 0.39050569375 0.78516034375 0.39429565625 0.72788765 0.381589478125 0.7286306687499999 0.37017085 0.82569824375 0.4352372171875 0.8289742734375001
2 0.4093890921875 0.8665115109375 0.41671436249999994 0.8309891359374999 0.37124366875 0.8274989078124999 0.3771691875 0.758361915625 0.3609428328125 0.7605530500000001 0.34447526562499997 0.8623880296875001 0.4093890921875 0.8665115109375
1 0.39441499062499996 0.9108975218750001 0.402501275 0.8685602921875001 0.3444769453125 0.8649656359375 0.35315994375000004 0.798617778125 0.345351846875 0.7980184453125 0.3230709625 0.9062804734375 0.39441499062499996 0.9108975218750001
0 0.53580205 0.8031862296875 0.526404684375 0.7131124484375 0.4657871796875 0.723924434375 0.47350492656250004 0.8207425578124999 0.53580205 0.8031862296875
9 0.5309493515625 0.8741238859375 0.5269261734375 0.8085190453125 0.47473196875 0.8242733765624999 0.4684257359375 0.7791130953125001 0.458631259375 0.7843754 0.4622169875 0.8834538359374999 0.5309493515625 0.8741238859375
10 0.6143255265625001 0.7834387656249999 0.5919185859375 0.6983805078125 0.5328365625 0.7161836218750001 0.552796146875 0.8044906578125 0.6143255265625001 0.7834387656249999
9 0.6180436265625 0.8507385046874999 0.6039192109375 0.7895132671875 0.5531045875 0.807950965625 0.5429764578125 0.7710889062499999 0.5339463609374999 0.77469156875 0.5532991453125 0.8715436125 0.6180436265625 0.8507385046874999
7 0.7090686374999999 0.751189753125 0.67074378125 0.6717829375 0.6182461781249999 0.6918097734375 0.652439015625 0.773476896875 0.7090686374999999 0.751189753125
3 0.7057446984375 0.81880811875 0.6812139671875 0.7636573828125 0.6535118375 0.7752775609375 0.6377229296875 0.7439951015624999 0.6114003796875 0.7582986484375 0.6472829203125 0.84868705625 0.7057446984375 0.81880811875
0 0.8116741109375001 0.7015019125 0.751926465625 0.6376338968749999 0.711992584375 0.6732307875 0.7711300718749999 0.7404885984375 0.8116741109375001 0.7015019125
11 0.754221284375 0.63523256875 0.7891516078125 0.6739983890625 0.8111845578124999 0.6550697890625 0.7535825515625 0.5948031015625 0.7162485703125 0.626303759375 0.7352475328125 0.6501001937499999 0.754221284375 0.63523256875
5 0.43997010000000003 0.512362375 0.44819051718749997 0.4507907859375 0.4220485640625 0.44937100937499996 0.4100636515625 0.5106536390625 0.43997010000000003 0.512362375
12 0.4655899703125 0.5149157140625 0.4749587359375 0.450498190625 0.4493400140625 0.4497053875 0.44132911718749995 0.511879875 0.4655899703125 0.5149157140625
10 0.5169316046875 0.5159224984375 0.5221191265625 0.45353129843750006 0.4760051953125 0.451752146875 0.4666341328125 0.5126485953125 0.5169316046875 0.5159224984375