4 0.22317659843749998 0.6347943953125 0.1664914203125 0.7005352734375 0.204542846875 0.7334841421875 0.262530665625 0.6667910625 0.22317659843749998 0.6347943953125
0 0.1658301828125 0.7031453453125 0.1845904765625 0.676975509375 0.161321503125 0.6557035359375 0.0997119859375 0.7235248953125 0.139312596875 0.7623291546875001 0.1801488234375 0.7148574578125 0.1658301828125 0.7031453453125
11 0.3286544359375 0.8247483828125001 0.3637483 0.7359015656250001 0.3078349234375 0.7154017078125 0.27426096875 0.7964535171875 0.3286544359375 0.8247483828125001
6 0.2746161484375 0.799839703125 0.284317478125 0.7675314078125 0.26184765625 0.7538783484375 0.21469469062500002 0.8436408125 0.27019336875 0.8735583328125 0.2982998171875 0.8116940171874999 0.2746161484375 0.799839703125
12 0.45026090781250006 0.8564726421875 0.46618074531250003 0.7631086921875 0.4057870046875 0.7489220453125001 0.387173090625 0.8433438437499999 0.45026090781250006 0.8564726421875
10 0.38799208125 0.8466948125 0.392058715625 0.8096946296875001 0.366786184375 0.8005208218750001 0.3393201734375 0.9041476453125 0.40488479687499995 0.9230613984374999 0.4209718203125 0.8535768328125 0.38799208125 0.8466948125
3 0.5888725859374999 0.800723559375 0.569167725 0.7109178859374999 0.5087635828125 0.718917528125 0.52402775625 0.8065005203125001 0.5888725859374999 0.800723559375
9 0.5252217625 0.8089697234375001 0.5127791734375 0.7527441625 0.500433846875 0.7553881203125 0.516585965625 0.8514365765624999 0.5818058140625 0.8447778515625 0.5757772265625001 0.8051310453125 0.5252217625 0.8089697234375001
2 0.5181549890625 0.8530240171875001 0.5044692765625001 0.7849468078124999 0.48905485937500004 0.789530378125 0.5015654406250001 0.8909750656250001 0.56687408125 0.8851628890625 0.564072340625 0.8495375109375001 0.5181549890625 0.8530240171875001
1 0.5022956359374999 0.8934794875 0.4921229859375 0.8276953984375 0.484238190625 0.8282940906249999 0.49282101093749997 0.9368633203125001 0.564623015625 0.930558103125 0.560647103125 0.8881955687499999 0.5022956359374999 0.8934794875
0 0.6738880218750001 0.8045077953125 0.6391437609375 0.7184039265625 0.582301796875 0.7380791328125 0.617292603125 0.8309905875 0.6738880218750001 0.8045077953125
9 0.619503028125 0.8342359046875 0.60050755625 0.79130723125 0.592316696875 0.7979021828125 0.62386339375 0.893635015625 0.6891427578125 0.8741724453125 0.666624784375 0.8110323125000001 0.619503028125 0.8342359046875
10 0.7458978562499999 0.77344143125 0.6997160546875001 0.6941790359375 0.6463673156249999 0.7204153078125 0.6910490515625 0.8032047562500001 0.7458978562499999 0.77344143125
9 0.6923318515625 0.8065205078125001 0.671905265625 0.77223338125 0.6640006296875 0.777100025 0.71049793125 0.868284503125 0.76859341875 0.8382746546875 0.7373319796875 0.78091814375 0.6923318515625 0.8065205078125001
7 0.830401328125 0.7277738078125 0.7700879109375001 0.6564107359375 0.7238739375 0.683811840625 0.7807432453125001 0.757996290625 0.830401328125 0.7277738078125
3 0.7823122687499999 0.75958373125 0.7578691296875 0.7315746046875 0.73590183125 0.7494550640625001 0.796905765625 0.8318584546875 0.8462285109375 0.7939818359374999 0.8064011953125 0.7441020421875 0.7823122687499999 0.75958373125
0 0.9177449125000001 0.6639714765625 0.84065491875 0.61094801875 0.8112562343749999 0.6515782453125001 0.8887014046875 0.7079878859375001 0.9177449125000001 0.6639714765625
11 0.904137590625 0.6189271046875 0.8301856453124999 0.5690785296875001 0.802198234375 0.6053351515625 0.8276974703125 0.6255844953125 0.84224378125 0.6082675125 0.88771619375 0.6406529062499999 0.904137590625 0.6189271046875
5 0.49699529531250003 0.536407921875 0.48771552187499995 0.4753349375 0.461482634375 0.47790961093749995 0.466960934375 0.539271240625 0.49699529531250003 0.536407921875
12 0.5230326859375001 0.535013709375 0.514083253125 0.47100160625000004 0.4885445953125 0.47410637187500004 0.49820180625 0.5357335046875 0.5230326859375001 0.535013709375
10 0.5740493578125 0.528225971875 0.561541040625 0.4668153265625 0.5154717078125 0.47206179531250003 0.523423675 0.532652790625 0.5740493578125 0.528225971875