4 0.17475896875000002 0.5569186671875 0.10229656406250001 0.610736528125 0.1305478765625 0.6500224218749999 0.20452772656249998 0.595514275 0.17475896875000002 0.5569186671875
0 0.100963671875 0.6131676640625 0.12611284218750002 0.591039228125 0.10913393281249999 0.5659163656249999 0.031337042187500004 0.6208574375 0.059544403125 0.6661591171875 0.11177615625 0.6272792234375 0.100963671875 0.6131676640625
11 0.226981453125 0.7623063812499999 0.28457999843750004 0.6818821484375001 0.2356820671875 0.65146696875 0.18162228281249998 0.7245463187500001 0.226981453125 0.7623063812499999
6 0.1810715453125 0.7279250890625 0.19904363593750002 0.6981126468750001 0.1808255671875 0.6805920125 0.1112691046875 0.7596780125 0.1572727421875 0.7992303953125 0.20094474375 0.7439107500000001 0.1810715453125 0.7279250890625
12 0.3367323140625 0.815873640625 0.376897859375 0.72747774375 0.3219770171875 0.7024092343749999 0.2789142703125 0.791340996875 0.3367323140625 0.815873640625
10 0.2788234515625 0.7947712375 0.29256252968749996 0.7593244671875 0.27043659999999997 0.745667 0.21633868750000002 0.8419648093750001 0.27503262031250003 0.8726161781249999 0.3090433921875 0.8076143171875 0.2788234515625 0.7947712375
3 0.4861448484375 0.7870093203125 0.49075887500000004 0.6954948921875 0.42995863125 0.6921310296875001 0.4216183796875 0.7806481484375001 0.4861448484375 0.7870093203125
9 0.42212516562499997 0.7832851640625 0.4249111640625 0.72597019375 0.41221795625 0.7262698750000001 0.4025008578125 0.8232339171874999 0.46762493125000004 0.8288018671874999 0.4722564328125 0.7888954453125 0.42212516562499997 0.7832851640625
2 0.40360524687500005 0.8250777125000001 0.4083188328125 0.755937046875 0.3921308171875 0.7575658203125 0.37744833125 0.8591347812500001 0.44243471718749994 0.8655474249999999 0.4491373171875 0.8301732890625001 0.40360524687500005 0.8250777125000001
1 0.377495196875 0.8617203296874999 0.385015165625 0.7954740359375 0.377196528125 0.7945990375 0.356813365625 0.9024108312499999 0.4282386296875 0.9095440625 0.4355827875 0.8673609156250001 0.377495196875 0.8617203296874999
0 0.5677381312499999 0.8064617828125 0.556761746875 0.7157829062500001 0.4963335171875 0.7245020875 0.505748503125 0.8218870328125 0.5677381312499999 0.8064617828125
9 0.50703744375 0.8254716859375 0.4999395328125 0.7799520984375 0.4902372625 0.7848870078125 0.49555983281250005 0.884394265625 0.5641289359375 0.8774462453125 0.5589557 0.8114996328125 0.50703744375 0.8254716859375
10 0.645915771875 0.789407759375 0.6220176796875 0.7033034953125 0.563247490625 0.719089040625 0.5847551656250001 0.808366190625 0.645915771875 0.789407759375
9 0.5851242671875 0.8118479000000001 0.574349909375 0.7745178859374999 0.565382928125 0.7778148796875 0.5864335953125 0.8756418937499999 0.650813640625 0.8570437562500001 0.635615896875 0.7951358875000001 0.5851242671875 0.8118479000000001
7 0.7400939671875 0.7603827703125 0.700376959375 0.679388990625 0.6482302 0.697635978125 0.6838547937499999 0.7807520703125 0.7400939671875 0.7603827703125
3 0.684959184375 0.782595865625 0.6686218359375 0.75066399375 0.6425499109375 0.764088153125 0.680017096875 0.8560114640625001 0.7379553515625 0.828091403125 0.71245773125 0.771911665625 0.684959184375 0.782595865625
0 0.84182885625 0.71414135 0.7809613609375 0.647982596875 0.74165131875 0.682287878125 0.8019680765625001 0.7518254 0.84182885625 0.71414135
11 0.8405253546875 0.6675500249999999 0.7818666375000001 0.605078865625 0.7450846984374999 0.6353665656249999 0.7645008890625 0.6599020906249999 0.7832140953125 0.645654403125 0.8188241265625 0.6857638234375 0.8405253546875 0.6675500249999999
5 0.4668076796875 0.5113874640625 0.47394879218749997 0.44991582656249995 0.4477818390625 0.4475748984375 0.43687115 0.5086246734375 0.4668076796875 0.5113874640625
12 0.4924724203125 0.5148471109375 0.500711996875 0.45056110625 0.4750792671875 0.4488674203125 0.468158246875 0.5109511484375 0.4924724203125 0.5148471109375
10 0.54383191875 0.5176575437500001 0.5479257578125 0.45525742343750003 0.5017804421875 0.4518555984375 0.49347684531249997 0.5126096765625 0.54383191875 0.5176575437500001