3 0.7344534171875 0.5821326203125 0.7238186078125 0.595744103125 0.7067655578125 0.581188490625 0.702785571875 0.5882671515625 0.7395941953125 0.6227309140624999 0.7564904921875 0.6008901484375 0.7344534171875 0.5821326203125
11 0.7022679765625 0.5443341234375 0.6861537656250001 0.5664770875 0.72365203125 0.594379125 0.7390905562500001 0.5743324265624999 0.7022679765625 0.5443341234375
6 0.670108440625 0.621243228125 0.65979763125 0.6314032265625 0.6427724921875 0.607916703125 0.6333039484375 0.6173454109375001 0.661028203125 0.6567529000000001 0.6851946078125 0.64105415 0.670108440625 0.621243228125
10 0.6518156640625 0.575156503125 0.6298104062500001 0.5917716203125 0.6597328765625 0.6293460015625 0.681631734375 0.6103324156250001 0.6518156640625 0.575156503125
10 0.6024548109375 0.6485078953125 0.6292635609375 0.6391951765624999 0.60982305625 0.59591649375 0.5825839046875 0.606282225 0.6024548109375 0.6485078953125
4 0.6278980093750001 0.6615907828125 0.6199107921875 0.643466178125 0.6026213874999999 0.649872871875 0.5906960546875 0.6254305625 0.579964225 0.6290874015625 0.60102908125 0.6719369953125 0.6278980093750001 0.6615907828125
7 0.5635452171875001 0.6120942781250001 0.5333351453125 0.61643474375 0.5427796875 0.6602405046875 0.5741420671874999 0.65618271875 0.5635452171875001 0.6120942781250001
4 0.55540884375 0.659918021875 0.542349290625 0.661293521875 0.5367177125 0.636519346875 0.51905350625 0.6398548421875 0.52921995625 0.6849962984375 0.5609941984375 0.6812602359375 0.55540884375 0.659918021875
1 0.5074752828125 0.6136770281249999 0.47723752187499996 0.61321079375 0.4821792359375 0.65828430625 0.511838553125 0.657063840625 0.5074752828125 0.6136770281249999
11 0.47852369531249994 0.6344362578125 0.4533857390625 0.6330142375000001 0.4540884453125 0.67693750625 0.486695575 0.6800263265625001 0.47852369531249994 0.6344362578125
0 0.44015067500000005 0.61310570625 0.410995890625 0.607774209375 0.40478017499999996 0.6469106796874999 0.4356055328125 0.65524505 0.44015067500000005 0.61310570625
10 0.42190278125 0.6528766218750001 0.404081378125 0.647290965625 0.4064788828125 0.6272450265625 0.3939515484375 0.6268752609375 0.3862826390625 0.67089651875 0.41805208125000004 0.6778073484375 0.42190278125 0.6528766218750001
5 0.3774771640625 0.600268734375 0.3523440078125 0.5881998203125 0.335734421875 0.623076190625 0.360811975 0.63926931875 0.3774771640625 0.600268734375
7 0.3478450890625 0.633771128125 0.3347903359375 0.62449973125 0.3398116515625 0.6122145625 0.3282654703125 0.6076717796875 0.30762967343750003 0.6461948484375 0.33648815 0.659784528125 0.3478450890625 0.633771128125
12 0.51874545 0.53747531875 0.48978630624999997 0.538744275 0.494062271875 0.5772235421875 0.523254353125 0.5767164 0.51874545 0.53747531875