3 0.6591788703125 0.560533171875 0.6534991078125 0.567077015625 0.68123698125 0.6051530125 0.7033125124999999 0.5854731156249999 0.6862407046875 0.5645279249999999 0.6723796046875 0.5767811328125 0.6591788703125 0.560533171875
11 0.663887884375 0.5236731921875 0.6425084015625 0.54373778125 0.6725540140625 0.575415946875 0.692747321875 0.5573448875 0.663887884375 0.5236731921875
6 0.5894605312500001 0.5798247515625 0.57778686875 0.588080046875 0.59534246875 0.630028734375 0.623061496875 0.6172131859375 0.6131035671875 0.595997675 0.6004181375 0.6048813156249999 0.5894605312500001 0.5798247515625
10 0.606502990625 0.5485023578125 0.580687190625 0.562461140625 0.6008646625 0.6028443875 0.6271705875 0.586507384375 0.606502990625 0.5485023578125
10 0.5396433765624999 0.6154135640625 0.56838309375 0.60919113125 0.5599544015625 0.5643393953125 0.5305291390625 0.5715531671875 0.5396433765624999 0.6154135640625
4 0.5394689687499999 0.6167787484375 0.5337761140625 0.5913433718750001 0.5222889484375 0.5937640859375 0.5324254546875 0.6383721703125 0.5614808906250001 0.631136696875 0.5581031109375 0.61237038125 0.5394689687499999 0.6167787484375
7 0.5103179875 0.5751813 0.4794586140625 0.576121553125 0.477902034375 0.6203874328125 0.50982728125 0.619853571875 0.5103179875 0.5751813
4 0.4778106609375 0.5963122703125 0.45956893593750003 0.5976489703125 0.45839268437499997 0.6433125859375 0.490644153125 0.6431417171875 0.49043248124999994 0.621466475 0.47721649062499993 0.6213787749999999 0.4778106609375 0.5963122703125
1 0.45464882968750003 0.570539659375 0.42495461875 0.5667343140625001 0.41864442031250004 0.6117528546875 0.4481868140625 0.613830021875 0.45464882968750003 0.570539659375
11 0.42095690625 0.58781873125 0.3965274515625 0.5836345703125 0.3863235875 0.6270492437499999 0.41770301875 0.6337043 0.42095690625 0.58781873125
0 0.388418646875 0.56252755 0.3609990765625 0.5540417015625 0.3451622171875 0.5919680609375 0.37348375625 0.60360151875 0.388418646875 0.56252755
10 0.351715603125 0.5727528640624999 0.3394572734375 0.57100208125 0.3209759484375 0.6135872453125 0.3505813703125 0.6239206140625 0.360562475 0.5997487125000001 0.3443789640625 0.5922659593749999 0.351715603125 0.5727528640624999
5 0.32981664374999997 0.5429280984375 0.3080332359375 0.5282397015625 0.28300644375 0.560812909375 0.3037118890625 0.5795643125 0.32981664374999997 0.5429280984375
7 0.28972056562500004 0.55054735625 0.27946475937500004 0.5447878125 0.2495640453125 0.5805136015625 0.27464278124999997 0.5971146093749999 0.292292503125 0.5727049359375 0.2817225625 0.5621129984375 0.28972056562500004 0.55054735625
12 0.48466388125000004 0.49660205 0.45579972187499995 0.4946501890625 0.45046911874999995 0.5330888593750001 0.4793739265625 0.535818134375 0.48466388125000004 0.49660205