3 0.73605421875 0.5454557015625 0.7259280359375 0.5598971515625 0.7084177656249999 0.546605775 0.7046975625 0.5539986781249999 0.7425996390625 0.58573919375 0.7586803171875001 0.5625794078124999 0.73605421875 0.5454557015625
11 0.7026445609375 0.5100243765625 0.68735415625 0.5334277140625 0.7257142140624999 0.558542284375 0.740404328125 0.5372902015625 0.7026445609375 0.5100243765625
6 0.673273740625 0.58950875 0.6633498203125 0.6004678671875 0.6455549328125 0.5782271109375 0.6364451234375 0.588389840625 0.665463490625 0.625770809375 0.68900698125 0.60821395 0.673273740625 0.58950875
10 0.6534244171875 0.5447223640625001 0.6320675437500001 0.5630336734375 0.6632132921875 0.598411775 0.68438018125 0.5777056609375 0.6534244171875 0.5447223640625001
10 0.6067802734375001 0.6219446234375 0.633181465625 0.6105854703125 0.612286153125 0.56869915 0.5854927140624999 0.581145828125 0.6067802734375001 0.6219446234375
4 0.6326035812499999 0.6331254578125 0.6240066390625 0.615572284375 0.606994096875 0.623299490625 0.594250021875 0.5997151515625 0.5836788546875 0.604191071875 0.606178553125 0.645524553125 0.6326035812499999 0.6331254578125
7 0.5667154171875 0.588409721875 0.5367493249999999 0.59504499375 0.547697596875 0.6382160375 0.5788223734375 0.631776734375 0.5667154171875 0.588409721875
4 0.56027695625 0.63693695625 0.5473053515624999 0.6393035609375 0.540824228125 0.6149103218749999 0.523330584375 0.619589078125 0.5350452906250001 0.664043615625 0.5665919296874999 0.657895446875 0.56027695625 0.63693695625
1 0.5108718453125001 0.59423978125 0.4807099859375 0.5960616453124999 0.48721351406249996 0.6408436187500001 0.516739684375 0.6373757515625 0.5108718453125001 0.59423978125
11 0.4827348015625 0.61722861875 0.45762375781250003 0.6177068984375 0.4598609640625 0.661657409375 0.49247671718749997 0.6622835734375 0.4827348015625 0.61722861875
0 0.4437325625 0.5987637859375 0.4144801671875 0.5956294984375 0.40965258593750004 0.6353081578124999 0.4406755140625 0.64132435625 0.4437325625 0.5987637859375
10 0.426931690625 0.6399888687499999 0.4089692234375 0.6357420390625 0.41065811406249997 0.6154779015625 0.398156046875 0.616055759375 0.392050596875 0.6607381546875 0.4239649296875 0.6652567406250001 0.426931690625 0.6399888687499999
5 0.38080108125 0.5906475984374999 0.35532234375 0.5804591234375 0.3399835484375 0.6166566828125 0.36555113906250003 0.63098113125 0.38080108125 0.5906475984374999
7 0.35243144375 0.6264544453124999 0.3390921453125 0.6181542953125 0.3436683546875 0.605466521875 0.33199845625 0.60178945 0.312773309375 0.6419451625 0.34201920937499997 0.6533751859375 0.35243144375 0.6264544453124999
12 0.519441746875 0.5170453953124999 0.49061531093750005 0.5205088375 0.49622442343750006 0.5587348859375 0.5253097390625 0.5560170171875 0.519441746875 0.5170453953124999