3 0.6816112000000001 0.573294528125 0.6767651390625 0.5801246140625 0.7093828625 0.616324071875 0.728953496875 0.595492309375 0.7091964765625 0.575685059375 0.696894934375 0.5886622234375001 0.6816112000000001 0.573294528125
11 0.696894934375 0.5872962046875 0.7147880843750001 0.5681719640625 0.6816112000000001 0.5364120640625 0.6627861140625 0.5575853296875 0.696894934375 0.5872962046875
6 0.6143254953125 0.596516821875 0.6037014375 0.6053959343749999 0.6266270375 0.6460349453124999 0.652721215625 0.6316917656250001 0.6400469 0.6112015078125 0.6284909062499999 0.620763628125 0.6143254953125 0.596516821875
10 0.62867729375 0.6187146015625 0.652907603125 0.600956378125 0.627372584375 0.564415415625 0.6033286625 0.5797831109375 0.62867729375 0.6187146015625
10 0.5828260937499999 0.58285665 0.5543088828125 0.5917357609375 0.56903345625 0.634765303125 0.5969915046875001 0.6269107046875 0.5828260937499999 0.58285665
4 0.56903345625 0.6361313203125001 0.5600868796875 0.6112015078125 0.5489036609375 0.614275046875 0.5647465546875 0.657987596875 0.5928909906250001 0.649108484375 0.58711299375 0.6306672515625 0.56903345625 0.6361313203125001
7 0.507898521875 0.6433029109375 0.5397706984374999 0.6409123812499999 0.5345518609375 0.596516821875 0.5037980078125 0.59924885625 0.507898521875 0.6433029109375
4 0.50472994375 0.6193976109375 0.4866504046875 0.621788140625 0.49131007968749996 0.6672082140625 0.523555028125 0.6651591875 0.5205728374999999 0.6436444156250001 0.5073393609375 0.644327425 0.50472994375 0.6193976109375
1 0.44750913593749997 0.638180346875 0.4773310546875 0.6385218515625 0.47826299062500005 0.5951508046875 0.448068296875 0.593101778125 0.44750913593749997 0.638180346875
11 0.41712805625 0.6552555625 0.44937300625 0.6600366234374999 0.4467635875 0.614275046875 0.4217877296875 0.6115430125 0.41712805625 0.6552555625
0 0.37146324218750004 0.622812653125 0.4012851609375 0.632716278125 0.41097728437500003 0.5910527531249999 0.382460075 0.5842226671875 0.37146324218750004 0.622812653125
10 0.37556375625 0.6033469078125 0.3630758265625 0.6023223953125 0.3500287375 0.6456934421875 0.38096897812499997 0.65423105 0.387865296875 0.6296427390625 0.37071769374999997 0.6231541578125 0.37556375625 0.6033469078125
5 0.30529585937500003 0.595492309375 0.3284078453125 0.6129090296874999 0.34984234999999997 0.5750020499999999 0.3261712015625 0.5616833812500001 0.30529585937500003 0.595492309375
7 0.31070108125 0.584905675 0.2997042484375 0.5797831109375 0.2743556171875 0.6170070812499999 0.30156811875 0.63203326875 0.3161063046875 0.6067619515625 0.3041775375 0.5968583265625 0.31070108125 0.584905675
12 0.4692945296875 0.5581995125 0.4985619078125 0.5592258218749999 0.4988419796875 0.519969503125 0.4697146359375 0.5197129265625 0.4692945296875 0.5581995125