3 0.7037930296875 0.5764529171875 0.699103321875 0.5831973875 0.7325822953125 0.6199605906250001 0.75167873125 0.5994735546875 0.73144939375 0.5793245140625001 0.7194431921875 0.5920850109375 0.7037930296875 0.5764529171875
11 0.7029341015624999 0.5395760703125 0.684591584375 0.5604175687499999 0.7194113796875 0.5907192 0.7368691593750001 0.57191015 0.7029341015624999 0.5395760703125
6 0.6370105328125 0.5984973765625 0.6265873171874999 0.607189721875 0.6504721390625 0.64822265 0.676246871875 0.6343370609375001 0.663088290625 0.6136287265625 0.651748525 0.6229877109374999 0.6370105328125 0.5984973765625
10 0.6493173265625 0.5666285625 0.625617853125 0.5815742937499999 0.6518872984375 0.6209422484375 0.6757175890625 0.6036096078125001 0.6493173265625 0.5666285625
10 0.592583921875 0.635949578125 0.620374675 0.6285841109375 0.60517540625 0.5842895453125 0.5768490374999999 0.592669609375 0.592583921875 0.635949578125
4 0.5926157359374999 0.6373153874999999 0.5830835859375 0.6122332312500001 0.5719656953125 0.615111128125 0.5888354328125 0.6590935171875001 0.6167888171875 0.6507069453125001 0.610578128125 0.63216768125 0.5926157359374999 0.6373153874999999
7 0.5571923187500001 0.597105134375 0.526484903125 0.599300025 0.5316136499999999 0.6434189328125 0.5634479671875 0.6415850140625 0.5571923187500001 0.597105134375
4 0.5278865890625 0.619461975 0.50985261875 0.621536609375 0.5155726515625 0.6670310875000001 0.5477879015625 0.665545125 0.544303003125 0.6439815828125 0.5310780375 0.6444335328124999 0.5278865890625 0.619461975
1 0.5008401796874999 0.5947569500000001 0.47058089374999995 0.5921812656250001 0.47107122187500006 0.637243209375 0.5009177593749999 0.6381051265625 0.5008401796874999 0.5947569500000001
11 0.46976854531249995 0.6133285390625 0.4447151046875 0.61016103125 0.4410708171875 0.6537856015625 0.473445128125 0.6591286859375 0.46976854531249995 0.6133285390625
0 0.43342143593750004 0.589485225 0.40472922968749997 0.5821584843750001 0.39462494375 0.620550671875 0.42469416718749997 0.630973253125 0.43342143593750004 0.589485225
10 0.3982744265625 0.60115945625 0.3857556609375 0.5999171546875 0.373711315625 0.6430538921875 0.4048676734375 0.6521301828125 0.41119522656249996 0.6276659734375001 0.3938869328125 0.6208791140625001 0.3982744265625 0.60115945625
5 0.37187854374999996 0.5723700140625 0.34788399999999997 0.55864025625 0.32778434375 0.592079709375 0.35131484999999996 0.6098971375 0.37187854374999996 0.5723700140625
7 0.332946040625 0.581589021875 0.3218237671875 0.5762753171874999 0.2973278515625 0.6130512234375 0.32490549375 0.6285500453124999 0.3388632796875 0.6035363031250001 0.3266972078125 0.5934260015625 0.332946040625 0.581589021875
12 0.5196798265625 0.5199462515625 0.49053023125 0.519181371875 0.491006175 0.5576547640625 0.5203138093749999 0.559191703125 0.5196798265625 0.5199462515625