2 0.2702447125 0.6574338843749999 0.22680438593750002 0.6894785 0.24336294218750001 0.7189279875000001 0.2757970421875 0.6932517328125 0.26705748749999997 0.682892896875 0.280648409375 0.67146680625 0.2702447125 0.6574338843749999
6 0.3106881984375 0.6472066437499999 0.2698392765625 0.682941571875 0.286702446875 0.706564440625 0.33137465312500003 0.6687094296875 0.3106881984375 0.6472066437499999
5 0.316350215625 0.72530805 0.303514128125 0.71341955 0.2614400375 0.7637129140625001 0.29599736875 0.7861874015625 0.3201555453125 0.7501604234375 0.3058143328125 0.7404325671875001 0.316350215625 0.72530805
0 0.373249275 0.7109947828125 0.339740146875 0.69509958125 0.308710353125 0.738296259375 0.3377041046875 0.7606733953125 0.373249275 0.7109947828125
6 0.39537811875 0.7492896625000001 0.3741652921875 0.7467315078125 0.3565561546875 0.808387859375 0.40068403124999996 0.8164499328125 0.41351795312500006 0.7751218484375 0.3888245328125 0.7681288296875 0.39537811875 0.7492896625000001
0 0.39160632500000003 0.768177503125 0.43009446562500003 0.7775988828125 0.4467830453125 0.724674346875 0.40404606249999997 0.7166366109375 0.3950667953125 0.7463682406250001 0.397270721875 0.7485937859375 0.39160632500000003 0.768177503125
8 0.48421844218750004 0.7719849812499999 0.46432035312500003 0.7709078171875 0.4590388890625 0.8364248468750001 0.5078344546875 0.835091671875 0.5098077562500001 0.7884705984375 0.4850829640625 0.790953946875 0.48421844218750004 0.7719849812499999
1 0.4862006140625 0.787328534375 0.532525709375 0.788868109375 0.5261088546875 0.734081296875 0.48530926250000006 0.7333673984375 0.4862006140625 0.787328534375
5 0.5754329546875 0.7670200796875 0.5559671296875 0.7754273984375 0.57610255 0.8340992234375 0.6210233390625 0.8181183765625001 0.603645046875 0.7777196375 0.583328109375 0.784654078125 0.5754329546875 0.7670200796875
5 0.5840202031249999 0.780292225 0.6222597640624999 0.767839440625 0.6011657078125 0.7186277609375 0.5613448671875 0.7346978453124999 0.5840202031249999 0.780292225
6 0.652794553125 0.73411101875 0.6364979953125001 0.7440317828125 0.673279371875 0.794975940625 0.7064503531249999 0.77295755 0.6813874109375 0.7375273046874999 0.6672567046875 0.7504019359375 0.652794553125 0.73411101875
1 0.6416786390625 0.698195821875 0.6256553296875 0.7117663328125 0.6674090125000001 0.7474886265625 0.694826025 0.729014521875 0.6729771375 0.7031174359375 0.6560265609375 0.7166717203124999 0.6416786390625 0.698195821875
7 0.655289684375 0.7130138609375 0.6827447734375001 0.693811428125 0.655554059375 0.654698984375 0.6158541578125 0.677332128125 0.655289684375 0.7130138609375
7 0.7405083546875 0.698467125 0.715649215625 0.6768913265625 0.7055388812500001 0.692752284375 0.75265905625 0.7234655234375 0.771723990625 0.69609735 0.7547152171875 0.6841358375000001 0.7405083546875 0.698467125
1 0.7108225109374999 0.680451840625 0.7162270765625001 0.6747144578125 0.7407368171875001 0.6940971593749999 0.7598084593750001 0.67547703125 0.7424122093750001 0.6620507484375 0.732841665625 0.6764631609375 0.7060899187499999 0.65558324375 0.6950904015625 0.6706996453125 0.7108225109374999 0.680451840625
9 0.7326064953125 0.672085084375 0.7516400609375 0.6541932828125 0.708076634375 0.626458253125 0.6868077703125001 0.65160088125 0.7011870625000001 0.6606004109375 0.7067820140625 0.6512213906250001 0.7326064953125 0.672085084375
3 0.4905863984375 0.5614172015625 0.4582464078125 0.558664346875 0.45066474218749997 0.59716835625 0.48864446875 0.5985619062499999 0.4905863984375 0.5614172015625