2 0.27165015625 0.69340775 0.2853082171875 0.6830270390625001 0.2749856046875 0.6682297312500001 0.23135671093750002 0.6969400734375 0.24774483749999998 0.7275949640625 0.28032991093750004 0.7044109515625 0.27165015625 0.69340775
6 0.315490621875 0.66107589375 0.27443180312500004 0.6936666375 0.29115844375 0.71852710625 0.336053071875 0.684108634375 0.315490621875 0.66107589375
5 0.32435969375 0.7645833734374999 0.310074328125 0.7537867015625 0.320698709375 0.7394824390625 0.307931109375 0.7266423015625 0.26556239062500003 0.7736759609375 0.2999907671875 0.7987274375 0.32435969375 0.7645833734374999
0 0.3776838953125 0.72949295625 0.344265509375 0.7110896515625 0.31298292031249997 0.75187268125 0.3418480046875 0.7764063812499999 0.3776838953125 0.72949295625
6 0.41758166875 0.7965632265625 0.3929276640625 0.7877145156250001 0.3995911484375 0.7694004078125001 0.37839212031249997 0.7652427 0.3604235140625 0.8254708875000001 0.404506740625 0.836856109375 0.41758166875 0.7965632265625
0 0.3992967984375 0.766460046875 0.40148789375 0.768848696875 0.3957093140625 0.787973403125 0.434144615625 0.8002894578124999 0.4511418375 0.748709759375 0.40844943437500003 0.7374539812500001 0.3992967984375 0.766460046875
8 0.5137987203125001 0.81716996875 0.489058234375 0.8177803484374999 0.48830398593749996 0.7987758734375 0.46841115312500003 0.7961962140625001 0.462748390625 0.8612109125 0.51155418125 0.8635685203125 0.5137987203125001 0.81716996875
1 0.4901970234375 0.814245128125 0.536515515625 0.8192842125 0.5304169609375 0.764098515625 0.489619453125 0.760301509375 0.4901970234375 0.814245128125
5 0.6077032953125 0.8135295234375001 0.587345 0.8189171984374999 0.579552 0.8007141140625 0.560036290625 0.8076366937499999 0.5798315125 0.8677383390625 0.6248475203125 0.85517840625 0.6077032953125 0.8135295234375001
5 0.5880624953125 0.8146145296875 0.6263764187499999 0.8050720421875001 0.6055674953125 0.7543431921875 0.5656511765625 0.76737775 0.5880624953125 0.8146145296875
6 0.6856833515625 0.779277334375 0.6714770531250001 0.7910635046875 0.6571089125 0.77370495625 0.64075383125 0.7823781765625 0.6772407953124999 0.8360226609374999 0.7105415125000001 0.816546459375 0.6856833515625 0.779277334375
1 0.6774727703125001 0.7442858328125 0.6604425078125 0.75653741875 0.6462013109375 0.7370059640625 0.6300982640624999 0.7493438453125 0.6716463125 0.788166290625 0.6991721578125001 0.771793834375 0.6774727703125001 0.7442858328125
7 0.6597268640625 0.7528296109375 0.687295025 0.735732846875 0.6603304 0.6946264671875 0.6204968562500001 0.7142229015625 0.6597268640625 0.7528296109375
7 0.7762654609374999 0.7447415281249999 0.7593253890625 0.7315130625 0.745034459375 0.7447478390625 0.7202995375000001 0.72132676875 0.71009645 0.736398484375 0.7570403906250001 0.7706254343750001 0.7762654609374999 0.7447415281249999
1 0.71545188125 0.7245168078125 0.7208900890625001 0.71919700625 0.7452883484374999 0.74040201875 0.7644692484375 0.7232529015625 0.7471501984375 0.7085326796875 0.73749535 0.7221989343749999 0.7108636796875001 0.6993295796875 0.699775690625 0.7135906921874999 0.71545188125 0.7245168078125
9 0.7059313953124999 0.7039682234375 0.711581178125 0.6950269078125 0.73728563125 0.7178099671875 0.756424215625 0.7013851515625 0.7130198796875 0.670400596875 0.6916037140625 0.693895853125 0.7059313953124999 0.7039682234375
3 0.49589687656250003 0.589020775 0.46357125625 0.5838275203125 0.4557652765625 0.6216978171875 0.4937388234375 0.6259602390625 0.49589687656250003 0.589020775