2 0.3047006609375 0.70329760625 0.2667786671875 0.7400001015625 0.28798745000000003 0.767169778125 0.3160175953125 0.738036975 0.3056640671875 0.728818659375 0.317301484375 0.7159522375 0.3047006609375 0.70329760625
6 0.34318472187500004 0.6884964953125 0.3084330015625 0.72854363125 0.3289996421875 0.749921834375 0.367202471875 0.707336190625 0.34318472187500004 0.6884964953125
5 0.36146461875 0.7649948625 0.34679715 0.754741225 0.31318929375 0.8093128843749999 0.3511319890625 0.8275013609374999 0.3692700953125 0.78910440625 0.3534589640625 0.7811600875 0.36146461875 0.7649948625
0 0.415619196875 0.744245803125 0.3797833765625 0.73243521875 0.3559870953125 0.7787132546875 0.388391921875 0.797451790625 0.415619196875 0.744245803125
6 0.44379054843750004 0.77950679375 0.4223212421875 0.7794435546875 0.4148378140625 0.8423989593749999 0.4599434546875 0.8452378218750001 0.4659824578125 0.8029192843749999 0.44033963125 0.7988791453124999 0.44379054843750004 0.77950679375
0 0.44310856718749997 0.798604115625 0.48283687343750004 0.8034409078125 0.490822021875 0.749218553125 0.4471008484375 0.746242175 0.4430079875 0.7766568953124999 0.44555623750000006 0.7785995078125 0.44310856718749997 0.798604115625
8 0.5356472171875 0.7916082531249999 0.5157229109375 0.7928553671875 0.52110103125 0.8581928078125 0.569316596875 0.8512079796875 0.5637179859375 0.804922021875 0.5395801296875 0.8102471921875001 0.5356472171875 0.7916082531249999
1 0.54010176875 0.8065358421875001 0.586330959375 0.8026759437500001 0.5710811109375 0.7492976390625 0.530470059375 0.7533314109375 0.54010176875 0.8065358421875001
5 0.625376696875 0.77610853125 0.6074188484375 0.786675115625 0.6369147093749999 0.8422979421875001 0.6789100328125001 0.8212928125 0.6551127734375 0.7834016359375 0.6360714109375001 0.7926120265625001 0.625376696875 0.77610853125
5 0.6360512953125 0.7882225828125 0.6719871093750001 0.7714788593749999 0.643073234375 0.7253130171875 0.6061542906249999 0.745813925 0.6360512953125 0.7882225828125
6 0.6968268671875 0.73461196875 0.6822599796875 0.7463055546875 0.7270250203125 0.7923607640625 0.756379484375 0.76675595625 0.7257602671875001 0.7346657328124999 0.7138218968750001 0.7490258609375 0.6968268671875 0.73461196875
1 0.679972059375 0.7004226640625 0.6662679984375 0.7156900796875 0.7135008265625 0.7461301234375 0.7377187562499999 0.724695046875 0.7118349328125 0.7016492609375 0.6972078921875 0.7170083546875 0.679972059375 0.7004226640625
7 0.6958835765625 0.7134803625 0.7200212390625 0.6913213500000001 0.686693240625 0.655840646875 0.65095819375 0.682811125 0.6958835765625 0.7134803625
7 0.7781087296875 0.6892112312500001 0.7499375765625 0.6707840828125 0.742473675 0.687627403125 0.7942210125 0.7124956859375 0.8087074390625 0.6832443234375 0.7898865671874999 0.673403234375 0.7781087296875 0.6892112312500001
1 0.774095353125 0.6530145140625 0.7669324093750001 0.6683641296875 0.736995565625 0.65084426875 0.7285284203125 0.66705533125 0.7457240203125 0.6748621359375 0.7501582609375 0.668566440625 0.777627125 0.684867625 0.7935382484375 0.6642576375 0.774095353125 0.6530145140625
9 0.7659893140625 0.6640663609375 0.7819807062499999 0.644180309375 0.7342463546875 0.6218410578125 0.7172116796875 0.6491498078125 0.7329425453125 0.65637019375 0.73697545 0.646454825 0.7659893140625 0.6640663609375
3 0.5078350109375 0.5828496203125 0.47528996250000005 0.583886503125 0.4740062703125 0.62280508125 0.5119286546875 0.619770271875 0.5078350109375 0.5828496203125