2 0.340966028125 0.7050298421875001 0.306860421875 0.7457912624999999 0.3306508453125 0.770522940625 0.3556619453125 0.7383970265625 0.34444810000000003 0.73035463125 0.35475583125 0.716248259375 0.340966028125 0.7050298421875001
6 0.37779645 0.6860306109375001 0.34717616093750003 0.7297747640625001 0.36975497343749997 0.74880628125 0.403558325 0.7021514109375 0.37779645 0.6860306109375001
5 0.4035499015625 0.760240753125 0.387941065625 0.75164311875 0.35989511875 0.8097343218749999 0.399448740625 0.8236683062499999 0.41370067343750005 0.7834033546875 0.3971821625 0.777233215625 0.4035499015625 0.760240753125
0 0.4553853 0.7335838421875 0.41855876406250003 0.72577260625 0.39945586875 0.7745157875 0.4335533734375 0.789609503125 0.4553853 0.7335838421875
6 0.4869039296875 0.7656093859374999 0.4655344546875 0.7679174718749999 0.464312803125 0.8314776796875 0.509476265625 0.8293250125 0.5113011249999999 0.7864885296875 0.48538553125000006 0.7852946484375 0.4869039296875 0.7656093859374999
0 0.4881135921875 0.7847147828125001 0.528123834375 0.7851468890625 0.5307082203125 0.73023356875 0.4869087875 0.732096303125 0.48584344843749994 0.7628559484374999 0.48857118593750004 0.7645102890625 0.4881135921875 0.7847147828125001
8 0.5795032625000001 0.76752344375 0.55980071875 0.7709666375 0.571612590625 0.835480046875 0.6188992796874999 0.8231948125 0.608751746875 0.77769015625 0.5852596921875 0.7856623953125 0.5795032625000001 0.76752344375
1 0.5854117890625 0.7819065046875 0.6310308984375 0.772954575 0.6105785499999999 0.721448440625 0.5705670109375001 0.7299531546875 0.5854117890625 0.7819065046875
5 0.6672568140624999 0.742168440625 0.6504324859375 0.754681109375 0.685282384375 0.8068505109374999 0.724993290625 0.7812813171874999 0.6975670765624999 0.7461517671875 0.679530490625 0.757432684375 0.6672568140624999 0.742168440625
5 0.6790764625000001 0.7530609187499999 0.7131791515625 0.732407346875 0.6798434375 0.6895973546875 0.6451339734375 0.714103459375 0.6790764625000001 0.7530609187499999
6 0.7342509078125 0.6929269312499999 0.7209122171875 0.7061881296875 0.7700098359374999 0.7471372515625 0.79668754375 0.718380653125 0.7630466593749999 0.6897850562500001 0.7525871546875 0.7054131109374999 0.7342509078125 0.6929269312499999
1 0.7140988703125 0.6607194828125 0.701972109375 0.6774466343750001 0.7519813515625 0.7025630296875 0.77396019375 0.6785287656250001 0.745925584375 0.658422778125 0.73288946875 0.6753432203124999 0.7140988703125 0.6607194828125
7 0.7312228625 0.6719739109375 0.753050253125 0.6472271234375 0.7163787328125 0.61555215 0.6834870046875 0.6463742921875 0.7312228625 0.6719739109375
7 0.8106420812499999 0.6387091640625 0.78078811875 0.623458165625 0.7750265046875 0.6410665046874999 0.8289770328125 0.660132165625 0.8404996109375 0.6293839 0.8207986859374999 0.62165606875 0.8106420812499999 0.6387091640625
1 0.7769986078125 0.6279872125 0.7807884421875 0.621223959375 0.8097333750000001 0.634434040625 0.8235280421875 0.612139378125 0.8030695375000001 0.603083146875 0.7974597015625 0.6191697984375 0.7659384796875 0.6050179 0.7591160640625 0.6221070046875 0.7769986078125 0.6279872125
9 0.79609631875 0.614991321875 0.8100424343749999 0.5934091765625 0.7603351234375 0.576420440625 0.746084809375 0.605514365625 0.762451871875 0.6109719874999999 0.765484453125 0.6006461328125 0.79609631875 0.614991321875
3 0.53118719375 0.562571509375 0.4989054796875 0.567199065625 0.5014762578124999 0.606122378125 0.5389111890625 0.5989100484375001 0.53118719375 0.562571509375