2 0.2642081515625 0.7005864546875 0.2781132875 0.69111098125 0.2681312703125 0.6756958625 0.22381675156249997 0.7015275703125 0.23949733437499998 0.73314230625 0.27263502968750003 0.712113359375 0.2642081515625 0.7005864546875
6 0.308818665625 0.6711573953125 0.2669848515625 0.70102275 0.2831390296875 0.7268817265624999 0.3288527125 0.6954396875 0.308818665625 0.6711573953125
5 0.3152806 0.77492960625 0.3012411171875 0.763249578125 0.3122027671875 0.74966774375 0.29972923125 0.7360474531250001 0.25624864375 0.780229496875 0.2901070015625 0.8074127421874999 0.3152806 0.77492960625
0 0.36944278750000004 0.74335751875 0.3364399859375 0.7228676515625 0.3041954171875 0.7615274640624999 0.3325003734375 0.787838115625 0.36944278750000004 0.74335751875
6 0.4077940953125 0.8127867390624999 0.3833365703125 0.8023848375 0.39042916562499996 0.78455120625 0.36931871250000003 0.7790478546874999 0.34994044999999996 0.8379486203125 0.3937756921875 0.85212406875 0.4077940953125 0.8127867390624999
0 0.390203178125 0.7816006078125 0.3923394984375 0.7841226015625 0.3861132734375 0.8028211328125 0.42427670937500006 0.8175629296875 0.44248179375 0.7672230890625 0.400034903125 0.7532657890625 0.390203178125 0.7816006078125
8 0.5035687015625 0.839495928125 0.478804365625 0.8385198562499999 0.47849242031249994 0.8195227671875 0.45865191875000005 0.8156765015625 0.4514728203125 0.8801379562499999 0.5002427093749999 0.8856147359375001 0.5035687015625 0.839495928125
1 0.48002592968749996 0.8350679359375001 0.5262451046875001 0.84305901875 0.5214293984375 0.7876444328125001 0.48070443125000006 0.7812454140625 0.48002592968749996 0.8350679359375001
5 0.5975946249999999 0.8418808734375001 0.577102928125 0.8459487828125001 0.5697308265625 0.8272998921875001 0.5500462984375 0.832952175 0.5684495171874999 0.89414559375 0.6137755625 0.8845058109374999 0.5975946249999999 0.8418808734375001
5 0.5779209078124999 0.841704678125 0.6164719859375001 0.8346442203125 0.5968363875 0.7827311953125 0.5566009625 0.79317085625 0.5779209078124999 0.841704678125
6 0.6764027484375 0.8127238 0.6619164296875 0.8235654953125 0.64794695625 0.80533751875 0.631383515625 0.8129377546875001 0.6666353593750001 0.8687620671875 0.700402625 0.851475903125 0.6764027484375 0.8127238
1 0.6690038890625 0.7773089453125 0.651681665625 0.788433815625 0.6378897921875 0.768047428125 0.6214931375 0.77931773125 0.6621532265625001 0.8206876140625001 0.6900710890624999 0.8061262078125001 0.6690038890625 0.7773089453125
7 0.651052096875 0.784691034375 0.6790291578125001 0.76941015625 0.6530113609375 0.726697121875 0.612705925 0.7436847296875 0.651052096875 0.784691034375
7 0.767824434375 0.7840911187499999 0.7511858453125 0.769816384375 0.7365811250000001 0.7820970218750001 0.7123820249999999 0.7571602828125 0.701823959375 0.77153430625 0.7479890671875 0.808667775 0.767824434375 0.7840911187499999
1 0.7074581906249999 0.7600304734375001 0.7130224078125 0.7550745890624999 0.7369363234375 0.7777801984375 0.756524078125 0.7619099031250001 0.73954110625 0.7461235109375 0.7295642234375 0.7591313093750001 0.7034547875 0.734623178125 0.692030353125 0.7481322968749999 0.7074581906249999 0.7600304734375001
9 0.6984125546875 0.738932309375 0.70427276875 0.7303790734375 0.7294566375 0.754741771875 0.7489851937500001 0.7395909453125 0.70628555625 0.7059170859375 0.68431386875 0.7279717484375 0.6984125546875 0.738932309375
3 0.490973265625 0.6108687203125001 0.458756003125 0.603620184375 0.45006502031249995 0.6408795125 0.4879540859375 0.6475617015624999 0.490973265625 0.6108687203125001