2 0.3288453484375 0.7173552578125 0.2931187875 0.754501409375 0.31587602812500004 0.7814261890624999 0.342166765625 0.7519653203125001 0.33129278281249996 0.7428668296875001 0.3421631484375 0.7298641515625001 0.3288453484375 0.7173552578125
6 0.3664079359375 0.7021054328125 0.3340413953125 0.7425595687500001 0.3558203859375 0.7636999546875 0.39148490156250004 0.7206669875 0.3664079359375 0.7021054328125
5 0.389112171875 0.7783963140625 0.3738707046875 0.768312621875 0.3434916859375 0.82327895625 0.38243400312500003 0.8410272531249999 0.3983088578125 0.802416684375 0.382059928125 0.7946557703125 0.389112171875 0.7783963140625
0 0.4419746546875 0.757015834375 0.405507175 0.745621353125 0.384441696875 0.7921793593750001 0.4178867890625 0.8105421765624999 0.4419746546875 0.757015834375
6 0.4721546015625 0.7919514750000001 0.4507150484375 0.7921379984375 0.446907775 0.855184725 0.492108415625 0.8574990359375001 0.49567474375 0.815107375 0.46983668281249996 0.8113652859375 0.4721546015625 0.7919514750000001
0 0.472585296875 0.8110580234375 0.512533271875 0.8154329562499999 0.51734981875 0.761114034375 0.47352348437499997 0.7586460921875 0.4712073734375 0.7891104875 0.47386472968750004 0.7910235859375 0.472585296875 0.8110580234375
8 0.5645726171875001 0.8029851203125 0.5447519328125 0.8044641125 0.55392483125 0.8697434093749999 0.6016587375 0.8621971828125 0.593374640625 0.8159732265624999 0.5695843390625 0.8215795671875 0.5645726171875001 0.8029851203125
1 0.5698891359375 0.8178618984374999 0.6158216546874999 0.8134639234375 0.59748851875 0.760259415625 0.557175509375 0.7647659171875001 0.5698891359375 0.8178618984374999
5 0.653260153125 0.7864404656249999 0.6359453296875001 0.7972166796875 0.66863294375 0.8525001281250001 0.7093402015625 0.831005015625 0.6833744375 0.793388121875 0.664898846875 0.8028206578124999 0.653260153125 0.7864404656249999
5 0.6646232609375 0.7984311515625 0.6995284953125 0.781268228125 0.667972434375 0.7354356359375 0.6323043 0.7563674359375 0.6646232609375 0.7984311515625
6 0.722183625 0.744109865625 0.7083200828125 0.755973709375 0.755696184375 0.801511253125 0.783514534375 0.7755632109375 0.751075096875 0.743827028125 0.739991190625 0.7583270171875001 0.722183625 0.744109865625
1 0.70336498125 0.710114328125 0.690570946875 0.72554220625 0.7395020671875 0.75543481875 0.7624345921875 0.733716546875 0.73524963125 0.7109703281249999 0.7215393890625 0.726500625 0.70336498125 0.710114328125
7 0.7200117796875001 0.7229878015625 0.7428220234375 0.7005464781249999 0.7074806703125 0.6654511015625 0.6733711703124999 0.6928391375 0.7200117796875001 0.7229878015625
7 0.800696225 0.6977604453125 0.7714963390625 0.6796597828125 0.7650244765624999 0.696591078125 0.8181387546875 0.7208590312500001 0.8308999625 0.6914371578125 0.8115355718749999 0.6818143578125 0.800696225 0.6977604453125
1 0.7945821671875 0.66160796875 0.788323846875 0.677041953125 0.7574138296874999 0.659869184375 0.74990348125 0.6761798484375 0.767526721875 0.6837871343749999 0.7715875984375 0.677439425 0.7999625390625 0.6934221468749999 0.814649221875 0.672625659375 0.7945821671875 0.66160796875
9 0.78713205625 0.6727548671875 0.8019410203125 0.652681428125 0.752980684375 0.6308959921875 0.737562125 0.6584047671875 0.753688775 0.6654426328125 0.7571382453125 0.6554796765625001 0.78713205625 0.6727548671875
3 0.52465233125 0.5945359140625001 0.492218321875 0.5959514859375 0.4932019953125 0.6348876328124999 0.530888671875 0.631411440625 0.52465233125 0.5945359140625001