2 0.271048034375 0.6874104109375 0.2292702765625 0.72014521875 0.24737397187500001 0.749242825 0.278475190625 0.7230549796875 0.2691912453125 0.712870815625 0.28218876875 0.7012317734375 0.271048034375 0.6874104109375
6 0.290080121875 0.7361489031249999 0.3327862734375 0.6975945734375 0.3109690015625 0.6764988078124999 0.271976428125 0.712870815625 0.290080121875 0.7361489031249999
5 0.32071714375 0.75433490625 0.307255421875 0.7426958640625 0.267798653125 0.793616675 0.30354184375000004 0.8154398796875 0.3258233140625 0.7790678718749999 0.3109690015625 0.76961115 0.32071714375 0.75433490625
0 0.31375418437499997 0.7674288296875 0.343927009375 0.7892520328125 0.376885015625 0.7390586625 0.3425344171875 0.72378241875 0.31375418437499997 0.7674288296875
6 0.40102327656250003 0.7768855515624999 0.37967020156250003 0.77470323125 0.36528008437500004 0.8365356453125001 0.40984302499999997 0.8438100468749999 0.4205195625 0.8023459562499999 0.39545290781250003 0.7957989953125 0.40102327656250003 0.7768855515624999
0 0.3982380921875 0.7957989953125 0.4372306640625 0.804528278125 0.45115658437499995 0.7514251453125 0.40798623593750005 0.74415074375 0.40055907812499997 0.773975790625 0.40288006562499995 0.7761581125 0.3982380921875 0.7957989953125
8 0.4910775515625 0.797981315625 0.4711170671875 0.797253875 0.469260278125 0.8627234921875001 0.5180009937500001 0.8605411703125 0.517536796875 0.813985 0.492934340625 0.8168947609374999 0.4910775515625 0.797981315625
1 0.5309985171875 0.7594269875 0.49014915625000005 0.7594269875 0.49386273437500006 0.813257559375 0.5402824640625 0.813985 0.5309985171875 0.7594269875
5 0.5820602203125 0.7914343546875 0.5630281312500001 0.8001636375000001 0.5862379953125 0.8583588499999999 0.6303367390625 0.8416277265625001 0.610840453125 0.8016185171875 0.59087996875 0.80889291875 0.5820602203125 0.7914343546875
5 0.6052700859375 0.7426958640625 0.5662775124999999 0.7594269875 0.591344165625 0.804528278125 0.6289441484375 0.7914343546875 0.6052700859375 0.7426958640625
6 0.6577243796875 0.757244665625 0.641941671875 0.7674288296875 0.681398440625 0.8176222015624999 0.7134280546875 0.79507155625 0.6865046109375 0.760154428125 0.673042890625 0.77324835 0.6577243796875 0.757244665625
1 0.6447268546875 0.7216000984375001 0.6294083453125 0.7354214609375 0.673042890625 0.7703385890625001 0.6995021359375 0.7514251453125 0.676292271875 0.7259647390625 0.660045365625 0.7397861015625 0.6447268546875 0.7216000984375001
7 0.6563317875 0.6779536890625 0.6178034125 0.7012317734375 0.659116971875 0.7361489031249999 0.6855762171875 0.7165080171875 0.6563317875 0.6779536890625
7 0.743600878125 0.72014521875 0.71760583125 0.699049453125 0.708321884375 0.7150531375 0.7570626 0.744878184375 0.7747020984375 0.71723545625 0.7570626 0.705596415625 0.743600878125 0.72014521875
1 0.743600878125 0.7157805765624999 0.7617045734375 0.6968671328125 0.743600878125 0.683773209375 0.73478113125 0.6983220125 0.7069292921875 0.6779536890625 0.6967169515625 0.69322993125 0.7129638578125 0.7026866546874999 0.718070028125 0.6968671328125 0.743600878125 0.7157805765624999
9 0.7343169328125 0.6939573718750001 0.752420628125 0.6757713671875 0.707393490625 0.64885608125 0.68743300625 0.6743164875 0.7022873203125 0.6830457703125 0.707393490625 0.6735890484375 0.7343169328125 0.6939573718750001
3 0.4483714 0.6241231171875 0.48643557812499993 0.62485055625 0.48643557812499993 0.58775110625 0.4539417671875 0.5855687875 0.4483714 0.6241231171875