2 0.21191120156249998 0.7432845015625 0.1997831578125 0.7337254140625 0.15336165 0.7827551578125 0.18958299843749998 0.8017297015624999 0.2137295984375 0.773240434375 0.197143509375 0.7631251453125001 0.21191120156249998 0.7432845015625
12 0.27032350625 0.7329802953125 0.23621547656250003 0.7167241093750001 0.202069478125 0.761694153125 0.23516282031250002 0.7809602921875001 0.27032350625 0.7329802953125
1 0.33435379374999996 0.8222466078125 0.3175362953125 0.8170118328125 0.3006122046875 0.8875865109375001 0.34878859375000004 0.8908697625 0.3582259046875 0.852090246875 0.328270784375 0.8480801765624999 0.33435379374999996 0.8222466078125
8 0.3807906234375 0.7965383609375001 0.34066820937500003 0.791532521875 0.3310834359375 0.8439308234375 0.3804372984375 0.85390683125 0.3807906234375 0.7965383609375001
5 0.36131304375 0.7896079874999999 0.38235207187500003 0.7925056484375 0.38275648125 0.812875509375 0.4044999515625 0.8166792921875 0.4136116890625 0.7584943515625 0.3662185796875 0.7570816625 0.36131304375 0.7896079874999999
7 0.4658241796875 0.8342855046875 0.4169484578125 0.8378699656249999 0.4168214328125 0.8825840875000001 0.4696084359375 0.8805785875 0.4658241796875 0.8342855046875
10 0.46336485468750005 0.7810663890625 0.41840041718750004 0.7862298140624999 0.417805465625 0.83293113125 0.46683886562500004 0.8312755484375 0.46336485468750005 0.7810663890625
7 0.4795771859375 0.8174548140625 0.4700354921875 0.8164007265625 0.48274605781249996 0.8793538859375 0.5348235171875 0.86866843125 0.5258869890625 0.8364606890624999 0.48256283906249997 0.8385558390625001 0.4795771859375 0.8174548140625
7 0.5196689484375 0.7758176578125 0.47267003125 0.7792271625 0.4842031265625 0.8354875640625 0.5307341203125 0.8340652593750001 0.5196689484375 0.7758176578125
9 0.5576882624999999 0.7936528046875 0.5338416921875 0.8026783296875 0.5602366437499999 0.8633840265625 0.608008621875 0.846297415625 0.5853774953124999 0.80078946875 0.5697425765624999 0.8100212843750001 0.5576882624999999 0.7936528046875
7 0.585809659375 0.7443854375 0.54155476875 0.7582288171875 0.569506059375 0.8071279656250001 0.6107117828125 0.794540621875 0.585809659375 0.7443854375
2 0.4440062953125 0.5982311703125001 0.4063125546875 0.599801446875 0.407121375 0.6405411703125 0.446297725 0.633973740625 0.4440062953125 0.5982311703125001