2 0.15241359062499998 0.6483437249999999 0.1435736140625 0.6364448578124999 0.08515701249999999 0.6748891125 0.11430705625 0.7010338359375 0.14555027812500002 0.6781075515625 0.13261179218750002 0.6647361265625 0.15241359062499998 0.6483437249999999
12 0.211165540625 0.6503810765625 0.18325365 0.6273423859375 0.1377277609375 0.6643566078124999 0.1638063125 0.69013698125 0.211165540625 0.6503810765625
1 0.24669744374999997 0.7512617890625 0.23213675625 0.7426298640625 0.19570975625 0.8083422265625 0.24078378281249999 0.82158009375 0.2609314109375 0.7855009921875 0.23347045624999999 0.7753388109375 0.24669744374999997 0.7512617890625
8 0.298433203125 0.7356983015624999 0.2615466375 0.7224452625 0.2373482734375 0.7718532625 0.28162553125 0.79190131875 0.298433203125 0.7356983015624999
5 0.2818184828125 0.724849953125 0.301082421875 0.732067015625 0.295620621875 0.75213323125 0.3152972796875 0.7603856375 0.3407051296875 0.7052027921875 0.2958422390625 0.6939627421875 0.2818184828125 0.724849953125
7 0.368817678125 0.790407609375 0.3211039875 0.7837613203125 0.3081454671875 0.8275979140624999 0.3591417828125 0.8366063671875 0.368817678125 0.790407609375
10 0.3817475328125 0.7376901421875 0.337316471875 0.73340601875 0.3233404875 0.7790946890625 0.37065101718750004 0.7876659265625 0.3817475328125 0.7376901421875
7 0.3867861359375 0.776756890625 0.377974821875 0.7737389015625 0.37204205 0.838136625 0.4248525984375 0.8384828125 0.42556337187500004 0.805029996875 0.3835799484375 0.7980770609375 0.3867861359375 0.776756890625
7 0.4370343859375 0.7442483906249999 0.391163590625 0.7378207109375 0.3860275875 0.7954082453125 0.43088092187499993 0.8036880046875 0.4370343859375 0.7442483906249999
9 0.46822890624999997 0.769649246875 0.44286020156249994 0.7735446593749999 0.45064357499999996 0.8385830359374999 0.5011794015625 0.8317546874999999 0.492627925 0.7824073734375 0.47504351875 0.7882125624999999 0.46822890624999997 0.769649246875
7 0.5092340171874999 0.7271668296875 0.4629887234375 0.7315449734375 0.47564826250000003 0.7853251390625 0.5186204828125 0.781545121875 0.5092340171874999 0.7271668296875
2 0.41574785781249995 0.5543099796875001 0.3792931171875 0.548012865625 0.3683695171875 0.5881453 0.4076750578125 0.58984865 0.41574785781249995 0.5543099796875001