2 0.27193957343749997 0.73641868125 0.258964834375 0.7276639921875 0.21726273906250002 0.779510575 0.2551226375 0.796112028125 0.2765367734375 0.7661666968749999 0.2590677328125 0.7571424343750001 0.27193957343749997 0.73641868125
12 0.32919134375 0.7224127265625 0.293690175 0.7083862437499999 0.26384358125 0.7554009890625 0.298613428125 0.772493065625 0.32919134375 0.7224127265625
1 0.40129903593750005 0.8073134265625 0.38405315 0.803169528125 0.3737493078125 0.8746098296874999 0.42206392499999995 0.8748039453124999 0.42786305 0.8355399765625 0.3976389546875 0.8334566953125 0.40129903593750005 0.8073134265625
8 0.44518468593750005 0.7787159703125 0.4047359640625 0.776289790625 0.4000560734375 0.8291402796874999 0.4501663296875 0.8359314078125 0.44518468593750005 0.7787159703125
5 0.42513029375 0.7730516781250001 0.446365784375 0.77459580625 0.4486626484375 0.7948774656250001 0.47068438281249997 0.7972799171875 0.4743548765625 0.7386907359375 0.4269947375 0.74031139375 0.42513029375 0.7730516781250001
7 0.5334329125 0.8109128328124999 0.4850599046875 0.8176101046875001 0.48909054375 0.8621954671875001 0.541508078125 0.8568223421875001 0.5334329125 0.8109128328124999
10 0.5260341484375 0.7580138140625 0.48170566406250004 0.7660352328125 0.48545475937499993 0.8126316156250001 0.534164234375 0.8078472390625 0.5260341484375 0.7580138140625
7 0.545573428125 0.7932546734375 0.5359668140625 0.7928136453125 0.5544862875 0.8547617265625 0.605389728125 0.8407805703125 0.5934897171875 0.8092425796875 0.5505105671875 0.8141002828125 0.545573428125 0.7932546734375
7 0.5816550421875 0.7491825984375 0.5351360640625 0.755585496875 0.5518598984375 0.8109365640625 0.5980973328125 0.8065446875 0.5816550421875 0.7491825984375
9 0.6212007374999999 0.764533228125 0.598275978125 0.775055225 0.6302234375 0.833888115625 0.6762411890625 0.8138005703125 0.6494574921875 0.7698783515625001 0.6347350953124999 0.7800811765625 0.6212007374999999 0.764533228125
7 0.6446440796874999 0.7136193625 0.6018296890625 0.7302488171875 0.6342303968749999 0.7772118328125 0.6741229703125 0.76202945 0.6446440796874999 0.7136193625
2 0.48974388125 0.5769755453125 0.4523268171875 0.5809501265625 0.45692054843749996 0.6215134453125 0.49535047656250003 0.6124622484375 0.48974388125 0.5769755453125