2 0.218630359375 0.7117899859375 0.207157296875 0.701137909375 0.15776931875 0.7456829453125 0.19264659687500002 0.7679554640624999 0.218527125 0.7418094640625 0.20264770312499997 0.7301890203125 0.218630359375 0.7117899859375
12 0.27749006718749997 0.7069481328125 0.24454468281250002 0.687580725 0.2076473328125 0.7292206515624999 0.239389278125 0.7514931671875 0.27749006718749997 0.7069481328125
1 0.335581990625 0.8018484265625 0.319159990625 0.795069834375 0.2977853625 0.8638241296875 0.34557755625 0.8715710921875001 0.357459859375 0.8338046468750001 0.327869475 0.8270260546875001 0.335581990625 0.8018484265625
8 0.383494315625 0.7805442796875 0.34383708125 0.771828946875 0.3309372140625 0.8231525749999999 0.37947475937499997 0.8376781296875 0.383494315625 0.7805442796875
5 0.3645302578125 0.771828946875 0.385307921875 0.7766707984375001 0.38440864375 0.7970065749999999 0.4058302734375 0.802816796875 0.418628753125 0.7456829453125 0.3714974203125 0.7398727234375 0.3645302578125 0.771828946875
7 0.4658070859375 0.826057684375 0.41687904531250003 0.8250893156249999 0.41389395 0.8696343515624999 0.46661818125 0.8725394625 0.4658070859375 0.826057684375
10 0.46675890468750003 0.772797315625 0.4216270546875 0.7737656875 0.41804868749999996 0.8202474625 0.46701052499999995 0.8231525734374999 0.46675890468750003 0.772797315625
7 0.48058630312500006 0.8105637609375 0.47114651875 0.8086270203125 0.4797865671875 0.8725394640624999 0.5323587203125 0.866729240625 0.525513534375 0.8338046484375001 0.48221218906249996 0.8318679078125 0.48058630312500006 0.8105637609375
7 0.5231948390625 0.772797315625 0.47614799531249996 0.7718289453125 0.4840426921875 0.8289627968750001 0.530496265625 0.8318679078125 0.5231948390625 0.772797315625
9 0.559936415625 0.7941014640625 0.5355991296875 0.8008800562499999 0.55801773125 0.8638241296875 0.6067092015625 0.8512353156250001 0.58706923125 0.8037851671875 0.5709006984375 0.8115321312500001 0.559936415625 0.7941014640625
7 0.5911056859375 0.747619684375 0.5461259140625 0.757303390625 0.5708500046875 0.80862701875 0.61271134375 0.7999116859375001 0.5911056859375 0.747619684375
2 0.4591588578125 0.58880695 0.4215011046875 0.586870209375 0.41970254999999995 0.6275417640625001 0.459157009375 0.6246366515624999 0.4591588578125 0.58880695