7 0.15155995625000002 0.56231781875 0.199750309375 0.49934291875000003 0.18396690625 0.47404547499999994 0.20940703125 0.44210920624999994 0.19748017812500002 0.41343134375 0.1265718125 0.49675749375 0.15155995625000002 0.56231781875
1 0.2138162484375 0.53505274375 0.2811595734375 0.4457985171875 0.254097396875 0.386582646875 0.187337403125 0.47459548125 0.2138162484375 0.53505274375
8 0.3428731265625 0.878228434375 0.37242785624999997 0.7747882749999999 0.3415422734375 0.760392209375 0.35366211875000003 0.7075701796875 0.33353610312500004 0.6895835765625 0.286449215625 0.8409528296875 0.3428731265625 0.878228434375
9 0.393299221875 0.7902233468750001 0.43302956718749996 0.64968285 0.3813373625 0.6158525390625 0.3439728734375 0.7581156828125 0.393299221875 0.7902233468750001
5 0.5229985953125 0.815397815625 0.5328805265625001 0.6659768265625 0.47470724531249997 0.6671765749999999 0.46245945781250003 0.81487491875 0.5229985953125 0.815397815625
9 0.4779376453125 0.9295309515625 0.49154726249999997 0.8194790812500001 0.4624119828125 0.8187344390625 0.4659110390625 0.759159321875 0.43677576250000005 0.7584146796875 0.4162640625 0.920803453125 0.4779376453125 0.9295309515625
7 0.6141484546875 0.8047344234375 0.6070484125 0.6605617484375 0.5501068484375 0.672655134375 0.5539336640625 0.8189668390625 0.6141484546875 0.8047344234375
6 0.5928579453125 0.9108597453125 0.5896153890625 0.815433428125 0.5540309375 0.8216558718750001 0.5511130421875 0.7583604562499999 0.528751284375 0.7654040390625 0.5303098328125 0.9300577203125 0.5928579453125 0.9108597453125
6 0.6880087968749999 0.8782698578125 0.677247371875 0.7776068515625 0.64273261875 0.7960330718749999 0.636574025 0.7415648921875 0.6152169125 0.7474358343749999 0.6303221921875 0.9102903703124999 0.6880087968749999 0.8782698578125
2 0.7000951859375 0.7666328421874999 0.688718209375 0.6778986078125 0.65621274375 0.69397955 0.6492115265625 0.639373865625 0.6280489593749999 0.650622878125 0.642797365625 0.792033896875 0.7000951859375 0.7666328421874999
3 0.710626125 0.6640980640625 0.6898176453125 0.540410265625 0.6389042484375 0.562843409375 0.657022840625 0.68742884375 0.710626125 0.6640980640625
9 0.77307975625 0.7985913828125 0.754605221875 0.7046892078125 0.730363978125 0.7234553109374999 0.718242271875 0.6720237906250001 0.6938390109375 0.692100034375 0.7191849609375 0.831230653125 0.77307975625 0.7985913828125
10 0.7794623234375 0.6913699203125 0.75081093125 0.5650657125 0.7020366265625 0.59453081875 0.730428725 0.7194561359375 0.7794623234375 0.6913699203125
10 0.884011221875 0.6349186125 0.8654078140625 0.5837659734375 0.8472594859375 0.60887265625 0.8160489359374999 0.5449701 0.7974792984375 0.570008034375 0.842658825 0.6843069703125 0.884011221875 0.6349186125
3 0.8815793828125 0.567692775 0.8373722828125001 0.46290858281249997 0.7975753296875 0.5031947 0.847486253125 0.6035633375 0.8815793828125 0.567692775
5 0.5310569765625 0.3502697859375 0.54128664375 0.25031482031249996 0.49511103749999996 0.2416751375 0.48147984218750006 0.343284253125 0.5310569765625 0.3502697859375