7 0.13882606875 0.6284055640624999 0.178672134375 0.558041259375 0.160020784375 0.5354715765625 0.1812155015625 0.49962560937499995 0.1659553046875 0.473073040625 0.10618620625 0.5673346578125 0.13882606875 0.6284055640624999
1 0.21851820156250001 0.4372270734375 0.1634119390625 0.5354715765625 0.196899590625 0.5912319703125 0.25242974687499997 0.49165983750000003 0.21851820156250001 0.4372270734375
8 0.366033425 0.911190415625 0.382565303125 0.8036525156250001 0.35034933437500004 0.7943591140625 0.3558599609375 0.73992635 0.33381745625 0.7253224390625 0.30584043125 0.8833102187499999 0.366033425 0.911190415625
9 0.3719679453125 0.6443371046874999 0.35246880625 0.7917038578125 0.40503170156249996 0.8156011703124999 0.42707420625000003 0.6695620453125 0.3719679453125 0.6443371046874999
5 0.47031142812500004 0.6801830703125 0.4762459484375 0.8288774546875001 0.5360150484374999 0.8195840562500001 0.5275371609375 0.6695620453125 0.47031142812500004 0.6801830703125
9 0.50549465625 0.9402567203125001 0.50549465625 0.8287359359375 0.47666984218749997 0.8327188203125001 0.47285479375 0.77297554375 0.4440299796875 0.7769584265625 0.443606084375 0.94158435 0.50549465625 0.9402567203125001
7 0.5453407234375 0.6734034109375 0.5669593328125 0.818114909375 0.6246089609375 0.794217596875 0.6000230906249999 0.6521613578125 0.5453407234375 0.6734034109375
6 0.61655496875 0.9030831265625 0.6017186671875 0.808821509375 0.5673832265625001 0.820770165625 0.55678586875 0.7583716296875 0.535591153125 0.7689926578125 0.5572097640625 0.9322909515625 0.61655496875 0.9030831265625
6 0.7064205640625 0.8552885031249999 0.683530271875 0.7570440031250001 0.651738196875 0.7809413125 0.6390213671875 0.727836178125 0.618674440625 0.7371295765625 0.653433775 0.896444984375 0.7064205640625 0.8552885031249999
2 0.7047249875 0.7424400890625 0.6826824828125 0.65614424375 0.6525859859375001 0.677386296875 0.6390213671875 0.624281159375 0.619522228125 0.6388850734375 0.651314303125 0.7769584265625 0.7047249875 0.7424400890625
3 0.619522228125 0.5499339703125 0.6525859859375001 0.6707481546875 0.702605515625 0.6388850734375 0.6669983937499999 0.5193985171875 0.619522228125 0.5499339703125
9 0.7806020703125001 0.762354515625 0.75092946875 0.672075784375 0.7293108578124999 0.6946454671875 0.7110834015624999 0.645523215625 0.6894647921875 0.669420525 0.7314303296875 0.8035109953124999 0.7806020703125001 0.762354515625
10 0.68564974375 0.571176025 0.7288869640625 0.69066258125 0.7738197625 0.6548166140625 0.730158646875 0.5340024296875 0.68564974375 0.571176025
10 0.870043771875 0.58179705 0.8454579015625001 0.5340024296875 0.8306216 0.5618826265625 0.7920472171874999 0.503466975 0.7767870218749999 0.531347171875 0.8352844390625 0.63755744375 0.870043771875 0.58179705
3 0.7687330296875 0.4649657515625 0.8301977062500001 0.5565721109374999 0.859446415625 0.51541563125 0.8030684703125001 0.418498759375 0.7687330296875 0.4649657515625
5 0.43853909843750005 0.2542241625 0.43748812031249995 0.3573622359375 0.48723439687500003 0.3562650234375 0.485132440625 0.25532137499999996 0.43853909843750005 0.2542241625