7 0.1583005078125 0.5869843265625 0.20183421093749998 0.5200769953125 0.1843656859375 0.49605818125 0.2074390109375 0.4620462109375 0.1935703765625 0.4343326140625 0.1288612375 0.5234431359375 0.1583005078125 0.5869843265625
1 0.21832221562499998 0.554649996875 0.2790707265625 0.4599001625 0.2480118796875 0.40287341093749995 0.1877568421875 0.49633415468750003 0.21832221562499998 0.554649996875
8 0.37068773906249997 0.8873983437499999 0.3928554390625 0.781533290625 0.3611265171875 0.76964643125 0.36948984375 0.715827884375 0.34821269843749997 0.6994746109375 0.311955884375 0.8547045000000001 0.37068773906249997 0.8873983437499999
9 0.414695634375 0.7952738921875 0.444391725 0.6514733171875 0.3906074484375 0.6218406046875 0.3633851453125 0.7671717453125 0.414695634375 0.7952738921875
5 0.545470246875 0.8099041671875 0.54485468125 0.6596490640625 0.4870723234375 0.665580675 0.4852141 0.8143052140625 0.545470246875 0.8099041671875
9 0.5086256687499999 0.9277255890625 0.514470225 0.81654440625 0.485436678125 0.8181693781250001 0.4847526421875 0.758297559375 0.45571909218749995 0.7599225296875 0.44666751875 0.9240126421875001 0.5086256687499999 0.9277255890625
7 0.635393559375 0.7918247875 0.6182525421875 0.6482003203125 0.562456925 0.6649275968749999 0.5764915265624999 0.8109577609375 0.635393559375 0.7918247875
6 0.6216341671875 0.8997033625 0.61173790625 0.8045213999999999 0.5767762640625 0.8136394296875 0.569449075 0.7505684875 0.5476977359374999 0.75943233125 0.5607582453125 0.923992690625 0.6216341671875 0.8997033625
6 0.714004571875 0.859367609375 0.6962630562500001 0.759559453125 0.6632185765624999 0.7807967296875 0.6532848687499999 0.7268184046874999 0.6324508953125 0.7344276562500001 0.6588608640625 0.896086659375 0.714004571875 0.859367609375
2 0.7182231296875 0.7467248515625 0.7007031984375 0.6588979578124999 0.6694934546875 0.67762605 0.6587119578125 0.623578728125 0.638447459375 0.63655131875 0.663003415625 0.776791475 0.7182231296875 0.7467248515625
3 0.721530746875 0.64331269375 0.6921856515625 0.5212922640625 0.6431091890625 0.5478710875 0.6698413453125001 0.6710081234375 0.721530746875 0.64331269375
9 0.79305654375 0.7727535671875 0.7681152484375 0.680334971875 0.7453138109374999 0.7010765890624999 0.72966074375 0.650620559375 0.706789728125 0.672685759375 0.7417278828125 0.8097830859374999 0.79305654375 0.7727535671875
10 0.7919100578125 0.6649911875 0.7545805453125001 0.54099173125 0.70812345625 0.5744299609375 0.7450986515625 0.697071334375 0.7919100578125 0.6649911875
10 0.8919608609375 0.600024759375 0.8698797984375 0.550374865625 0.853582359375 0.5769627749999999 0.8180694109375001 0.5155857984375001 0.8013480749999999 0.5421392093749999 0.8542792484374999 0.6527866125 0.8919608609375 0.600024759375
3 0.88484240625 0.5329830624999999 0.833543659375 0.4317732421875 0.7967729859375 0.47530449218750004 0.853436778125 0.571633934375 0.88484240625 0.5329830624999999
5 0.52097111875 0.34402621875 0.52415939375 0.243218903125 0.47762355312500004 0.2383332328125 0.4711673390625 0.341071703125 0.52097111875 0.34402621875