10 0.405805221875 0.709606478125 0.3782219296875 0.6946445375 0.3489189453125 0.733913815625 0.37669326718749996 0.75348051875 0.405805221875 0.709606478125
3 0.3629656109375 0.744833953125 0.34824846875 0.7340002421875 0.356316796875 0.7217725078125 0.3458559078125 0.7169484484375 0.3129445703125 0.761312246875 0.33996371875000003 0.7771184718749999 0.3629656109375 0.744833953125
1 0.42850464062500004 0.808141190625 0.40874267187499996 0.8002724765625 0.4184196734375 0.7735634250000001 0.4056066953125 0.769814125 0.3813358421875 0.8238660328125 0.41713520937500004 0.8373830984374999 0.42850464062500004 0.808141190625
2 0.4530060609375 0.7849221546875 0.433361246875 0.776266771875 0.43988770468749994 0.7530501015625 0.42762804687499995 0.7500010421875001 0.41059460625 0.7988764078124999 0.444946678125 0.81180846875 0.4530060609375 0.7849221546875
3 0.4768901671875 0.7621684734375 0.4570533890625 0.7570098828125 0.4641439890625 0.732948925 0.45021354375 0.7293436718749999 0.43459586874999995 0.7753360609375 0.46986355625 0.7850638359375 0.4768901671875 0.7621684734375
7 0.503671675 0.7162801437499999 0.470223459375 0.7097898703125 0.4589584890625 0.755992740625 0.4939495140625 0.7653703968750001 0.503671675 0.7162801437499999
7 0.5140248703125 0.8241219921875 0.4911231765625 0.8182011359375 0.49454143593750005 0.8004002968749999 0.4765881171875 0.7973136109375 0.465002265625 0.857446009375 0.5077200328125 0.8635129593749999 0.5140248703125 0.8241219921875
9 0.5378703781249999 0.7670386546875 0.5001325109375 0.7672738546875 0.49292194375 0.8164261359375 0.5338941125 0.8246470125 0.5378703781249999 0.7670386546875
7 0.6161927359375 0.8144241093750001 0.5939074171875001 0.8161394453125 0.591419340625 0.7967852671875 0.5728694140624999 0.7991764406249999 0.5788007171875 0.8609086203125 0.621817725 0.8561350859375001 0.6161927359375 0.8144241093750001
2 0.62776589375 0.7720393359375 0.6060014328125 0.7790884859375 0.60184256875 0.7591781156249999 0.5848570953125 0.7613676234375 0.5947590421875 0.8141007546875001 0.63451916875 0.81206174375 0.62776589375 0.7720393359375
8 0.6316033609375 0.7183066953125 0.595492996875 0.7252761875 0.6069278687499999 0.774339675 0.644454 0.7644872046875 0.6316033609375 0.7183066953125
11 0.698110234375 0.786890125 0.679357521875 0.7943226109375 0.671739925 0.7740865234375 0.6526997296875 0.7827134124999999 0.6755318124999999 0.8384091781249999 0.7133139015625 0.8238943234375 0.698110234375 0.786890125
11 0.6909226671875001 0.7291777078125 0.6569507812500001 0.741658278125 0.680102809375 0.7915260625 0.7179912359375 0.777769065625 0.6909226671875001 0.7291777078125
4 0.7734626765625 0.748243153125 0.7534113515625 0.7577719468749999 0.7353860328125 0.733090728125 0.7217313140625 0.737937146875 0.756770821875 0.7882014875000001 0.787869759375 0.77146186875 0.7734626765625 0.748243153125
9 0.7686027453125 0.71684968125 0.7549795515625 0.725164078125 0.733899203125 0.70627761875 0.7222126375 0.7170428515625 0.7538159906249999 0.7557908765625 0.786266709375 0.7373338734375 0.7686027453125 0.71684968125
9 0.7639023171875 0.6865929937499999 0.7499808203125 0.69764631875 0.7308055734375001 0.6777427203124999 0.7190658390625 0.6881290250000001 0.7549372046875 0.7232406218749999 0.7819709203125 0.7050961140625 0.7639023171875 0.6865929937499999
2 0.741983975 0.643896046875 0.7142906015625 0.6605824578124999 0.7495446546875 0.6961594140625 0.7760250484375 0.6773146671875 0.741983975 0.643896046875
0 0.5597745015625 0.639920721875 0.553838334375 0.603510525 0.5350396796875 0.606635184375 0.53908909375 0.6443407265625 0.5597745015625 0.639920721875
5 0.571572778125 0.6001723375 0.5541480156249999 0.6027691828124999 0.560587203125 0.6398159625 0.5779734671875 0.6354705203125001 0.571572778125 0.6001723375
9 0.6093108328125 0.631781696875 0.6007817203125 0.596056453125 0.5720757984375 0.6008089187500001 0.5779152953125 0.636530153125 0.6093108328125 0.631781696875