10 0.35598681875 0.675594903125 0.33313276875 0.6541807609375 0.2945763734375 0.6846328390624999 0.31642371874999997 0.7105362796875 0.35598681875 0.675594903125
3 0.3053603734375 0.6987212875 0.29390435312499996 0.6845464171875 0.30488682968749997 0.6747967765625 0.295999440625 0.6674954875 0.2526282171875 0.701947128125 0.2747171296875 0.724032665625 0.3053603734375 0.6987212875
1 0.35247847656250003 0.7763716265625 0.3353669359375 0.7637788234375 0.35165615781250004 0.74047045625 0.3402115734375 0.733610096875 0.3027049703125 0.779593059375 0.3338938453125 0.80169418125 0.35247847656250003 0.7763716265625
2 0.38222834843750003 0.7601828890625 0.3654339296875 0.7468610734375 0.377766575 0.7261230578125 0.3666768890625 0.720078134375 0.337522675 0.7629013671875 0.36746062031250004 0.784071821875 0.38222834843750003 0.7601828890625
3 0.41125963906249996 0.7442866359375 0.39337418281250003 0.7342885859375 0.40647196562500004 0.7128791718749999 0.39390734374999997 0.7058747734375 0.36687108749999997 0.746276103125 0.39852553749999997 0.764588128125 0.41125963906249996 0.7442866359375
7 0.4490860203125 0.7068125328125 0.418356596875 0.692083540625 0.3954833625 0.7337900359375 0.4269603609375 0.75169434375 0.4490860203125 0.7068125328125
7 0.43120609375 0.8134389765625001 0.410548215625 0.80192969375 0.418467490625 0.7856277656249999 0.401870740625 0.7781048265625 0.375081365625 0.8331639890625 0.4149019671875 0.8498319249999999 0.43120609375 0.8134389765625001
9 0.4690851546875 0.7644247375 0.43245864687499996 0.7550957140625 0.4127505109375 0.800673325 0.4503222625 0.8189765375 0.4690851546875 0.7644247375
7 0.5327103625 0.8299567421875 0.5106733203125 0.8259680328125001 0.5132717609374999 0.8066724531249999 0.49467916093750003 0.8042814 0.48444875937500004 0.86531905625 0.52736503125 0.871607984375 0.5327103625 0.8299567421875
2 0.554894015625 0.79201053125 0.531981159375 0.79329775 0.5331046640625 0.7730426953125 0.5160801140625 0.770853296875 0.51202614375 0.8242175250000001 0.5510789546875 0.8323189843750001 0.554894015625 0.79201053125
8 0.5725193109375 0.7411614046875 0.5357267890624999 0.738739178125 0.5341079 0.7889524890625 0.5730183828125 0.788952809375 0.5725193109375 0.7411614046875
11 0.619209615625 0.8241452828125 0.5991157390625 0.826564825 0.59697225 0.8051198328125 0.5762906890624999 0.8086184843750001 0.5839984234375 0.868114059375 0.6243636265625 0.8636826953125001 0.619209615625 0.8241452828125
11 0.627182384375 0.766666259375 0.5910355421875 0.7701005265624999 0.6005616781249999 0.8240564953125 0.6408337656249999 0.8203829515625 0.627182384375 0.766666259375
4 0.7022239921875 0.8059538578125001 0.680329278125 0.8100662906249999 0.669251840625 0.78169891875 0.6547669265625 0.7829152984375 0.6757086484375 0.8402638234375001 0.7101741078125 0.8319945640625 0.7022239921875 0.8059538578125001
9 0.7056402515625 0.7744467484374999 0.690288303125 0.7790157 0.6747509390624999 0.755463325 0.660641140625 0.7628863 0.6812340875 0.8082581671875 0.717453828125 0.7986749234375 0.7056402515625 0.7744467484374999
9 0.7089168359375 0.744076365625 0.692566965625 0.7512112609375 0.6791387796875 0.727160340625 0.6650755390625 0.7342044046875 0.6907450984375 0.777149959375 0.721635221875 0.7664964171875 0.7089168359375 0.744076365625
2 0.6987301171875 0.697348484375 0.6675782078125 0.7064287734375 0.6925291875 0.749666815625 0.7230644125000001 0.7381978390625 0.6987301171875 0.697348484375
0 0.5232094218750001 0.647376140625 0.5268813 0.6107582796875 0.50785785625 0.6090116328125 0.502022575 0.6464009921875 0.5232094218750001 0.647376140625
5 0.544928853125 0.6120295203125 0.5273732359375 0.61012173125 0.52402399375 0.647480896875 0.5419948781249999 0.6476925578125 0.544928853125 0.6120295203125
9 0.5733135640625 0.652070121875 0.574295759375 0.6154562671875 0.5452514890625 0.612770825 0.5416642609375 0.6486997578125 0.5733135640625 0.652070121875