10 0.1596617703125 0.714487034375 0.14147905 0.7050035859375 0.06618850937500001 0.7259315015625 0.10353438125 0.745480225 0.154096690625 0.7305272203125 0.133809775 0.72397726875 0.1596617703125 0.714487034375
9 0.2466432734375 0.71696449375 0.20924365156250002 0.698952203125 0.1403348546875 0.723405925 0.1797490890625 0.7410454390625001 0.2466432734375 0.71696449375
11 0.31973250468750003 0.7446554046875 0.27076232031249997 0.728402475 0.2117294796875 0.75662589375 0.2616442578125 0.7744849421875 0.31973250468750003 0.7446554046875
8 0.23064680625 0.7451114421875 0.2127840859375 0.740784275 0.1507203734375 0.76982293125 0.2001180625 0.78815928125 0.2403231609375 0.76888959375 0.2102319609375 0.7565213671875 0.23064680625 0.7451114421875
0 0.3438823671875 0.7838188390624999 0.3196378984375 0.775965865625 0.263938015625 0.8090424734375 0.322338734375 0.8274938281249999 0.359763803125 0.8018693640624999 0.3315080375 0.7942498 0.3438823671875 0.7838188390624999
7 0.42979636250000003 0.7739003203125 0.3727498265625 0.7596506390625 0.3365356 0.7935739296875 0.393011296875 0.809837346875 0.42979636250000003 0.7739003203125
6 0.4648767859375 0.8009918328125 0.43104053281250004 0.7955497312500001 0.4129731953125 0.8399807562499999 0.48524576093749994 0.8481056765625 0.492899628125 0.8152692671875 0.4624321625 0.8136560640624999 0.4648767859375 0.8009918328125
6 0.502227675 0.791790815625 0.508755265625 0.7768446 0.47682611875 0.7741025828125 0.464536359375 0.8107225671875 0.5322088640625 0.8216067734375001 0.538559790625 0.7974071281249999 0.502227675 0.791790815625
6 0.5758081984375 0.76252923125 0.5145711859375 0.7536343984375 0.5047952062500001 0.7899164484375001 0.5710239453125 0.799159696875 0.5758081984375 0.76252923125
0 0.65865046875 0.7831999796875 0.5955396796875 0.7849556421874999 0.61467989375 0.8242828031249999 0.6817124 0.824854446875 0.65865046875 0.7831999796875
12 0.6070873078125001 0.8124581687499999 0.5735173015624999 0.8137087781250001 0.586488271875 0.8577392734375 0.656052475 0.857460840625 0.6471261312500001 0.8265475171875 0.6131286234375 0.8257147078125 0.6070873078125001 0.8124581687499999
10 0.773498578125 0.7758144265625 0.720691246875 0.78342320625 0.7629546687500001 0.8197437921875 0.8187749546875001 0.8118319187499999 0.773498578125 0.7758144265625
11 0.74536070625 0.8077344671875 0.721738325 0.8107061984374999 0.76179005 0.85303314375 0.8230474875 0.8470409625 0.79356546875 0.8172598437499999 0.7649155249999999 0.820907446875 0.74536070625 0.8077344671875
10 0.8676903749999999 0.7495316734374999 0.83369035625 0.763073734375 0.8971878 0.793175515625 0.9331845078125 0.779772821875 0.8676903749999999 0.7495316734374999
9 0.8695745453124999 0.78149364375 0.8498022109375001 0.7888412609375 0.9161334343749999 0.8237613874999999 0.9596714875 0.8093448875 0.9143567671874999 0.788726553125 0.8986315671874999 0.7948164734375001 0.8695745453124999 0.78149364375
5 0.5108177765625 0.6613538796875 0.4769599140625 0.659839221875 0.4714890984375 0.6861878203125 0.50863246875 0.688356096875 0.5108177765625 0.6613538796875
11 0.5120553921875 0.6614402640625 0.5098700875 0.68844248125 0.5432709859375 0.6911981234375 0.544203865625 0.6645327828125 0.5120553921875 0.6614402640625
7 0.5981239406250001 0.6954510968750001 0.594931425 0.6684978078125 0.5454562921874999 0.6641959078124999 0.544110871875 0.6908324546875 0.5981239406250001 0.6954510968750001