10 0.12049420625 0.6891888640625 0.10321115624999999 0.6795990609375 0.02604660625 0.70008963125 0.061538067187500003 0.7198568046875 0.113442478125 0.705197459375 0.093784396875 0.6985290484375 0.12049420625 0.6891888640625
9 0.207161325 0.6921729296875 0.17147325156249998 0.6739419546875001 0.1003563265625 0.69799566875 0.1380917421875 0.71586558125 0.207161325 0.6921729296875
11 0.2776042859375 0.720290834375 0.23019316406249998 0.7037519328124999 0.16859201562499998 0.7316330437499999 0.21679742656249998 0.7497836437500001 0.2776042859375 0.720290834375
8 0.1885621359375 0.7202281609375001 0.1711191546875 0.7157967625 0.10641422656249999 0.744475503125 0.1540586484375 0.76310041875 0.19601736875 0.7440638625 0.167105665625 0.7315197921875 0.1885621359375 0.7202281609375001
0 0.298087959375 0.759596875 0.2745973515625 0.75160233125 0.21587451249999998 0.784356284375 0.2725025765625 0.8031486343750001 0.31227505624999996 0.777740790625 0.28475530781249997 0.7699563125 0.298087959375 0.759596875
7 0.384841646875 0.7501781171874999 0.3291756296875 0.735595540625 0.2898408875 0.7693096828125 0.3447493046875 0.785902771875 0.384841646875 0.7501781171874999
6 0.4173682328125 0.7774752734375 0.384070840625 0.7718358703125 0.36188807343749996 0.8161639468749999 0.43333513906250004 0.8247101109375 0.44403598125 0.7919166046874999 0.41374797343749997 0.7901259109375001 0.4173682328125 0.7774752734375
6 0.4555389359375 0.7684912781250001 0.4634504875 0.7535823125000001 0.4318072078125 0.7506542390625001 0.41612300468749996 0.7872045171875001 0.48271778750000005 0.7984833234375001 0.4913135765625 0.77431943125 0.4555389359375 0.7684912781250001
6 0.531770296875 0.7396566578125 0.4714197515625 0.7304048 0.4582783390625 0.766631765625 0.5235833859375 0.7762611234375 0.531770296875 0.7396566578125
0 0.6126098859375 0.7608108328125 0.5493966875 0.7621991015625 0.5648603171875 0.8016397046874999 0.6317749671875 0.8026017 0.6126098859375 0.7608108328125
12 0.55837495625 0.7897702609375 0.5247210156250001 0.7908254609375 0.533583859375 0.8349337171875 0.603106834375 0.8350603328125 0.5970645875 0.8040934640625 0.5631773515625 0.80306265 0.55837495625 0.7897702609375
10 0.7280341546875 0.7540936484375 0.67457003125 0.761395325 0.71341421875 0.7979638484375 0.7699165828125001 0.79037660625 0.7280341546875 0.7540936484375
11 0.6969543125000001 0.785851465625 0.6730783015624999 0.7886857968750001 0.7091542296875 0.8312481046875 0.770909934375 0.8256123125 0.7442265328125 0.795658015625 0.7152649421875 0.7991389765625 0.6969543125000001 0.785851465625
10 0.824579815625 0.7283580265625 0.7893529578125 0.7417028 0.8499891343750001 0.77217584375 0.8871977921875001 0.758982071875 0.824579815625 0.7283580265625
9 0.82348914375 0.760332590625 0.80305243125 0.76756545 0.866071465625 0.8028735843750001 0.9109084921875 0.78870986875 0.8675553640624999 0.7678266265625 0.8512788703125 0.7738252890624999 0.82348914375 0.760332590625
5 0.47625366874999997 0.6380977437500001 0.44256936874999997 0.6363858609374999 0.4346529515625 0.6627039406249999 0.47155879375 0.66508860625 0.47625366874999997 0.6380977437500001
11 0.47748205625000006 0.6381913406249999 0.47278718125 0.665182203125 0.5058995265624999 0.668132471875 0.5093118484375 0.6414712109375 0.47748205625000006 0.6381913406249999
7 0.5603039484375001 0.6727050625000001 0.5596216421875 0.645731815625 0.5105944015625 0.6411416109375 0.506772615625 0.667771675 0.5603039484375001 0.6727050625000001