10 0.175953903125 0.7710563609375 0.1567158578125 0.765043878125 0.08543833281249999 0.79968514375 0.12496157031249999 0.81210400625 0.172703753125 0.7879514671875001 0.151800728125 0.785230021875 0.175953903125 0.7710563609375
9 0.2620111796875 0.757399225 0.22264893749999998 0.746509925 0.15815103125000002 0.7834566015625 0.1994465765625 0.7936041375 0.2620111796875 0.757399225
11 0.337890075 0.771252071875 0.2873711109375 0.764245534375 0.23313001249999998 0.8030917765625001 0.28480345156250003 0.8115119234374999 0.337890075 0.771252071875
8 0.2501678203125 0.78820024375 0.231963159375 0.7872283234374999 0.1748489421875 0.8274421406249999 0.22607930468749998 0.8364301187500001 0.2630142734375 0.8099261406249999 0.2316397890625 0.803265709375 0.2501678203125 0.78820024375
0 0.3671413625 0.8055145453125 0.34215708125 0.8022372140625 0.29187615 0.8452662999999999 0.35199418437499996 0.8527008171875 0.3853047375 0.8204264578125 0.3564001921875 0.8181228046875001 0.3671413625 0.8055145453125
7 0.45042047187499995 0.7797948484375 0.392221975 0.7762652265625001 0.361260275 0.816523315625 0.4191766890625 0.822150334375 0.45042047187499995 0.7797948484375
6 0.48876171093750004 0.8000934328125 0.45466133906249995 0.8009768062499999 0.4430450125 0.8482670890625 0.5153944390625 0.8429194156250001 0.518363890625 0.809025190625 0.48811635625000005 0.8130716953125001 0.48876171093750004 0.8000934328125
6 0.5242862625 0.7840764250000001 0.5286372234375001 0.7680850671874999 0.49679213750000006 0.7712857984375 0.48978133437500004 0.8097806593750001 0.557982078125 0.8080139125000001 0.5608703390625001 0.7829031609375 0.5242862625 0.7840764250000001
6 0.59271819375 0.74150940625 0.531136075 0.7440520015625001 0.5265553093750001 0.78174711875 0.5931048375 0.7786247421875 0.59271819375 0.74150940625
0 0.6772302015625 0.7466128640624999 0.6152848093750001 0.760036328125 0.63962235 0.7953884343750001 0.7057563265625 0.7835405609375 0.6772302015625 0.7466128640624999
12 0.6304938812499999 0.7850992906250001 0.597587884375 0.7925527906250001 0.6165011781249999 0.8336991703125 0.685011528125 0.8205417015625001 0.6719105140625 0.7916198703124999 0.638293121875 0.7970919296875 0.6304938812499999 0.7850992906250001
10 0.7893739515625 0.7180403015625 0.7383967671875 0.73534476875 0.7851014125 0.76344120625 0.83900538125 0.7452790140625 0.7893739515625 0.7180403015625
11 0.7660917859375 0.7548214765625 0.7432279390625001 0.762135121875 0.7885895953125 0.79658171875 0.8481187078125 0.7793113328125 0.8149196328125001 0.755315865625 0.7871957046875 0.7642290015625 0.7660917859375 0.7548214765625
10 0.8785312234375 0.67460264375 0.8469131734375 0.694292640625 0.913675975 0.7123061921875 0.9472809890624999 0.6923842859375 0.8785312234375 0.67460264375
9 0.8848388578125 0.705865728125 0.8663782546875 0.7167943859375 0.9366044812500001 0.73904875625 0.977499615625 0.71672761875 0.9299748593749999 0.704726546875 0.915327190625 0.71366181875 0.8848388578125 0.705865728125
5 0.5145866390625 0.6534769859375 0.4810119015625 0.6582488015625 0.47929016874999997 0.6853219921875 0.51619349375 0.6805882203125 0.5145866390625 0.6534769859375
11 0.5158182265625 0.6533332390625 0.517425084375 0.6804444734375 0.5507223421874999 0.676984675 0.5479282484375 0.6504385546875 0.5158182265625 0.6533332390625
7 0.6053671453125 0.6710332625000001 0.5984677546875 0.6449663 0.5491154875 0.6498734421875 0.55149905 0.6764674765625001 0.6053671453125 0.6710332625000001