10 0.1103111984375 0.6811220953125 0.09346769687499999 0.6703175390625 0.01568466875 0.6854360265625 0.0502704796875 0.7076978031250001 0.1026266375 0.696651253125 0.0832956796875 0.6886046078125 0.1103111984375 0.6811220953125
9 0.1966130484375 0.690160940625 0.1617685484375 0.6694228796874999 0.0898708828125 0.6885297421875001 0.1267716890625 0.7090494203125 0.1966130484375 0.690160940625
11 0.2657116640625 0.72322105625 0.219108084375 0.7033577734375001 0.15654340625000002 0.7269596734375 0.20387333281250003 0.748491434375 0.2657116640625 0.72322105625
8 0.17692235625 0.71694011875 0.15970907031249998 0.711286996875 0.0940168203125 0.735470425 0.140767996875 0.7574377078125 0.1833848765625 0.7413158359375001 0.1550658515625 0.7267425328125 0.17692235625 0.71694011875
0 0.2845352921875 0.7639895265625001 0.26143664375000003 0.754348028125 0.201543525 0.7830277375 0.25724626875 0.8057899609374999 0.297942803125 0.7831389468750001 0.2708177765625 0.773426309375 0.2845352921875 0.7639895265625001
7 0.3714291171875 0.7606215078125 0.3165140875 0.742139665625 0.2759154234375 0.773134303125 0.3299930140625 0.7935753859375 0.3714291171875 0.7606215078125
6 0.4027513984375 0.7902123375000001 0.36977751406250003 0.7822430453125 0.345849890625 0.8250580453125 0.41674770624999996 0.8386006281249999 0.42875542656250004 0.8065277421875001 0.39862556250000003 0.8026204453125001 0.4027513984375 0.7902123375000001
6 0.441181075 0.78388666875 0.44967821093750004 0.7695180781250001 0.41824325 0.76437783125 0.4011130203125 0.799862534375 0.4670607859375 0.8158011249999999 0.47661754843750004 0.7922178640624999 0.441181075 0.78388666875
6 0.5183737140625 0.760352178125 0.458569996875 0.7468782468749999 0.4439885875 0.7822169484375 0.5087174890624999 0.79641468125 0.5183737140625 0.760352178125
0 0.5981236375 0.7871689453124999 0.535031528125 0.78414388125 0.5488437375 0.8246964531250001 0.6155310765625 0.830332178125 0.5981236375 0.7871689453124999
12 0.5428605125 0.8123644546875 0.5092581484375 0.8110703078125001 0.5162978328125 0.8558333656249999 0.5856202234375 0.860815184375 0.580857446875 0.8294011749999999 0.547107490625 0.8260030265625 0.5428605125 0.8123644546875
10 0.7134973125 0.7885068921875 0.659885790625 0.7920808671875 0.6971299296875 0.8313917906249999 0.753782796875 0.827744190625 0.7134973125 0.7885068921875
11 0.6812100984375 0.8181200890625 0.65728565 0.81928935625 0.6915249515624999 0.8644056203125 0.7533368296875 0.863077921875 0.7279496375 0.8312358453125 0.6989275421875 0.83269711875 0.6812100984375 0.8181200890625
10 0.8108208093749999 0.76949255625 0.7751489171875 0.78038813125 0.834372296875 0.815120453125 0.8720142624999999 0.8045144000000001 0.8108208093749999 0.76949255625
9 0.8084296328124999 0.8014169546875 0.7877554890625 0.807228509375 0.84915790625 0.84696625625 0.8944463421875 0.8359221937499999 0.8520664640625 0.8119944265625 0.8355911609375 0.8168613078125 0.8084296328124999 0.8014169546875
5 0.467153590625 0.6548337015625 0.43363376562499995 0.6507681 0.4246666390625 0.6765547421875 0.461371521875 0.6815186484375 0.467153590625 0.6548337015625
11 0.46837470937500003 0.6550131578125 0.46259264218749996 0.6816981046875 0.49549163125 0.68696315625 0.4999813140625 0.6605185109375 0.46837470937500003 0.6550131578125
7 0.5495567078125 0.6953387703125 0.549975990625 0.6682959390625001 0.5012736984374999 0.6602782109375 0.496376975 0.6866630375 0.5495567078125 0.6953387703125