7 0.20780523125 0.4883846015625 0.1535219203125 0.505963753125 0.1654973234375 0.5265337703124999 0.220582003125 0.5057850015625001 0.20780523125 0.4883846015625
9 0.26457149062499996 0.5400575484375 0.2493658171875 0.5300366671875001 0.20525681406250001 0.5574904046875 0.23231391875 0.5774346390625 0.2547443109375 0.5599936265625 0.245420959375 0.5512080890625 0.26457149062499996 0.5400575484375
12 0.31205278281250004 0.5398612609375 0.2848127546875 0.526275159375 0.249199484375 0.5508277828125 0.273316625 0.5711767046875 0.31205278281250004 0.5398612609375
8 0.34323129375 0.5671555749999999 0.32998217812499997 0.5651710828125001 0.296352121875 0.5977776625 0.34001001249999996 0.615039653125 0.3511455171875 0.5977715953125 0.3302243484375 0.5859684765625001 0.34323129375 0.5671555749999999
9 0.3954673390625 0.5638766359375 0.35881421874999997 0.55321535 0.3346345109375 0.5860967078125 0.36820271718750003 0.6022657 0.3954673390625 0.5638766359375
8 0.4542551046875 0.582378178125 0.4334270796875 0.578574059375 0.43330934218749995 0.62255023125 0.4843691703125 0.62643375 0.48351560468750004 0.6072178375 0.45390450937500004 0.6063568546875 0.4542551046875 0.582378178125
11 0.500690540625 0.5677357703125 0.45531955156250004 0.56561691875 0.45637803281249995 0.6024306312500001 0.504945709375 0.608640575 0.500690540625 0.5677357703125
8 0.56254459375 0.579129809375 0.5399103249999999 0.5824698328125 0.561796834375 0.6230876624999999 0.6077140171875001 0.618025734375 0.597993553125 0.5945538578125 0.57098638125 0.60096525 0.56254459375 0.579129809375
11 0.588660940625 0.5503029046875 0.5465984109375001 0.56187394375 0.5715698328125 0.59698406875 0.6155410625 0.5870677859375 0.588660940625 0.5503029046875
7 0.6428895140625001 0.55587781875 0.6259627140624999 0.5625823125 0.6729570078125 0.5959338921875 0.7036604921875 0.5824333171875 0.686435634375 0.5635410140625 0.6645338468750001 0.575698253125 0.6428895140625001 0.55587781875
0 0.654524640625 0.5274294828125 0.6257019140625 0.5401851171875001 0.6644872765625001 0.5716987546875 0.6970994562499999 0.559852934375 0.654524640625 0.5274294828125
12 0.7051979703125 0.4953184609375 0.6908844078125 0.5100952234375 0.74525269375 0.5276686359375 0.7582875828125 0.511255434375 0.7051979703125 0.4953184609375
0 0.714297725 0.51957191875 0.7068026453125 0.5249513921875 0.7631262015625 0.54817905625 0.7761331484375 0.5293661562499999 0.7540078203125 0.5223258000000001 0.7452713234375 0.5292684359375001 0.714297725 0.51957191875
11 0.4535765140625 0.46721187343750004 0.4163771984375 0.46373136718749997 0.41418310625 0.49165458281249996 0.45137310781249995 0.4943351921875 0.4535765140625 0.46721187343750004