7 0.18396103125000002 0.5505600546875 0.13297104843750002 0.577436740625 0.1476259515625 0.5957658218749999 0.19896325937499998 0.565604853125 0.18396103125000002 0.5505600546875
9 0.24704333125 0.591966275 0.23067807031249998 0.584665825 0.1910798546875 0.619572215625 0.2204947125 0.6346592859375 0.24014642187500002 0.6134554578125 0.2297441015625 0.60635845625 0.24704333125 0.591966275
12 0.2937588109375 0.5835196296875 0.265049665625 0.5747731171875 0.233410878125 0.6053244249999999 0.259987875 0.6213239859375 0.2937588109375 0.5835196296875
8 0.3282549671875 0.605183446875 0.3149354375 0.60551695625 0.28637106874999996 0.6437150203125 0.3317548453125 0.6532555859375 0.34031143125 0.6341863328125 0.31807127031250004 0.6261107921875 0.3282549671875 0.605183446875
9 0.3792217859375 0.59285174375 0.341653425 0.5886432609375001 0.32243070937499996 0.625471575 0.35772944687499997 0.6356811375 0.3792217859375 0.59285174375
8 0.43967281406250003 0.6009927828125 0.41863874375 0.600837946875 0.42464946093749995 0.64449315 0.47545620624999996 0.6394727140625001 0.4719388140625 0.6205543359375 0.44266830625000003 0.6248462171875 0.43967281406250003 0.6009927828125
11 0.48334611406250005 0.5783939375 0.438385578125 0.5841766640625 0.44455636875 0.6205205968749999 0.4932338328125 0.618241640625 0.48334611406250005 0.5783939375
8 0.545825546875 0.5789497578125 0.5240086265625 0.5861975078125 0.5512134875 0.622696275 0.59571131875 0.609693596875 0.58287200625 0.588093296875 0.5571780859375 0.5991485484375 0.545825546875 0.5789497578125
11 0.5675196375 0.54580784375 0.5277233390625 0.5645991890625 0.55719781875 0.595096878125 0.5991036656250001 0.5776157265624999 0.5675196375 0.54580784375
7 0.621681484375 0.5419149671875 0.6059519921875001 0.5515091546875001 0.6568618328125 0.5764345468750001 0.685206934375 0.5577027625000001 0.665617953125 0.5419506875 0.645750509375 0.557819896875 0.621681484375 0.5419149671875
0 0.62917231875 0.511665409375 0.6025749421875 0.529331175 0.6451474640625 0.5538595453124999 0.6756021125 0.5364379515625 0.62917231875 0.511665409375
12 0.6745839296875 0.4709970640625 0.6625516359375 0.4881466890625 0.7185226171875 0.49613487031250003 0.729068140625 0.477583740625 0.6745839296875 0.4709970640625
0 0.686921075 0.4934807515625 0.680292015625 0.500121046875 0.738975590625 0.5133797718750001 0.7491592875 0.492452428125 0.7263972296875 0.4893119453125 0.7187638359374999 0.4977190125 0.686921075 0.4934807515625
11 0.42296016718749996 0.4868385609375 0.3858545125 0.48985003125000004 0.38758471875 0.51793776875 0.424569765625 0.514134228125 0.42296016718749996 0.4868385609375