7 0.2054694546875 0.45350109375000003 0.149043571875 0.46358424062500003 0.1582270453125 0.48546139843749997 0.2158745171875 0.47236054375 0.2054694546875 0.45350109375000003
9 0.2551215703125 0.512019878125 0.2413113703125 0.5001110859375 0.19370283906250002 0.5212871171875 0.2179946765625 0.54456076875 0.24266936874999998 0.5303614390625 0.234554340625 0.5204557671875001 0.2551215703125 0.512019878125
12 0.302449934375 0.5181651281249999 0.2771268515625 0.5011350609375 0.23836939375 0.520585284375 0.25967831874999997 0.5438654015625 0.302449934375 0.5181651281249999
8 0.32986615937499997 0.5492348796875001 0.31693202187499997 0.545509759375 0.2790748375 0.5731645328125 0.3202629921875 0.5960101671875 0.3336623171875 0.5804734703125 0.3143961703125 0.566044684375 0.32986615937499997 0.5492348796875001
9 0.3823429703125 0.5529759296875 0.347251753125 0.537572575 0.31877257187499997 0.5667598546875 0.3500550578125 0.5871810078124999 0.3823429703125 0.5529759296875
8 0.4384383984375 0.579063384375 0.4181969234375 0.5725326453124999 0.4122074203125 0.61586974375 0.4625560359375 0.6265147015625 0.4642716203125 0.60745721875 0.43488721249999995 0.6026553609375 0.4384383984375 0.579063384375
11 0.48665386406250005 0.5708276609375 0.44173698593750005 0.562681815625 0.43787567968749996 0.59911500625 0.48543089375 0.6117207109375 0.48665386406250005 0.5708276609375
8 0.5467530890625001 0.59031770625 0.5237582171875 0.5905887109375 0.5401383859375 0.6335526375 0.5865582593750001 0.6346924046875 0.5800087078125 0.61025555625 0.5522473046874999 0.6129706109375 0.5467530890625001 0.59031770625
11 0.57662020625 0.56538595 0.533171271875 0.5711776234375 0.5533601703125 0.609123753125 0.5984896390625 0.605218190625 0.57662020625 0.56538595
7 0.6298997578125001 0.5781213546874999 0.6121415578125 0.5824710843750001 0.654505059375 0.62162365 0.6868954578124999 0.612413359375 0.67225830625 0.5914893328125 0.648815775 0.6005503562500001 0.6298997578125001 0.5781213546874999
0 0.6452897390625 0.551629559375 0.6148724750000001 0.5603565484375 0.6493034390625 0.59660133125 0.683374371875 0.5892771515625 0.6452897390625 0.551629559375
12 0.700059725 0.5267385953125 0.6838269984374999 0.5393950390625 0.7356435578125 0.5639775171875 0.7508209484374999 0.549537128125 0.700059725 0.5267385953125
0 0.7058865437499999 0.5518630812499999 0.6977014125000001 0.5561657078125 0.7507108421875001 0.58658331875 0.7661808328124999 0.569773515625 0.7450790890625 0.559879225 0.7354484921875 0.565557128125 0.7058865437499999 0.5518630812499999
11 0.4531407140625 0.46543894999999996 0.4165465015625 0.4570416703125 0.41063205468749997 0.48427617031250003 0.44732379843750003 0.49188364531250006 0.4531407140625 0.46543894999999996