7 0.21071256875 0.4968307125 0.157270915625 0.5169495359375 0.1700573671875 0.5369774953124999 0.224169321875 0.51364939375 0.21071256875 0.4968307125
9 0.2694547890625 0.5459000203125 0.25387558125 0.5365794078125 0.21098738906249997 0.566106621875 0.23879530624999998 0.5848063640625 0.2604630046875 0.5663083515625 0.25080294375 0.557950215625 0.2694547890625 0.5459000203125
12 0.3168187640625 0.5434936078125 0.28908755625000004 0.531165246875 0.2545572640625 0.5573937578125 0.2794484828125 0.576635328125 0.3168187640625 0.5434936078125
8 0.349038253125 0.5693570796875 0.3357387328125 0.567987778125 0.3035154390625 0.6021839375 0.34777657031250003 0.61742676875 0.3581824375 0.59962755 0.336828234375 0.588789396875 0.349038253125 0.5693570796875
9 0.4010203578125 0.5636444109375 0.36401697187500004 0.554681171875 0.3412334734375 0.58871245625 0.3753835875 0.603331090625 0.4010203578125 0.5636444109375
8 0.4604270640625 0.579423509375 0.43949190156249995 0.5765859796874999 0.4411672984375 0.6206003984375 0.49226789843749996 0.622110271875 0.49063288437499997 0.60291976875 0.4610548625 0.60343636875 0.4604270640625 0.579423509375
11 0.5061586390625 0.562608890625 0.460805721875 0.5626002171875 0.463362621875 0.5993920921875 0.5120716562500001 0.60334611875 0.5061586390625 0.562608890625
8 0.568334809375 0.5711324703125 0.5458888203125001 0.575528475 0.5693808859375 0.6151578796875 0.6149859859375 0.6079550015625 0.6043309765625 0.5849180656249999 0.5776473671875 0.5925912640625 0.568334809375 0.5711324703125
11 0.5932157859375 0.5410685203125001 0.5517218359375 0.5546059484375 0.5780671703125 0.588579959375 0.6215328875 0.57660968125 0.5932157859375 0.5410685203125001
7 0.64754679375 0.5441235609375 0.6309323 0.55162089375 0.67917810625 0.5828100125 0.7092605 0.5678703078125 0.691305078125 0.549765646875 0.669949353125 0.5629513453125 0.64754679375 0.5441235609375
0 0.6579953234375 0.5151124796875 0.6297589890624999 0.5292191484375001 0.669739834375 0.5589510343749999 0.7017939906249999 0.5455784796875001 0.6579953234375 0.5151124796875
12 0.7072428562499999 0.48061897968749995 0.6935646796875 0.4960729671875 0.7485242453125001 0.5111289453125 0.760859975 0.494096815625 0.7072428562499999 0.48061897968749995
0 0.7173104484375 0.50446696875 0.710051940625 0.5101993031250001 0.7671927937499999 0.530822740625 0.7794028109375 0.5113904234375 0.7570413921875 0.505374628125 0.7486080546875 0.5127290703125 0.7173104484375 0.50446696875
11 0.45505482812500003 0.4642029734375 0.4177992578125 0.4624512875 0.4167486171875 0.4904974328125 0.453962284375 0.491449059375 0.45505482812500003 0.4642029734375