7 0.2216925171875 0.5337483546875 0.1708054875 0.5557747140625 0.1855825203125 0.57539553125 0.2367981140625 0.5501301046875 0.2216925171875 0.5337483546875
9 0.2850822 0.580862065625 0.2686572359375 0.5720674265625 0.22922069843749998 0.603152015625 0.25875431249999997 0.6209170187499999 0.2783031875 0.6016251015625 0.2678486109375 0.5935879875000001 0.2850822 0.580862065625
12 0.3317975625 0.576795634375 0.303007328125 0.5654119640624999 0.27151321875 0.592899221875 0.298211303125 0.611309059375 0.3317975625 0.576795634375
8 0.366456109375 0.6015844 0.35312453125 0.6006771671875 0.3247526015625 0.6360672468749999 0.37023960625 0.6497934890625 0.37869413125 0.6315953234375 0.356383584375 0.6214819546875 0.366456109375 0.6015844
9 0.4174046515625 0.5940437640625 0.379772321875 0.586355925 0.360743878125 0.6212509093749999 0.39613915 0.6347050703125 0.4174046515625 0.5940437640625
8 0.477966584375 0.6077780390624999 0.45690952031250004 0.6056665125 0.46318076875 0.6497096499999999 0.5140116453125 0.649436684375 0.510380390625 0.6302652703125 0.48110412968749994 0.6318165703124999 0.477966584375 0.6077780390624999
11 0.5215541578125 0.5893318828125 0.47658007031249994 0.5909081578125 0.4829689859375 0.627683625 0.531684309375 0.6299432375 0.5215541578125 0.5893318828125
8 0.5841024546875 0.5956994671875 0.562304825 0.6008886171875 0.58975080625 0.639775609375 0.6342196578125 0.6309646718749999 0.6212410734375 0.6082544234375 0.59558454375 0.616875359375 0.5841024546875 0.5956994671875
11 0.605626334375 0.5647063828125 0.5658976640625 0.579720759375 0.595580703125 0.6128414296875 0.6374287703125 0.5993284046875 0.605626334375 0.5647063828125
7 0.6598224046875 0.5658687546875 0.6441322625 0.5739615859375 0.695240725 0.6035264796875001 0.72350651875 0.5875058531249999 0.7038052312499999 0.5699927890625001 0.68400933125 0.5839509578125 0.6598224046875 0.5658687546875
0 0.667144953125 0.536435003125 0.6406225125 0.5515564296875 0.6833825906250001 0.5799500375 0.7137677765625 0.5654307609375 0.667144953125 0.536435003125
12 0.7123674390625 0.5001520390625 0.700422371875 0.5161146859375 0.7564986640625 0.529279821875 0.766947234375 0.51178281875 0.7123674390625 0.5001520390625
0 0.724848471875 0.523695478125 0.7182511203125 0.5296928421875 0.7770735453125 0.548360246875 0.787146071875 0.5284626921875 0.764341815625 0.5232164421875 0.7567493609375 0.5308801890625 0.724848471875 0.523695478125
11 0.4605716234375 0.49251680000000003 0.423444528125 0.492063625 0.4253401171875 0.5202020953125001 0.4623418640625 0.5198550875 0.4605716234375 0.49251680000000003