7 0.1507134609375 0.530886309375 0.2060388171875 0.5085203609375 0.193464871875 0.4914796390625 0.1389777796875 0.5106504515625 0.1507134609375 0.530886309375
9 0.249628490625 0.5415367609375 0.23453975625 0.5319513546875 0.1901118203125 0.5607075734375 0.2169362359375 0.5798783859375 0.23956933593750002 0.56177261875 0.2303484421875 0.5532522578125 0.249628490625 0.5415367609375
12 0.2341313328125 0.5527617453125 0.2580111203125 0.5724230703125001 0.2971112703125 0.5399587968749999 0.270029896875 0.5271558515625 0.2341313328125 0.5527617453125
8 0.3279714375 0.566364875 0.3147456515625 0.5647645078125 0.2807364859375 0.59837224375 0.3241926421875 0.6143759265625001 0.33552903125 0.5967718750000001 0.3147456515625 0.5855692953125 0.3279714375 0.566364875
9 0.319154246875 0.5855692953125 0.3525336140625 0.6007727953125 0.3802447859375 0.5615637703125 0.343716421875 0.5519615609375 0.319154246875 0.5855692953125
8 0.43881612812500004 0.5783676390625 0.4180327484375 0.5751669015624999 0.4174029484375 0.6191770328125 0.46841669843749995 0.621577584375 0.46778689843750004 0.6023731640625 0.438186328125 0.6023731640625 0.43881612812500004 0.5783676390625
11 0.4407055265625 0.59837224375 0.48920007656250003 0.6031733484374999 0.48542128125 0.5623639546875 0.4400757265625 0.5615637703125 0.4407055265625 0.59837224375
8 0.5471416203125 0.5719661656249999 0.5244688421875 0.5759670859375 0.545882021875 0.6159762953125 0.591857375 0.609574821875 0.5824103843749999 0.5863694796875001 0.5553290109375 0.5935711390625 0.5471416203125 0.5719661656249999
11 0.5559588109375 0.5895702171874999 0.6000447671875 0.5783676390625 0.5735931921875 0.54235935 0.5313966359375 0.5551622968750001 0.5559588109375 0.5895702171874999
7 0.6277559390625 0.5463602703125 0.61075135625 0.5535619296875 0.657356509375 0.5855692953125 0.6882166796875 0.57116598125 0.6712120953125 0.5527617453125 0.6491691171875 0.565564690625 0.6277559390625 0.5463602703125
0 0.6491691171875 0.5615637703125 0.681918684375 0.548760825 0.6397221265625 0.517553640625 0.61075135625 0.531156771875 0.6491691171875 0.5615637703125
12 0.7304458703125001 0.5151530875 0.74367165625 0.49834922031250006 0.690768509375 0.4839459046875 0.6762831234375 0.499149403125 0.7304458703125001 0.5151530875
0 0.6995857 0.50795143125 0.6920281078125 0.5135527203125 0.7480802515625 0.5351576921875 0.7613060390624999 0.5159532718750001 0.7392630609374999 0.5095517984375 0.7304458703125001 0.51675345625 0.6995857 0.50795143125
11 0.3998012 0.48874700937500004 0.4369593640625 0.49034737812499996 0.4394785609375 0.46314111562500004 0.4023203984375 0.4607405640625 0.3998012 0.48874700937500004