7 0.20776546875 0.48697669374999997 0.153836190625 0.5074157078125 0.166160675 0.5273784140625 0.22083524843750002 0.5037247546875 0.20776546875 0.48697669374999997
9 0.2653856015625 0.53572659375 0.250017959375 0.52649238125 0.20642674374999997 0.556282671875 0.2338089734375 0.5748291390625 0.25591525000000004 0.55619658125 0.2464464390625 0.5478908390624999 0.2653856015625 0.53572659375
12 0.3128224671875 0.5330434546875 0.285368565625 0.5208708359374999 0.25021505624999996 0.5473122781249999 0.27466693124999997 0.5664177953125 0.3128224671875 0.5330434546875
8 0.344450971875 0.5587312546875001 0.3311786203125 0.557438721875 0.29814734062500003 0.5918380296875 0.34206915625 0.606830259375 0.35289331874999996 0.58896235 0.331783978125 0.578243509375 0.344450971875 0.5587312546875001
9 0.3965846234375 0.552713475 0.3597768625 0.543961471875 0.33619257343750003 0.5781408984375 0.3700143171875 0.5925674843750001 0.3965846234375 0.552713475
8 0.45564490781250006 0.5681540796875 0.4347683953125 0.56543708125 0.43541915937500003 0.609461871875 0.486502759375 0.6106750640625 0.4853141671875 0.591485303125 0.455713596875 0.5921742640625001 0.45564490781250006 0.5681540796875
11 0.5017844015625 0.5510656484374999 0.45641556406249995 0.55132089375 0.45811638125 0.588114709375 0.506750628125 0.591787090625 0.5017844015625 0.5510656484374999
8 0.5637841359375 0.559231303125 0.5412277734375001 0.5637599375 0.5638051015625 0.60327075 0.609594190625 0.5957991890625001 0.59947199375 0.5728137281250001 0.5726001671875001 0.5806457125 0.5637841359375 0.559231303125
11 0.5893742375000001 0.5290088203125001 0.547550209375 0.542793903125 0.5731135515625 0.5766301328125001 0.616873546875 0.5644014421875 0.5893742375000001 0.5290088203125001
7 0.6436534 0.5317490890625 0.6268583640625 0.539346534375 0.6743948359374999 0.570269153125 0.7048359125 0.5551475609375001 0.68729581875 0.5371391109375 0.66562536875 0.5504551109375 0.6436534 0.5317490890625
0 0.6547814 0.5026639421875 0.6262064390625001 0.5169413765625 0.6655089546874999 0.546454190625 0.69788599375 0.5328889921875 0.6547814 0.5026639421875
12 0.704849896875 0.46786808906250005 0.6908068875 0.48340873906250004 0.7454352937500001 0.49815177187500004 0.7581721375 0.48104007031249996 0.704849896875 0.46786808906250005
0 0.7143655765625 0.49166839375000004 0.706970965625 0.4974455875 0.76365175 0.51774593125 0.7763187453125 0.4982336765625 0.7540895046875 0.49234525937500007 0.7454818609375 0.49975214062499995 0.7143655765625 0.49166839375000004
11 0.452954590625 0.4529121390625 0.41572657968750004 0.45137645312499997 0.4140222859375 0.4794415328125 0.45122701562499995 0.48017703593750005 0.452954590625 0.4529121390625