4 0.4815478890625 0.55678788125 0.48220467031250003 0.49881882343750006 0.4294808921875 0.4966696203125 0.42593321093750003 0.5553045640625001 0.4815478890625 0.55678788125
12 0.8872832468749999 0.69872344375 0.8183458187499999 0.6426198515625 0.781991884375 0.6732707640625 0.849938365625 0.730117690625 0.8872832468749999 0.69872344375
3 0.872173221875 0.7145657828124999 0.8513223609375 0.7309578328125 0.8069281703125 0.6970153484375 0.7912202515625 0.7151844984375 0.8640638562499999 0.77850086875 0.8995254234375001 0.7376251203125 0.872173221875 0.7145657828124999
1 0.789678790625 0.7809547671875 0.73576945 0.71057295 0.68450265 0.7351298734375 0.7378550671874999 0.807056440625 0.789678790625 0.7809547671875
5 0.7386821375 0.8094413390625 0.7168416 0.7811205828125 0.6879568968750001 0.7964014203125 0.742037803125 0.8816810531250001 0.7992502828125 0.8526641312500001 0.762096146875 0.7986398625 0.7386821375 0.8094413390625
4 0.6759989640625 0.8429376187500001 0.6452334875 0.7578246765625 0.5832224625 0.7694039874999999 0.6081241953125 0.8574128125 0.6759989640625 0.8429376187500001
12 0.6099422125 0.859054375 0.596070221875 0.8240048984375001 0.56391820625 0.8289640921875 0.5884755421875 0.932633428125 0.6578162484375001 0.9174342640625 0.6407512 0.8524729828125001 0.6099422125 0.859054375
8 0.5272032359375001 0.8846795671875001 0.5261085640625 0.7874527421875 0.4590122109375 0.7870688453125 0.4540549328125 0.8816977890625 0.5272032359375001 0.8846795671875001
5 0.45389105625 0.8848260187499999 0.4546784265625 0.8425368328125 0.42574506718749994 0.8405736812500001 0.4172004109375 0.9491634859375001 0.492330609375 0.9506585968750001 0.49616507343749994 0.886549253125 0.45389105625 0.8848260187499999
10 0.37970315 0.8653435859374999 0.40859808124999997 0.7771765171875 0.34585088124999996 0.7573767218749999 0.31652193125 0.8447423734375 0.37970315 0.8653435859374999
12 0.31643999218749996 0.8463064859375 0.324810546875 0.8137311468749999 0.290030084375 0.8052598281250001 0.2500055625 0.8968918562500001 0.31729780625 0.9207955625 0.3425887140625 0.8559934015625 0.31643999218749996 0.8463064859375
11 0.24189479375 0.816621034375 0.29460446875 0.737262009375 0.243707665625 0.709324275 0.188434840625 0.783092725 0.24189479375 0.816621034375
8 0.1873209859375 0.78618223125 0.2070503046875 0.754853640625 0.1844723234375 0.7406099187499999 0.119060853125 0.8170999921875 0.17338884375000002 0.8522311406249999 0.21270793281249997 0.8013241843750001 0.1873209859375 0.78618223125
4 0.13768654375 0.7159746734375 0.20512856406250002 0.65524191875 0.1654842609375 0.6214930562500001 0.09872207656250001 0.6783348859375 0.13768654375 0.7159746734375
11 0.09816515 0.6798796375 0.120293740625 0.6572698515625001 0.1017614859375 0.6384886812499999 0.0279154359375 0.6942580203125 0.0633501328125 0.7356725609375 0.11397037968749998 0.6961984593749999 0.09816515 0.6798796375