4 0.4379383265625 0.496284453125 0.4374627578125 0.5549864375 0.4931042578125 0.55420374375 0.4907264171875 0.496284453125 0.4379383265625 0.496284453125
12 0.7993702984375 0.6583019265625001 0.8702299874999999 0.7123077515625 0.9058976171875001 0.679434640625 0.834086790625 0.626211509375 0.7993702984375 0.6583019265625001
3 0.88687488125 0.76005203125 0.9201646671875 0.7177866015625 0.8916305640625 0.6958711953125001 0.8716566921875 0.71309044375 0.825526559375 0.6810000265625 0.8107839390624999 0.6997846609375 0.88687488125 0.76005203125
1 0.7052077578125 0.7240481484375 0.7622759640625001 0.7937078328125 0.8126862125000001 0.76553088125 0.7551424390625 0.6974365812500001 0.7052077578125 0.7240481484375
5 0.826002128125 0.8367559546875001 0.7860543828125001 0.7843155171875 0.7632271015625001 0.7960559140625 0.73992425 0.7686616546875 0.711865715625 0.7850982109375 0.7703606265625 0.8680636796875 0.826002128125 0.8367559546875001
4 0.605813965625 0.7624001093749999 0.63529920625 0.84927904375 0.7023543484375 0.8320597968750001 0.6671622875 0.748311634375 0.605813965625 0.7624001093749999
12 0.688087296875 0.9071983343750001 0.66763785625 0.8430175 0.6372014796875 0.8508444296875 0.621507721875 0.8164059328125 0.589644640625 0.8226674796875001 0.6196054484375 0.9252002750000001 0.688087296875 0.9071983343750001
8 0.4826417546875 0.7850982109375 0.4826417546875 0.8798040765625 0.5558792859375 0.8798040765625 0.549696896875 0.78275013125 0.4826417546875 0.7850982109375
5 0.524491771875 0.9471156828125 0.5249673390625 0.8829348484375 0.4826417546875 0.8829348484375 0.48121504843749996 0.8406694203124999 0.45220537656250004 0.8398867265625001 0.44935196718750003 0.94868106875 0.524491771875 0.9471156828125
10 0.3680297734375 0.76005203125 0.34330021718750003 0.8484963515624999 0.4075019484375 0.8664982921875 0.4317559375 0.777271278125 0.3680297734375 0.76005203125
12 0.3480559015625 0.9244175828125 0.369932046875 0.8586713625 0.34330021718750003 0.8500617374999999 0.349958175 0.8171886265625 0.3147661140625 0.8101443890625 0.279574053125 0.9032848687499999 0.3480559015625 0.9244175828125
11 0.263464884375 0.716221215625 0.2121034984375 0.792142446875 0.2672694328125 0.823450171875 0.3157774078125 0.7420500890625 0.263464884375 0.716221215625
8 0.20068985781249998 0.861802134375 0.2373086234375 0.809361696875 0.21115236249999997 0.7952732203124999 0.22922396093750003 0.7631828031250001 0.2059211109375 0.7498770203125 0.14457278906249998 0.8289290234375001 0.20068985781249998 0.861802134375
4 0.1807159859375 0.6316903609375 0.1169898234375 0.6911750375 0.157888703125 0.7271789203125001 0.2220904359375 0.663780778125 0.1807159859375 0.6316903609375
11 0.084651171875 0.7498770203125 0.1331591484375 0.708394284375 0.11651425468750001 0.6927404234375001 0.1374392625 0.6692596296875 0.117940959375 0.6512576890624999 0.0470812703125 0.709959671875 0.084651171875 0.7498770203125