4 0.49994296875 0.5252131859375 0.499587878125 0.467210578125 0.44682390781250003 0.46751820468750005 0.44429957499999995 0.52632145 0.49994296875 0.5252131859375
12 0.9081765484375 0.6482486 0.8382562765625 0.59535465625 0.8024355375000001 0.6277012265625 0.871377784375 0.6813847187500001 0.9081765484375 0.6482486
3 0.8933422984374999 0.6647958734375 0.87277651875 0.6821604109375 0.8277875734375 0.65028498125 0.812396015625 0.6691870453125001 0.8863485687500001 0.7291121031250001 0.9210984109375 0.6865817625 0.8933422984374999 0.6647958734375
1 0.8120025625 0.7350324859375 0.7568619 0.6671592828125 0.7060211640625 0.6941064953125 0.7606318359375 0.7635504828124999 0.8120025625 0.7350324859375
5 0.7615005796875 0.7658969609375 0.7391645671875 0.7385925390625 0.7105451390625 0.7552201859375 0.7661174265625 0.8379839671875 0.8228262953125001 0.8062994578125 0.7847272265624999 0.7540038375 0.7615005796875 0.7658969609375
4 0.6993989328125 0.8023159890624999 0.667146165625 0.718632403125 0.6053341203125 0.7331020296874999 0.631773396875 0.8199548968749999 0.6993989328125 0.8023159890624999
12 0.6336201609375001 0.8215118234375 0.6191356421875 0.7871070046875001 0.5870685640625 0.793564740625 0.6134367921874999 0.8960949625 0.682515703125 0.8776637359375 0.6643158265625 0.813494390625 0.6336201609375001 0.8215118234375
8 0.55132429375 0.8509939703124999 0.54853238125 0.7538132203125001 0.48142591875 0.756556009375 0.47812022968749995 0.8514207687500001 0.55132429375 0.8509939703124999
5 0.47801095 0.8545567921874999 0.4780601625 0.8122287671875 0.44909106562499995 0.81161381875 0.4424415125 0.9206073187499999 0.5176016234375 0.9186014218749999 0.52031719375 0.8543101375000001 0.47801095 0.8545567921874999
10 0.40347919218749995 0.8385305453124999 0.4308365515625 0.7490124859375 0.367740540625 0.7321357203125001 0.339935153125 0.8208725421875 0.40347919218749995 0.8385305453124999
12 0.3398805125 0.8224405546875 0.34768285625 0.789473490625 0.3127527546875 0.7826225203125 0.274325725 0.8761243515625001 0.34203864687499996 0.8968934375 0.36619965625 0.830909425 0.3398805125 0.8224405546875
11 0.264813340625 0.7962274171875 0.31614040625 0.7144080796875001 0.2647533375 0.688840728125 0.2107654046875 0.76518865 0.264813340625 0.7962274171875
8 0.20970542499999997 0.76833021875 0.228888875 0.7360806484375 0.2060611078125 0.7228883421875001 0.14198152343749998 0.8024304859375 0.1969255203125 0.8350317234375 0.23535797656250002 0.7822899046875 0.20970542499999997 0.76833021875
4 0.1588429203125 0.700432071875 0.22522821875000001 0.636553421875 0.184992784375 0.604650278125 0.11921943906250002 0.6646061249999999 0.1588429203125 0.700432071875
11 0.1186894484375 0.6661769093750001 0.1404244875 0.642534778125 0.1215634484375 0.6246162625 0.0486871546875 0.6838296749999999 0.0848465828125 0.7235950515625 0.134780340625 0.681760034375 0.1186894484375 0.6661769093750001