4 0.47811538750000004 0.57795711875 0.47002345781250005 0.5204473140625 0.41744974218750003 0.5253592796875 0.4227771984375 0.5839147437500001 0.47811538750000004 0.57795711875
12 0.90160803125 0.6643703546874999 0.824829175 0.61800223125 0.7934249328125 0.6532187515625 0.8693338609374999 0.700455528125 0.90160803125 0.6643703546874999
3 0.8906293812499999 0.746495828125 0.9196071890624999 0.7012701203125 0.8890232234375001 0.6820810500000001 0.8708321203124999 0.701102921875 0.8217180609374999 0.6734092296874999 0.8088916609375 0.693504628125 0.8906293812499999 0.746495828125
1 0.8172834328125 0.7588601765625 0.75324408125 0.69634165625 0.706142015625 0.7275131906250001 0.7698624281249999 0.7916362625 0.8172834328125 0.7588601765625
5 0.83758393125 0.8286147250000001 0.79261610625 0.7800618734375 0.7710417453125 0.7938882078125 0.7451263531250001 0.7687513203125 0.718806071875 0.787745325 0.785262309375 0.86499818125 0.83758393125 0.8286147250000001
4 0.71397420625 0.8354393312499999 0.670648834375 0.75523798125 0.610941915625 0.7749891703125 0.64889303125 0.858842140625 0.71397420625 0.8354393312499999
12 0.7071904906250001 0.9116612390625001 0.68048156875 0.849591815625 0.650942275 0.86022543125 0.63190894375 0.8273591687499999 0.60079404375 0.836565246875 0.640765753125 0.9359769546875001 0.7071904906250001 0.9116612390625001
8 0.572812209375 0.896658046875 0.5570637875 0.8004947843749999 0.49051300312499996 0.8090747578125 0.4998721 0.90347284375 0.572812209375 0.896658046875
5 0.5482040796875001 0.9666715281249999 0.5423351890625 0.90265501875 0.500181490625 0.9065934406249999 0.494583790625 0.864598125 0.46561458125 0.86651734375 0.47352411875 0.9752236328125001 0.5482040796875001 0.9666715281249999
10 0.4237225265625 0.8972021078125 0.43906035781249997 0.8060082187500001 0.3738913359375 0.7947746890625 0.3580025203125 0.88523268125 0.4237225265625 0.8972021078125
12 0.3702416375 0.9604646609374999 0.3855317203125 0.8928965171875 0.358157215625 0.8867929796875 0.3615395234375 0.8534071734375 0.3257942484375 0.8496604718749999 0.29994950625 0.9457729031250001 0.3702416375 0.9604646609374999
11 0.27980536875 0.8673426109375001 0.32007216875 0.781693365625 0.2654196078125 0.7608161453125 0.2217695515625 0.8412698546874999 0.27980536875 0.8673426109375001
8 0.217286225 0.9117652062499999 0.24857396875 0.856087790625 0.22113166875 0.84447895625 0.2359586140625 0.8108112546875 0.211435484375 0.7997170578125 0.1581484390625 0.8842206546875 0.217286225 0.9117652062499999
4 0.16135505 0.7815621687500001 0.21903087499999999 0.71239605 0.1746531859375 0.684259840625 0.11706425937500001 0.749480959375 0.16135505 0.7815621687500001
11 0.0906580296875 0.8110013015625 0.1348695734375 0.76513968125 0.1167453171875 0.7510855109375 0.135264909375 0.725733940625 0.1140667890625 0.7096048328125 0.049295959375 0.77470958125 0.0906580296875 0.8110013015625