4 0.4959505125 0.5516049984375 0.49054467031250004 0.49392098281249996 0.4378289234375 0.4969903875 0.44042623125 0.5556217015625 0.4959505125 0.5516049984375
12 0.9147322328125 0.6526239359375 0.8402343359375 0.6036654484375 0.8072449046875001 0.637720734375 0.8808339296875 0.6875159078124999 0.9147322328125 0.6526239359375
3 0.9013449546875 0.669862528125 0.8822996421875 0.6882143328125 0.8345532453125 0.6588599390625001 0.8208139421875 0.6784703328125 0.8999547546875 0.7342123875000001 0.930986915625 0.6900820890625 0.9013449546875 0.669862528125
1 0.8261545 0.743995821875 0.7651258078125001 0.67936150625 0.7166523015624999 0.70883199375 0.7772880046874999 0.7750567234375 0.8261545 0.743995821875
5 0.7783607265625 0.7773455671875 0.75365610625 0.7513521562500001 0.7264962484375 0.7693926671875 0.7892530718749999 0.8488179390624999 0.8431797984375 0.8143273328125 0.8005422796874999 0.764297525 0.7783607265625 0.7773455671875
4 0.7194556953125 0.8168286421875001 0.679928825 0.7352670234375001 0.6194019125 0.7528990484375 0.6533936359375 0.8379180234374999 0.7194556953125 0.8168286421875001
12 0.655375228125 0.839370178125 0.63790060625 0.8059018890624999 0.606408896875 0.814005653125 0.641694796875 0.914624615625 0.70914064375 0.8926708953125001 0.6853602624999999 0.829786609375 0.655375228125 0.839370178125
8 0.575680115625 0.8730098625 0.5644267875 0.7764779578125001 0.49758643124999996 0.78272108125 0.5025429531250001 0.87726831875 0.575680115625 0.8730098625
5 0.5027068046875 0.8803938468749999 0.49907005312499997 0.83828216875 0.470059175 0.8391875765625001 0.47290353124999995 0.9479656078125 0.5478584328125 0.9420337796875 0.544974384375 0.877932790625 0.5027068046875 0.8803938468749999
10 0.42680975312499997 0.8683538875 0.446360721875 0.7778660562499999 0.38182070625 0.764381059375 0.361753859375 0.8541151609375 0.42680975312499997 0.8683538875
12 0.361835784375 0.855677925 0.366764171875 0.8224727406250001 0.3312516734375 0.8174865734375001 0.3009824390625 0.91251731875 0.3704764359375 0.9296327046874999 0.388881709375 0.8627246 0.361835784375 0.855677925
11 0.28451645625 0.8335318031250001 0.3286978015625 0.749447525 0.27510519218749996 0.7267036671875 0.22778760468749998 0.8054841843749999 0.28451645625 0.8335318031250001
8 0.22700162499999998 0.8086650203125 0.24336897343750002 0.7755775640625 0.2194016890625 0.7636490296875 0.1622747046875 0.8461357749999999 0.2200353125 0.8756908515624999 0.2538593734375 0.8212090203125 0.22700162499999998 0.8086650203125
4 0.17024718125 0.7437818328125 0.23104292499999998 0.676756815625 0.18804569531249998 0.6471259015624999 0.1275200546875 0.7102163515625 0.17024718125 0.7437818328125
11 0.1271270625 0.71180676875 0.1467945046875 0.687148603125 0.1263807734375 0.6703105578125 0.058690420312500005 0.7330344125 0.0982979453125 0.77070036875 0.1445684046875 0.7264665796875 0.1271270625 0.71180676875