4 0.4667829015625 0.564980196875 0.4708121390625 0.507074953125 0.41830267968749996 0.5021669796875 0.4113486828125 0.56058644375 0.4667829015625 0.564980196875
12 0.8635714078125 0.728082190625 0.7980156703125 0.6683985078125 0.759939509375 0.6971308859375 0.8244627156250001 0.757505653125 0.8635714078125 0.728082190625
3 0.8357485890625 0.806603671875 0.8735289375 0.767604940625 0.847564996875 0.743125540625 0.825795478125 0.758417815625 0.783451746875 0.7221687203125 0.7667130421875 0.7395064015624999 0.8357485890625 0.806603671875
1 0.7613466234375 0.8051625859374999 0.7116244734375 0.7319945828125001 0.6590153359375 0.7538554421875 0.7080916046875 0.8285382578125 0.7613466234375 0.8051625859374999
5 0.7667287140625 0.8773365656250001 0.7327814625 0.8213948703125 0.708778484375 0.8309652390625001 0.6886230703125 0.8015156046874999 0.6588979734375 0.8152766921874999 0.7079244046875 0.9033439234375 0.7667287140625 0.8773365656250001
4 0.6442520609375 0.861163315625 0.61849189375 0.7744831484375 0.5559119609375001 0.78281056875 0.57564978125 0.8720782046875 0.6442520609375 0.861163315625
12 0.6217647125 0.9346703453125 0.6085090375 0.8688487671875 0.5773691875 0.8738141 0.5655604171874999 0.8380562812499999 0.5331742187499999 0.8413299375 0.55165684375 0.946232103125 0.6217647125 0.9346703453125
8 0.49327897343749993 0.89509525 0.49784437031250006 0.79786049375 0.430883928125 0.7939645875 0.42042801250000006 0.8882859875 0.49327897343749993 0.89509525
5 0.45462565625 0.959215346875 0.46218454062500003 0.8953392734375001 0.4200823625 0.8914040515625 0.4233294640625 0.8491775546874999 0.3945593265625 0.8457008625 0.37970963750000003 0.953788253125 0.45462565625 0.959215346875
10 0.34715383125 0.86804809375 0.3811308265625 0.781438315625 0.3196421046875 0.7583640296875 0.2852784640625 0.8441500749999999 0.34715383125 0.86804809375
12 0.2816270328125 0.9202052609375 0.310646359375 0.8567598750000001 0.2851056390625 0.8457091046875 0.2953577796875 0.8135884687500001 0.2611291875 0.80330084375 0.21583978906249998 0.8927912328125001 0.2816270328125 0.9202052609375
11 0.2124141953125 0.81213660625 0.2696530328125 0.7355770015624999 0.22046824375 0.7049892234375 0.16099594374999998 0.775826921875 0.2124141953125 0.81213660625
8 0.141951834375 0.8441426390625001 0.184166953125 0.7953197171874999 0.15970417812499998 0.778856553125 0.1812233015625 0.7485766171875 0.15951246562500002 0.7331582671875 0.08976029375 0.8061854921875 0.141951834375 0.8441426390625001
4 0.11423955 0.706086496875 0.185101821875 0.6489148796875 0.147488671875 0.61310794375 0.0775315234375 0.666426196875 0.11423955 0.706086496875
11 0.0388826265625 0.7218831890625 0.09171442656249999 0.6850788859375 0.0768856390625 0.6679410140625001 0.100292575 0.6465010437500001 0.082884678125 0.626759328125 0.00591806875 0.6786348249999999 0.0388826265625 0.7218831890625