4 0.5170164828125 0.533914515625 0.5139615890625 0.475961990625 0.4611198484375 0.4762693515625 0.46132755156250005 0.5350218234375 0.5170164828125 0.533914515625
12 0.9316880375000001 0.656843696875 0.8591842937499999 0.603995425 0.824806303125 0.6363140656249999 0.8963670609375001 0.6899512062500001 0.9316880375000001 0.656843696875
3 0.9175979359375 0.6733766828125 0.89780433125 0.6907262265624999 0.85125353125 0.6588783203124999 0.8367147296875 0.6777640640625 0.9135849890625 0.7376373796875 0.9464163062500001 0.6951437625 0.9175979359375 0.6733766828125
1 0.839384740625 0.7435526515624999 0.7809893328124999 0.6757380515625 0.7313138703125001 0.7026619984375 0.7892514625 0.7720460234375001 0.839384740625 0.7435526515624999
5 0.7902309171875 0.7743904749999999 0.766585296875 0.7471096296875 0.7386896984375 0.7637229203125 0.7982104296875 0.8464152390624999 0.8535438109375001 0.8147580890624999 0.812944646875 0.762507621875 0.7902309171875 0.7743904749999999
4 0.7297156671875 0.810778059375 0.693512353125 0.7271667296875 0.6322657828125 0.7416238609375 0.6627929453125 0.8284017374999999 0.7297156671875 0.810778059375
12 0.664715384375 0.82995731875 0.6486045421875 0.79558220625 0.6167820125000001 0.8020343671875001 0.647967559375 0.9044760609375 0.7163093203125 0.886060746875 0.6950915281250001 0.8219468093750001 0.664715384375 0.82995731875
8 0.5836478625 0.8594140093749999 0.5763287171875 0.76231716875 0.509232778125 0.7650575890625 0.5103359000000001 0.8598404390625 0.5836478625 0.8594140093749999
5 0.5103723671875 0.8629737562500001 0.5084519078125 0.820682278125 0.4794036359375 0.820067859375 0.47781455 0.9289672515625 0.5530124875 0.9269630875000001 0.5527409671875 0.8627273125 0.5103723671875 0.8629737562500001
10 0.43496474375 0.8469613453125 0.4582040765625 0.75752058125 0.39421258125 0.7406583859375 0.37048808125 0.829318590625 0.43496474375 0.8469613453125
12 0.3705063140625 0.8308852468750001 0.3767881375 0.79794665 0.341478259375 0.7911015921875 0.3073353234375 0.8845226921875 0.3761329203125 0.9052738453125 0.3972654953125 0.83934680625 0.3705063140625 0.8308852468750001
11 0.2940882921875 0.80469474375 0.3416974265625 0.722946053125 0.2890308875 0.697400778125 0.238501625 0.773682778125 0.2940882921875 0.80469474375
8 0.2375859890625 0.776821634375 0.2553021671875 0.7445999078125001 0.2318206515625 0.7314189921875001 0.17133076875 0.810892459375 0.22788777031250002 0.8434655453125 0.2639329328125 0.790769265625 0.2375859890625 0.776821634375
4 0.18347504375 0.7089821125 0.24700357031250003 0.6451586171875 0.2052132859375 0.6132830203124999 0.142115228125 0.6731871 0.18347504375 0.7089821125
11 0.1416574109375 0.6747565265625 0.1623301828125 0.651134809375 0.1426023796875 0.6332317640625 0.0723544296875 0.69239405 0.11042746562500001 0.73212509375 0.1585015546875 0.6903261953125 0.1416574109375 0.6747565265625