4 0.48854898125 0.557291209375 0.4848238109375 0.49946460000000004 0.43204644062500003 0.500999953125 0.4329369953125 0.5596919296875 0.48854898125 0.557291209375
12 0.9041726999999999 0.6704650625 0.8311379265625 0.61935218125 0.7971752453125001 0.6524393015625 0.8692772890624999 0.704362225 0.9041726999999999 0.6704650625
3 0.8902910328125 0.6873099015624999 0.870721915625 0.7051031015625 0.823854390625 0.674367421875 0.8095518937499999 0.6935732203125 0.8870298359375001 0.75160299375 0.919329321875 0.7083864890625 0.8902910328125 0.6873099015624999
1 0.8129837296875 0.7592374109375 0.7538670515625 0.6928444390624999 0.7045617765625 0.720897559375 0.7632394125 0.7888691109375 0.8129837296875 0.7592374109375
5 0.764244996875 0.791188575 0.7403094 0.764483209375 0.71263905 0.781729178125 0.7730527328125001 0.8629596156250001 0.8279543874999999 0.8300462609375 0.7867944375 0.778789009375 0.764244996875 0.791188575
4 0.7042224359375 0.8289483328125 0.6670886578124999 0.7462577515625 0.606080640625 0.7621248328125 0.6375816125 0.8481108984375 0.7042224359375 0.8289483328125
12 0.6395199265625 0.8496203203125001 0.6230279546874999 0.8156522671875001 0.5913170531249999 0.8228380156249999 0.62365776875 0.9244577515625 0.6917067953125 0.9044713140624999 0.669767984375 0.8409113203125 0.6395199265625 0.8496203203125001
8 0.5588881546875 0.8809334796874999 0.5504485234375001 0.7840987671875 0.48346163906250006 0.7883962062500001 0.48566549531250003 0.883063609375 0.5588881546875 0.8809334796874999
5 0.48573835 0.886193109375 0.4833283953125 0.8439863421875 0.4543064 0.8440477187500001 0.45398527343749995 0.95288086875 0.529073390625 0.949130659375 0.5280553390625 0.884962059375 0.48573835 0.886193109375
10 0.41023131562500004 0.8719486859375 0.43240401874999995 0.7820524765625 0.368290096875 0.7666937125 0.345623709375 0.8558213765625 0.41023131562500004 0.8719486859375
12 0.3456601359375 0.8573861265625 0.35155176718750003 0.82433271875 0.316202928125 0.8183149109375 0.2831854453125 0.9124411312499999 0.35214515468749996 0.931573453125 0.3724869078125 0.8652176624999999 0.3456601359375 0.8573861265625
11 0.2690255265625 0.8329967406250001 0.315629428125 0.7502188515625 0.26272647656250003 0.7259219890625 0.2131422484375 0.80330624375 0.2690255265625 0.8329967406250001
8 0.2122641609375 0.8064634093749999 0.229585328125 0.773860409375 0.2059775765625 0.7612377984375 0.1464812953125 0.8420420249999999 0.2033519421875 0.8732696078125001 0.23874295625 0.8197854031249999 0.2122641609375 0.8064634093749999
4 0.1574267265625 0.7399459484375 0.22014011406249998 0.674706234375 0.1780273046875 0.6438322359375 0.1156983234375 0.705146240625 0.1574267265625 0.7399459484375
11 0.115259278125 0.7067248234375 0.1356336265625 0.6826449578125 0.11572036875 0.665217440625 0.0462410953125 0.7259565515624999 0.084732265625 0.7647649609375 0.132265065625 0.7218882062499999 0.115259278125 0.7067248234375