4 0.478746759375 0.5590796 0.482436721875 0.5012046421874999 0.4299298125 0.4959919515625 0.4233198140625 0.5543640625 0.478746759375 0.5590796
12 0.8762491421874999 0.724469271875 0.810385003125 0.6644115078125 0.772498559375 0.6929191 0.8373348 0.7536618640625 0.8762491421874999 0.724469271875
3 0.860339734375 0.7394177765625 0.8386720796875 0.7545816671875001 0.7961425375 0.7180906734375 0.779514615625 0.735328978125 0.8488996375 0.8028196843750001 0.8864307140625 0.7640452343749999 0.860339734375 0.7394177765625
1 0.774533359375 0.8009461812499999 0.724414975 0.7274977546875 0.6719641859375 0.74905014375 0.721445884375 0.8240094499999999 0.774533359375 0.8009461812499999
5 0.722146478125 0.8264401375 0.701831665625 0.796876803125 0.6722042390625 0.810463434375 0.7217139968749999 0.8988052828124999 0.780332165625 0.8731429046875 0.746079559375 0.8170104609375001 0.722146478125 0.8264401375
4 0.657833965625 0.8562594671875001 0.631584759375 0.769439796875 0.56909034375 0.777402378125 0.589335825 0.8667741984375 0.657833965625 0.8562594671875001
12 0.5910643125 0.8685198843749999 0.5790545015624999 0.8326976421875001 0.5467065328125 0.8357826125000001 0.565788521875 0.9407798109375 0.635787596875 0.9296270421875 0.622156828125 0.86373619375 0.5910643125 0.8685198843749999
8 0.507147721875 0.889309596875 0.511144709375 0.7921129031249999 0.444201265625 0.7878281359375 0.43430029843750007 0.8820775718749999 0.507147721875 0.889309596875
5 0.43397299531250005 0.88519325625 0.4369725 0.842990640625 0.408199178125 0.8393470859375001 0.39398713124999996 0.94733533125 0.46889034687500003 0.9531973593749999 0.4760731265625 0.8893728015625 0.43397299531250005 0.88519325625
10 0.360951778125 0.8614160453125 0.394404759375 0.775014078125 0.332818215625 0.75158501875 0.2989740265625 0.8371611015625 0.360951778125 0.8614160453125
12 0.298810375 0.83871894375 0.3088695671875 0.8066617203125 0.2746013953125 0.796176303125 0.22985947499999998 0.8853927687500001 0.295767240625 0.9131860484375001 0.3244002578125 0.849916903125 0.298810375 0.83871894375
11 0.22596666562499998 0.8047277796875001 0.28272617968749997 0.7285100421874999 0.23339256874999997 0.69763991875 0.174367625 0.7681234421875 0.22596666562499998 0.8047277796875001
8 0.1730942515625 0.7711452046875 0.1944244625 0.7409939718749999 0.1726367828125 0.7254512171874999 0.103350796875 0.7980642375 0.15573225156249998 0.8363203406249999 0.1976383171875 0.7877486484375 0.1730942515625 0.7711452046875
4 0.1272331828125 0.6981194281249999 0.19772085781249998 0.6413665921875 0.15992166875 0.605345209375 0.0903161609375 0.6582504015625 0.1272331828125 0.6981194281249999
11 0.089679471875 0.65976128125 0.11294780625 0.6384599453125 0.0954353640625 0.6186193546875 0.0188161546875 0.6700412078125 0.0520128015625 0.7134761109375 0.10459918125 0.676983340625 0.089679471875 0.65976128125