5 0.5253813828125 0.5721108296875 0.524934759375 0.503091228125 0.47264896875 0.49815942968750004 0.46990349687500005 0.565025465625 0.5253813828125 0.5721108296875
0 0.1695671875 0.7030026312500001 0.2421714578125 0.646804509375 0.20884655468750002 0.602392996875 0.138751565625 0.6545468765625 0.1695671875 0.7030026312500001
8 0.1003965640625 0.7212297546875 0.153568384375 0.6817545765624999 0.13814274375 0.6579608953125 0.158255328125 0.63608715 0.14727776406249998 0.618099215625 0.069687909375 0.670168828125 0.1003965640625 0.7212297546875
2 0.3479188484375 0.7764115765625 0.3995414046875 0.7061855015625 0.3524827484375 0.665257646875 0.29809864531249997 0.7342580875 0.3479188484375 0.7764115765625
5 0.2855656359375 0.811222378125 0.323745040625 0.760230059375 0.29709493125 0.735875784375 0.31455293281249996 0.7101712328125 0.29317633125000003 0.6943469624999999 0.23994123906249998 0.769604753125 0.2855656359375 0.811222378125
1 0.22228002343750003 0.8459140968750001 0.26243120000000003 0.792554771875 0.239834271875 0.7722099234375001 0.2565738046875 0.7411759515624999 0.23476665625 0.724423746875 0.1715274171875 0.803641525 0.22228002343750003 0.8459140968750001
1 0.4650380421875 0.8533737312499999 0.4885775109375 0.7611498421875 0.428320528125 0.7383038484375 0.4048694609375 0.82837470625 0.4650380421875 0.8533737312499999
10 0.4378681234375 0.8830900171874999 0.44778839843749996 0.8490063687499999 0.40401047968750003 0.8304293250000001 0.4189623453125 0.768130640625 0.4032243984375 0.7646777828125 0.3758909625 0.8549742437500001 0.4378681234375 0.8830900171874999
9 0.40385139062500003 0.9097675359374999 0.413356909375 0.8763523578125 0.37618785 0.8571764843749999 0.393539859375 0.793020009375 0.37379946249999996 0.78328445 0.338850846875 0.8798227484375 0.40385139062500003 0.9097675359374999
1 0.3619520578125 0.9397669750000001 0.3763167921875 0.9012008640625 0.3383476875 0.8826442515625 0.3596115296875 0.817544496875 0.3371151671875 0.8088998406250001 0.29579564375 0.9096745687500001 0.3619520578125 0.9397669750000001
0 0.5693815375 0.906146846875 0.5694161140625 0.801542290625 0.5051021765625 0.7926069859375 0.5010651515625 0.8909288375 0.5693815375 0.906146846875
5 0.5303081749999999 0.9805151140625 0.535120209375 0.901049715625 0.5013325703125 0.8938487578125001 0.5007910859375 0.859871865625 0.46970047812500004 0.8530153625000001 0.45840630937500004 0.96772495625 0.5303081749999999 0.9805151140625
6 0.709439165625 0.88146929375 0.6816761515625 0.78413618125 0.6189667375 0.7927203875 0.6454854812499999 0.8920589109374999 0.709439165625 0.88146929375
9 0.6949948874999999 0.9597045109375 0.6785297906250001 0.889064759375 0.6457529 0.8949788296875001 0.6328209921875 0.8514836390625 0.603570646875 0.8564052234374999 0.6256766093749999 0.9688875484375 0.6949948874999999 0.9597045109375
8 0.8185019109375 0.753274340625 0.7713904312500001 0.674391934375 0.721842021875 0.6925928546875 0.768806165625 0.77506365 0.8185019109375 0.753274340625
3 0.8276759671875 0.8222614796875 0.7955068203125 0.7662092281249999 0.7699031 0.7766466265624999 0.7502466734375 0.7459999984375 0.7253546 0.7579711687499999 0.7743947421875 0.8464786312499999 0.8276759671875 0.8222614796875
7 0.776132634375 0.9267805578124999 0.833058275 0.89870020625 0.8003837515625 0.8360904390625 0.7758769671875 0.8481108171875 0.7537003171875 0.8128136703125 0.72682285625 0.8259741593750001 0.776132634375 0.9267805578124999
7 0.8879741687499999 0.76863996875 0.9236204625 0.7400062468749999 0.8595879125 0.66762005625 0.8212151203125 0.6966270078125001 0.8879741687499999 0.76863996875
10 0.9011440296875 0.8157727546875 0.9394556703125 0.77882214375 0.9143167859375 0.7496396453124999 0.8890711046875 0.7702229484374999 0.8466803625000001 0.7272940671875 0.8329322250000001 0.7414099296875001 0.9011440296875 0.8157727546875