5 0.48955116875 0.5516959578125 0.49031277968750003 0.4825129546875 0.438084003125 0.48243974375 0.4341662140625 0.5497603 0.48955116875 0.5516959578125
0 0.1312454984375 0.7161398453125 0.20487449687499998 0.65300778125 0.172308509375 0.6115703546875 0.1012610125 0.670412284375 0.1312454984375 0.7161398453125
8 0.10059207187500001 0.6738931890625001 0.12109893281249999 0.6500798953125 0.11043016718750001 0.633061678125 0.0318850734375 0.69251764375 0.06171691875 0.740868084375 0.11560975625 0.6963198234375 0.10059207187500001 0.6738931890625001
2 0.3084118953125 0.7731437921875 0.361293028125 0.69789768125 0.31492458437500004 0.661234296875 0.259301815625 0.73550851875 0.3084118953125 0.7731437921875
5 0.2582692140625 0.7372245703125 0.2761870796875 0.7098165078124999 0.2550755546875 0.6959376125000001 0.20049288125000003 0.7763806796875 0.245414184375 0.8138695609375001 0.284507853125 0.7591672984375 0.2582692140625 0.7372245703125
1 0.20034024062500003 0.779003559375 0.2176325484375 0.74631720625 0.196106484375 0.7315477515625 0.1314447125 0.8168949921875001 0.181485634375 0.8545627984375 0.22259362500000002 0.7973027203124999 0.20034024062500003 0.779003559375
1 0.42424925625 0.83941860625 0.4494167078125 0.7447267890625 0.3895259328125 0.7274291125000001 0.364484628125 0.8199532640625 0.42424925625 0.83941860625
10 0.363589190625 0.8220940453125 0.37964025156250003 0.7582167265625 0.3639539296875 0.75622045 0.33502413125 0.849332725 0.39654378125 0.8717555062500001 0.407066403125 0.836646003125 0.363589190625 0.8220940453125
9 0.3352826265625 0.8515138359375 0.35376770625 0.78554950625 0.33418669375 0.7776249078124999 0.297528153125 0.8777073281250001 0.36204085625000004 0.9016827656249999 0.372136784375 0.8672823734374999 0.3352826265625 0.8515138359375
1 0.29697530781250003 0.8805841093750001 0.31939093125 0.8133090968750001 0.29703330625 0.806735509375 0.2539261046875 0.911660734375 0.31959274375 0.9356764999999999 0.3346408046875 0.895656975 0.29697530781250003 0.8805841093750001
0 0.52772728125 0.8826232671875 0.5295934265625 0.7777047546875 0.465399853125 0.774737215625 0.4596390171875 0.8737274062499999 0.52772728125 0.8826232671875
5 0.45985546250000003 0.876631075 0.45990858437500004 0.8426037203125001 0.42892058281249995 0.8386246140625 0.4156115921875 0.9547276218749999 0.48732985624999997 0.9608542421875 0.4935359734375 0.880704284375 0.45985546250000003 0.876631075
6 0.668295584375 0.8448184953125001 0.6422212265625 0.74978386875 0.5793263203125 0.764238334375 0.6041205984375 0.8614003015625 0.668295584375 0.8448184953125001
9 0.604337040625 0.86430396875 0.5921594453125001 0.8218848765625 0.5628065140625 0.8295473265625001 0.582955396875 0.9403034281249999 0.65247335625 0.924632378125 0.637235875 0.8553173968750001 0.604337040625 0.86430396875
8 0.7796641281250001 0.706077659375 0.7339073890625001 0.6313518984375001 0.684012490625 0.6542249906250001 0.7295589828125 0.7325635312500001 0.7796641281250001 0.706077659375
3 0.730628815625 0.734048971875 0.7114979609375001 0.7051433609375 0.6863823124999999 0.7194701296875 0.73390026875 0.8036697796875 0.787635415625 0.774414671875 0.756429653125 0.7211942015624999 0.730628815625 0.734048971875
7 0.7600857515625 0.7908284515624999 0.735354746875 0.8051686640625 0.71378368125 0.7718336156250001 0.6866607109375 0.78753828125 0.7342331078125001 0.88404826875 0.7916823546875 0.8505788125 0.7600857515625 0.7908284515624999
7 0.8489063265624999 0.7150138484374999 0.8850739781250001 0.68297269375 0.8222729296875 0.6163395578124999 0.7833707140625 0.6490091687499999 0.8489063265624999 0.7150138484374999
10 0.8755964078125 0.6935018484375 0.8499761609375 0.7164992921875 0.8083132875000001 0.6773938687500001 0.7943102765625001 0.6928330421875 0.8612583171875 0.761059165625 0.9002384328125 0.72042799375 0.8755964078125 0.6935018484375