5 0.489432346875 0.5628586359375001 0.482553046875 0.49407888906249997 0.43048321874999995 0.49916469531249996 0.4340108015625 0.5664066015625 0.489432346875 0.5628586359375001
0 0.1504287640625 0.7615541859375 0.2168519 0.691586596875 0.1798149671875 0.65365221875 0.11549140312499999 0.7191043796875001 0.1504287640625 0.7615541859375
8 0.0838527796875 0.7929785703125 0.132654703125 0.743415546875 0.11520892812500001 0.7226272781249999 0.133020990625 0.69695326875 0.120507365625 0.68110648125 0.0487779796875 0.7479089484375 0.0838527796875 0.7929785703125
2 0.3333223578125 0.800665590625 0.377726471875 0.7207169515625 0.327458325 0.688886834375 0.2802140359375 0.768141090625 0.3333223578125 0.800665590625
5 0.2750226375 0.847331825 0.30795162187499997 0.7891467046875 0.27937420625 0.7699472625 0.294208653125 0.7409590546875 0.27163227968750003 0.72926128125 0.22610586093750001 0.8145389906249999 0.2750226375 0.847331825
1 0.2157914625 0.8940576890624999 0.25044591875 0.8331334937499999 0.22624329843750002 0.8171588062499999 0.2398714140625 0.7829905968750001 0.2167835015625 0.770449365625 0.1617516859375 0.8615928203125 0.2157914625 0.8940576890624999
1 0.456106640625 0.8550410625 0.47073871250000004 0.7585184203125 0.4091296421875 0.74725564375 0.3943839828125 0.8416131515625 0.456106640625 0.8550410625
10 0.43206007812499997 0.88989071875 0.43867261874999997 0.8539847437500001 0.3937277734375 0.8438275687499999 0.4026748265625 0.778806709375 0.38681826406250003 0.778373540625 0.36826148124999997 0.8736991625 0.43206007812499997 0.88989071875
9 0.40097175625 0.9230187671875001 0.4072372609375 0.8878591421875001 0.368759965625 0.8758396578125 0.3799028265625 0.8085058203125 0.359509484375 0.80257 0.3340182484375 0.905580909375 0.40097175625 0.9230187671875001
1 0.362412634375 0.9609698921875 0.37299402656249997 0.9197408890625001 0.3337847953125 0.9084923968749999 0.34870091875 0.8394687328125 0.325689009375 0.8351488187499999 0.294304428125 0.943605959375 0.362412634375 0.9609698921875
0 0.5640239499999999 0.887726640625 0.55430010625 0.7833494437499999 0.489984184375 0.7867426734375 0.49517124843750004 0.8856172171875001 0.5640239499999999 0.887726640625
5 0.532393178125 0.9694065140625 0.5297301156249999 0.8891979203125 0.49570759375 0.8884794250000001 0.49200359687499995 0.8546821640625 0.46067536562500006 0.8537911843750001 0.4602278359375 0.9704057046875001 0.532393178125 0.9694065140625
6 0.6999686921875 0.8362997421875 0.6634849765624999 0.744497690625 0.602387128125 0.7650641640625 0.637829734375 0.859105271875 0.6999686921875 0.8362997421875
9 0.6930092921875 0.9171243421874999 0.67016749375 0.8497937234374999 0.638366078125 0.8619674796875 0.6215439484374999 0.8210445171874999 0.5931308984375 0.8315530890625 0.6254438890625 0.9395531281249999 0.6930092921875 0.9171243421874999
8 0.7956627375 0.68751885625 0.7418018843749999 0.6178291921875 0.6945919640625 0.6454720875 0.748642128125 0.7187703109375 0.7956627375 0.68751885625
3 0.8111536015624999 0.7545959359375 0.77417158125 0.7048256625 0.7498725484375 0.7201398140624999 0.7276114140625001 0.6933236265625 0.704157903125 0.710031921875 0.7608203515625 0.788956 0.8111536015624999 0.7545959359375
7 0.7700266890624999 0.86874570625 0.8235968578125 0.82983360625 0.7855042828125 0.773617209375 0.76243566875 0.7903008625 0.737253075 0.7593268859375 0.7119507921875 0.7776018078125 0.7700266890624999 0.86874570625
7 0.8656701359375001 0.6895543578125001 0.8981844671875001 0.6541626125 0.8282273171875 0.5941930296875 0.79305655625 0.63047896875 0.8656701359375001 0.6895543578125001
10 0.8830664734375 0.7340612421875 0.917435853125 0.6898611109375 0.8898997265625 0.6655550234375001 0.8669005562500001 0.6909238625 0.82105330625 0.6562038390625 0.8087997124999999 0.672919275 0.8830664734375 0.7340612421875