5 0.4849331078125 0.5398457234375 0.48408395000000004 0.47081041875 0.43182163124999995 0.4737750671875 0.42946931250000003 0.5411366578125001 0.4849331078125 0.5398457234375
0 0.13023884218749998 0.7246725140625 0.202442409375 0.6574333484375 0.168891515625 0.6180049734375 0.099171109375 0.6808157687499999 0.13023884218749998 0.7246725140625
8 0.0985828296875 0.6843259203125001 0.1185475921875 0.659386021875 0.1074759765625 0.6430355359375 0.030267703125 0.706894728125 0.0612437875 0.75337595 0.1141319703125 0.7058168796875 0.0985828296875 0.6843259203125001
2 0.30884082031250004 0.771214165625 0.3600017453125 0.6931012796875 0.31275116875000003 0.65923645625 0.2588243 0.73653960625 0.30884082031250004 0.771214165625
5 0.2578310359375 0.738310953125 0.2751215046875 0.709936840625 0.2536738796875 0.69732431875 0.200931409375 0.780718703125 0.246753190625 0.815490896875 0.2845967015625 0.7586667312500001 0.2578310359375 0.738310953125
1 0.20083976093749997 0.78334318125 0.2173813625 0.7497418078125 0.1954982046875 0.7362653078125 0.132784709375 0.8251364625000001 0.1837333953125 0.859789325 0.2235328859375 0.8002972890625 0.20083976093749997 0.78334318125
1 0.426292290625 0.8305678875 0.44926976406249997 0.7346751031250001 0.3889396296875 0.7209087140625 0.366037896875 0.8146325109375001 0.426292290625 0.8305678875
10 0.365191771875 0.8168194312500001 0.37976495 0.7521858421875 0.364022575 0.75110743125 0.33724367499999997 0.845643878125 0.3993230375 0.8644264140625 0.40903439218750004 0.82880234375 0.365191771875 0.8168194312500001
9 0.3375531234375 0.8478039031250001 0.3545131984375 0.78094753125 0.3347356921875 0.7741837687500001 0.30038566875 0.8761205249999999 0.365496071875 0.8962773296875 0.3747969875 0.8613852203125001 0.3375531234375 0.8478039031250001
1 0.29989948593750004 0.879021475 0.32076197500000003 0.8106294578125001 0.298237628125 0.8053744453125 0.2575478 0.9125156249999999 0.32381377968749997 0.9326455328125001 0.3379389796875 0.891861865625 0.29989948593750004 0.879021475
0 0.5308396046875 0.8676343078125001 0.53026339375 0.762898425 0.46596157812500005 0.76367265625 0.46250265781250005 0.8627231859375 0.5308396046875 0.8676343078125001
5 0.46278685937499997 0.865606209375 0.4620475359375 0.831670196875 0.43094797500000004 0.8295044125000001 0.420334846875 0.9460592734375 0.49223951250000003 0.9479977156249999 0.4965827640625 0.8677092359374999 0.46278685937499997 0.865606209375
6 0.6706131375 0.8217589171874999 0.6423095812499999 0.7285045265625001 0.579712975 0.746576884375 0.6067852140625 0.842027159375 0.6706131375 0.8217589171874999
9 0.6070694140625 0.8449101796875 0.5938964796875 0.803317065625 0.564704109375 0.8126654328124999 0.5874447218750001 0.921942296875 0.6566400875 0.9022715328125 0.639779009375 0.8340351328125 0.6070694140625 0.8449101796875
8 0.77881836875 0.6769258515625001 0.7312934171875 0.60506870625 0.6819008078125 0.6307802359375 0.729299521875 0.7062523640625 0.77881836875 0.6769258515625001
3 0.730404603125 0.7076714609375 0.710588890625 0.6799587296875 0.6857915953125 0.6957064796875 0.73529948125 0.7769087890625 0.788386046875 0.744609603125 0.7559217874999999 0.693351771875 0.730404603125 0.7076714609375
7 0.76120185625 0.7625801359375 0.7367897546875 0.7783189203124999 0.7144291843749999 0.7463309671875 0.6876554328125 0.7635695375 0.7375044921875 0.8570448578125 0.7942092734374999 0.8203270015624999 0.76120185625 0.7625801359375
7 0.8483108921875001 0.681810075 0.88375436875 0.647754309375 0.819363190625 0.5849586359375001 0.7811981203125 0.6198001578125 0.8483108921875001 0.681810075
10 0.8745162390625 0.6588054640625 0.8494159734375 0.683229175 0.8068169609375 0.6466554109375 0.7931649859375 0.6628661609375001 0.86174278125 0.727009209375 0.8998003796875 0.684223690625 0.8745162390625 0.6588054640625