5 0.4487309453125 0.4842193953125 0.4487309453125 0.5515809859374999 0.504194740625 0.5515809859374999 0.5009321640625 0.48246974375 0.4487309453125 0.4842193953125
0 0.190627665625 0.62244188125 0.12304572968750001 0.683679690625 0.1556714921875 0.7282958078124999 0.225583840625 0.6626838703125 0.190627665625 0.62244188125
8 0.08762347499999999 0.7554154093750001 0.13889252968750002 0.7090496390625 0.1225796484375 0.68717899375 0.1416890234375 0.6626838703125 0.130036965625 0.6460621796875 0.0549977125 0.7081748140624999 0.08762347499999999 0.7554154093750001
2 0.336045346875 0.6670579984375 0.28477629375 0.7431678484375001 0.336045346875 0.7790357078125 0.3845179078125 0.7020510328125 0.336045346875 0.6670579984375
5 0.275454646875 0.821902175 0.311342984375 0.7659133203125 0.28384412812500004 0.7449174984375 0.300157009375 0.7169230718749999 0.278251140625 0.7038006859375 0.22838033281249998 0.7860343140625 0.275454646875 0.821902175
1 0.21393178124999998 0.8647686421874999 0.25168445 0.806155309375 0.22838033281249998 0.7886587921875 0.24376104999999998 0.7554154093750001 0.2213890984375 0.741418196875 0.1617305625 0.8289007828124999 0.21393178124999998 0.8647686421874999
1 0.41445117812500004 0.7305551718750001 0.3948063859375 0.82382173125 0.455666721875 0.8411736484375 0.4753115125 0.7457381015625 0.41445117812500004 0.7305551718750001
10 0.4298588578125 0.874431490625 0.43833308125 0.839004659375 0.394036003125 0.8259907203125 0.40636214531250003 0.7616440265625 0.390569275 0.7601980328125 0.36707256250000003 0.8541875875 0.4298588578125 0.874431490625
9 0.3971175390625 0.9055203437499999 0.40520657031249996 0.8708165078125001 0.3674577546875 0.8563565765625001 0.38209505 0.7898408921875 0.3620650671875 0.7826109265625 0.33124970781249996 0.883830446875 0.3971175390625 0.9055203437499999
1 0.3566723796875 0.940947175 0.3693837140625 0.9004593671875 0.33086451562499997 0.8867224328125 0.34935373125 0.81876075625 0.326627403125 0.8129767828125001 0.289648971875 0.9192572796875 0.3566723796875 0.940947175
0 0.4930303453125 0.775148065625 0.4930303453125 0.8741985953125001 0.5615945203125 0.880705565625 0.5573574078125 0.7758710625 0.4930303453125 0.775148065625
5 0.5257716640625001 0.9602351875 0.5273124328125001 0.87998256875 0.49341553749999995 0.8770905828125001 0.49148957656250003 0.84310974375 0.46028902499999996 0.8402177578125001 0.45374076093750004 0.95662020625 0.5257716640625001 0.9602351875
6 0.6062767906250001 0.7606881328124999 0.636706959375 0.856846678125 0.6998784453125 0.83804876875 0.6682927015625 0.7440592125000001 0.6062767906250001 0.7606881328124999
9 0.688707878125 0.9183013859375 0.669448278125 0.8496167140625 0.63709215 0.8597386640625 0.6224548546875 0.8178048625000001 0.59356545625 0.8264808218749999 0.620143703125 0.9363763015625001 0.688707878125 0.9183013859375
8 0.70450075 0.6471776734375 0.754575709375 0.723815309375 0.8031098999999999 0.6956184421875 0.753034940625 0.6225957890625 0.70450075 0.6471776734375
3 0.8150508515625001 0.763580121875 0.780768765625 0.7115243671875 0.7557312859375 0.7252613015625 0.7349309171875 0.6970644359375 0.710663821875 0.7122473640625 0.7630499328125 0.7946689734375 0.8150508515625001 0.763580121875
7 0.768057428125 0.8749215921875001 0.8235250765625001 0.8394947609375001 0.7884726046874999 0.7809320390625001 0.7645907015625 0.7961149671875 0.7410939890625 0.763580121875 0.7149009328125 0.7802090421875 0.768057428125 0.8749215921875001
7 0.8404735249999999 0.604520875 0.8034950921874999 0.6385017140625 0.8728296515625 0.7021254109374999 0.9071117390625 0.66886756875 0.8404735249999999 0.604520875
10 0.8878521390625 0.747674196875 0.9244453781249999 0.7057403953125 0.8982523234374999 0.6797125187499999 0.873985228125 0.70357140625 0.830073340625 0.6659755828125 0.8169768124999999 0.6818815078125 0.8878521390625 0.747674196875