5 0.5375520453125 0.524360615625 0.5246851609375 0.4562827234375 0.4731648578125 0.4652927015625 0.4825526453125 0.5320902765625 0.5375520453125 0.524360615625
0 0.21657466250000001 0.748167440625 0.276757690625 0.6733615984375 0.23648591406250002 0.6383281875 0.17800418906249998 0.708471753125 0.21657466250000001 0.748167440625
8 0.1780296859375 0.7120067109375 0.1935653203125 0.6850535234375 0.17969435625000002 0.6701948828125001 0.11393967499999999 0.74224523125 0.15287590625 0.7845434234375 0.197253965625 0.7314208046874999 0.1780296859375 0.7120067109375
2 0.402509578125 0.7733448609375 0.43984738125 0.6902494390625 0.38690390625000004 0.6623047328125 0.34667110624999997 0.7449223859375 0.402509578125 0.7733448609375
5 0.3459905828125 0.746787296875 0.3582654609375 0.7167538359375001 0.33471421874999996 0.706794215625 0.296721390625 0.7952895046874999 0.348400246875 0.824296578125 0.3761852578125 0.7637749687500001 0.3459905828125 0.746787296875
1 0.2970871484375 0.7978920078125 0.30770615 0.7627834499999999 0.283570809375 0.7520212828124999 0.23660372187499998 0.847085640625 0.2933665546875 0.8753782046874999 0.322634528125 0.8119942703125 0.2970871484375 0.7978920078125
1 0.5297891671875 0.8182916 0.5359691859375 0.72091735 0.4735024765625 0.7143432921875 0.467020178125 0.8095667140625 0.5297891671875 0.8182916
10 0.46655852500000006 0.81182490625 0.4698138421875 0.7462991625 0.4539516859375 0.747066234375 0.443750478125 0.8435434171875 0.5088323406249999 0.8548676640625 0.51229838125 0.8185564578125 0.46655852500000006 0.81182490625
9 0.444434725 0.8456405640625 0.4496795640625 0.7776418984375 0.42880969375 0.7732639296875 0.41235871562500004 0.8779304984375 0.4806978328125 0.8902591781250001 0.4838826671875 0.85471859375 0.444434725 0.8456405640625
1 0.41237978750000004 0.8808519531250001 0.4212427765625 0.8108825828124999 0.3979006578125 0.808314271875 0.37604352812499997 0.9188583546875 0.445528546875 0.931025984375 0.4524909046875 0.889105675 0.41237978750000004 0.8808519531250001
0 0.6403393687500001 0.8427299859374999 0.6215275671875 0.7393637578125001 0.557638353125 0.7476116968750001 0.571442440625 0.8458328828124999 0.6403393687500001 0.8427299859374999
5 0.5722274453125 0.8486469734375 0.5655819015625 0.8152190640624999 0.5342395515625 0.8166995281249999 0.5439684375 0.9330399406250001 0.6159000296875 0.92658613125 0.6062435640625 0.846790734375 0.5722274453125 0.8486469734375
6 0.771520625 0.7811585390625 0.7271005781250001 0.6923578703125 0.667921396875 0.7174903484375 0.711497825 0.808602890625 0.771520625 0.7811585390625
9 0.7122828296875 0.8114169796875 0.6919240234374999 0.7718742015625 0.6644856328125 0.7845036624999999 0.706156825 0.889774940625 0.771627921875 0.8622959796874999 0.7429574046874999 0.7968704984375 0.7122828296875 0.8114169796875
8 0.8540380546874999 0.6255340140625 0.7942056359375 0.5601014265625001 0.7495036500000001 0.5912414125 0.8098398687499999 0.6602587140625 0.8540380546874999 0.6255340140625
3 0.811187290625 0.661531553125 0.78663145 0.636469603125 0.7646834984375 0.6549073671875 0.8281175968750001 0.7293381218749999 0.87535044375 0.691262515625 0.834100696875 0.6444203109375 0.811187290625 0.661531553125
7 0.8514129703125001 0.7121731984374999 0.8298469828125 0.7305572812500001 0.80201281875 0.7015694453125 0.7783565484375 0.7217095062500001 0.8442674968749999 0.808220925 0.894333490625 0.765360521875 0.8514129703125001 0.7121731984374999
7 0.9240808859375 0.6222700703124999 0.95344098125 0.5845130015625 0.8783931078125 0.529992053125 0.8464600015625001 0.5688418390625001 0.9240808859375 0.6222700703124999
10 0.9461671421875 0.5965018328125 0.92542830625 0.6235429124999999 0.8766445828125 0.5923816171875 0.865874425 0.6099795484375 0.94532545625 0.665343884375 0.9757682359375 0.6186614078125 0.9461671421875 0.5965018328125