5 0.5179306171875 0.5691382046875 0.51185536875 0.49993839375000004 0.45975455781249996 0.5007772515625 0.46249779843749994 0.5681696374999999 0.5179306171875 0.5691382046875
0 0.17679857968749998 0.7398475328125 0.2439998921875 0.675426484375 0.20742442187500001 0.6345556578125 0.1423740859375 0.6946412750000001 0.17679857968749998 0.7398475328125
8 0.14205077187499998 0.6981340375 0.16015193125 0.673961425 0.147829478125 0.65712865625 0.07536161875 0.7179592703125001 0.10989299062499999 0.7657912062500001 0.1592452046875 0.7202995546875 0.14205077187499998 0.6981340375
2 0.35913803125 0.7937605046875 0.4044483859375 0.717587115625 0.3545778375 0.68173160625 0.30643692499999997 0.7569809359375 0.35913803125 0.7937605046875
5 0.3055765328125 0.75871510625 0.3207402546875 0.73099275625 0.2983122234375 0.7174818265625 0.2518181609375 0.798882153125 0.3003268703125 0.8355884703124999 0.3339150671875 0.780200740625 0.3055765328125 0.75871510625
1 0.251925040625 0.8015078296875 0.26594336093750004 0.7685178453125 0.24301387968750002 0.75412355 0.1869513140625 0.8406043078125001 0.240584065625 0.8774001578125 0.2759286734375 0.81941930625 0.251925040625 0.8015078296875
1 0.48122310781250005 0.8580158046875 0.4969703984375 0.7628796890625 0.43552574374999997 0.7466270125000001 0.4196901234375 0.83959315 0.48122310781250005 0.8580158046875
10 0.4190085 0.8417496765625 0.42870729531249996 0.77758881875 0.41286435781249997 0.7758663718750001 0.3932084125 0.8694885703124999 0.4567840546875 0.89083816875 0.46381081875 0.855543128125 0.4190085 0.8417496765625
9 0.39368171875 0.8716652781249999 0.4056020453125 0.805374796875 0.385288815625 0.7977917421875 0.35861274375 0.8985194046875 0.4253270890625 0.9213694703125 0.43199831875 0.886791028125 0.39368171875 0.8716652781249999
1 0.3583455390625 0.9014059859374999 0.37405675 0.8337361187500001 0.3511075671875 0.82755263125 0.31847796875 0.9332359562500001 0.3863472453125 0.9561062 0.39740264999999997 0.9158218625 0.3583455390625 0.9014059859374999
0 0.5887016468749999 0.8994156156249999 0.5801976078125 0.794459196875 0.5158770296874999 0.792612521875 0.5199107765625001 0.8917083328125001 0.5887016468749999 0.8994156156249999
5 0.5204135265625001 0.8946083671875 0.5171048015624999 0.8605783625000001 0.485803903125 0.8571401984374999 0.4839996828125 0.97348150625 0.556137571875 0.9783560187499999 0.5544092625 0.8980936203125 0.5204135265625001 0.8946083671875
6 0.725171178125 0.8591541765624999 0.689775434375 0.7645700703125 0.6284713578125001 0.7801236078125 0.6628005031249999 0.8768575125 0.725171178125 0.8591541765624999
9 0.6633032515624999 0.8797575484375001 0.6469664140625 0.837548965625 0.618446471875 0.84572439375 0.6494852718749999 0.9561342484375001 0.7172750671875 0.939248409375 0.6952291015625 0.8701960078125 0.6633032515624999 0.8797575484375001
8 0.8225446265624999 0.718461475 0.7695238515625 0.6445309781249999 0.72201784375 0.668276546875 0.7751858359375 0.7458236781250001 0.8225446265624999 0.718461475
3 0.7763996546875 0.7472905109375 0.754462609375 0.7187175171875 0.7308273796875 0.7334836078125 0.7865407796875 0.8168577171875 0.8372465890624999 0.7866627484375 0.8008637249999999 0.7339845281249999 0.7763996546875 0.7472905109375
7 0.811389828125 0.8035584609375 0.788139575 0.8183312796875001 0.7633310328125 0.7853712374999999 0.7378298046875 0.8015503484375 0.7948136953125 0.89723446875 0.8488076375 0.8627600765624999 0.811389828125 0.8035584609375
7 0.8924904296875 0.7261889375 0.9253989734375001 0.6935145609375 0.856177515625 0.6279747453125 0.820603575 0.6613253625 0.8924904296875 0.7261889375
10 0.9169861578124999 0.70420975625 0.8937042484375001 0.7276557734375 0.848285828125 0.689275928125 0.8358443687499999 0.70496041875 0.9093594609375 0.772020884375 0.9442245453125 0.7307069421875 0.9169861578124999 0.70420975625