7 0.13982469375 0.6215477625 0.17524694999999998 0.6655351656249999 0.2367698140625 0.5976415640625 0.2032118890625 0.5593916484375 0.13982469375 0.6215477625
11 0.10952934375000001 0.6903976109375 0.1552054109375 0.6435414640625 0.13935861249999998 0.625372753125 0.1594001515625 0.6005103078125 0.143553353125 0.5813853499999999 0.0759714171875 0.6483227031250001 0.10952934375000001 0.6903976109375
3 0.2735903171875 0.656928934375 0.22791425156249998 0.7449037421875 0.2819798 0.780284915625 0.324859371875 0.685616371875 0.2735903171875 0.656928934375
10 0.2195247703125 0.8252285671875 0.2526166140625 0.7640287 0.22791425156249998 0.7477724859375 0.2446932140625 0.708566321875 0.2241855921875 0.69326635625 0.1696539625 0.7860224031249999 0.2195247703125 0.8252285671875
0 0.371467603125 0.7009163390625 0.34769740625 0.8032348640625001 0.40595769531250003 0.822359821875 0.42972789218749996 0.7200412968750001 0.371467603125 0.7009163390625
4 0.34769740625 0.888340928125 0.3705354390625 0.813753590625 0.34769740625 0.8070598562500001 0.3542225578125 0.7678536921875 0.321596796875 0.7525537250000001 0.286640621875 0.862522234375 0.34769740625 0.888340928125
10 0.4758700421875 0.7248225359375 0.480530865625 0.8347910453124999 0.5448502234375 0.8271410625 0.5378589890625001 0.7219537921875 0.4758700421875 0.7248225359375
2 0.513622709375 0.9132033734375 0.5131566265624999 0.8338347984375 0.48099694687500005 0.8395722859375001 0.4772682890625 0.7936723859375 0.4460407734375 0.7927161375 0.445574690625 0.9122471265625001 0.513622709375 0.9132033734375
8 0.57840815 0.7133475609375 0.6031105140624999 0.8147098390625 0.666031625 0.79558488125 0.6348041109375 0.6961350984375 0.57840815 0.7133475609375
4 0.6595064734375 0.879734696875 0.6413292625 0.8061036078124999 0.604042678125 0.8175785828125001 0.5923906203125 0.776459921875 0.5686204218750001 0.7812411625 0.597517525 0.9007721500000001 0.6595064734375 0.879734696875
5 0.6720906953125 0.6655351656249999 0.72335975 0.7496849812499999 0.7709001453125001 0.7190850484375 0.72056325625 0.636847728125 0.6720906953125 0.6655351656249999
8 0.7900095203124999 0.7879348984375001 0.7531890171875 0.7334287671874999 0.7242919140625 0.7525537250000001 0.7037842921874999 0.722910040625 0.6842088359375 0.7382100078125 0.741070878125 0.8309660531249999 0.7900095203124999 0.7879348984375001
10 0.7667054046875 0.5852103421875 0.8324230109374999 0.6435414640625 0.8655148562500001 0.6081602921875 0.79979725 0.546004178125 0.7667054046875 0.5852103421875
0 0.8762347484375 0.6550164390625001 0.849201975 0.629197746875 0.8328890937500001 0.6454539609375 0.7914077671874999 0.6100727874999999 0.7746288046875 0.6320664890625001 0.842676821875 0.6999600906250001 0.8762347484375 0.6550164390625001
3 0.4334565515625 0.40352324062499995 0.43299046875 0.46950434531249996 0.48379344062499996 0.46759185 0.48146302968750004 0.402566990625 0.4334565515625 0.40352324062499995