7 0.2263052078125 0.627140553125 0.191202984375 0.5896412453125001 0.130373178125 0.6533244453125 0.167572665625 0.696522478125 0.2263052078125 0.627140553125
11 0.1028944125 0.7229359750000001 0.14664345781250002 0.674977746875 0.1300630796875 0.657163403125 0.1490838203125 0.6318138921875 0.13246449375 0.613042525 0.06763639375 0.6816085640625 0.1028944125 0.7229359750000001
3 0.27893595000000004 0.8088792671875 0.317942221875 0.7131349124999999 0.265525546875 0.685618421875 0.22345127968749998 0.774728740625 0.27893595000000004 0.8088792671875
10 0.2183368625 0.8553142953125 0.24892257343750002 0.793293825 0.2235681234375 0.7775998171875 0.238743390625 0.737970925 0.21762092812499997 0.723136228125 0.16688943437499998 0.8172379578125 0.2183368625 0.8553142953125
0 0.40457720625000004 0.8481004171875 0.4241702796875 0.7451449984375 0.3651546921875 0.72736161875 0.34556161875 0.8303170359375001 0.40457720625000004 0.8481004171875
4 0.34902801562499997 0.915492290625 0.36881880312500004 0.8403123203125 0.34571741093749997 0.8341451375 0.3506430328125 0.7947550999999999 0.317407353125 0.7802026843750001 0.28694443125 0.8910748749999999 0.34902801562499997 0.915492290625
10 0.5436080515625 0.8496501562500001 0.53233534375 0.7445402234375 0.470488425 0.74885528125 0.47962640937499995 0.858804625 0.5436080515625 0.8496501562500001
2 0.5158985687500001 0.9365098578125 0.5121999671874999 0.8570876109375 0.4802870421875 0.8635788968749999 0.47469038125 0.817728534375 0.443436603125 0.8174989296874999 0.4478392453125 0.9371379546874999 0.5158985687500001 0.9365098578125
8 0.6634549296875 0.8152454984374999 0.6281894796875 0.71644228125 0.5725174984375 0.7349824359375 0.6013383453125 0.8358517000000001 0.6634549296875 0.8152454984374999
4 0.660359878125 0.8996157265625 0.639191034375 0.8263481968749999 0.602386975 0.8387010625 0.5890648765625001 0.797820396875 0.565499075 0.8031592328125001 0.599252975 0.9221142656250001 0.660359878125 0.8996157265625
5 0.7651649843749999 0.73624064375 0.7114989921875 0.6551090203125 0.664214571875 0.6849489109375 0.718890246875 0.76797286875 0.7651649843749999 0.73624064375
8 0.7870708734375 0.8047013328125001 0.7480452765625001 0.7510085906249999 0.719938878125 0.77082223125 0.6982321890625001 0.7416321546875 0.679287859375 0.7574005546875 0.739904784375 0.8489074578125001 0.7870708734375 0.8047013328125001
10 0.8552232578125001 0.6230217328125 0.7870007109375 0.5623459234375 0.7555191875 0.602354809375 0.82358594375 0.6592025171875 0.8552232578125001 0.6230217328125
0 0.8678472609375 0.6696662625 0.839773865625 0.6444562859375 0.8241297328125 0.6611057125 0.7812241703125 0.626662046875 0.7653478359375 0.6490644828125001 0.8361335359375 0.715428159375 0.8678472609375 0.6696662625
3 0.467931515625 0.49123089531249997 0.46295356718749997 0.4262074546875 0.4150055390625 0.42828275312499997 0.4172270796875 0.49432835781250006 0.467931515625 0.49123089531249997