7 0.24786576718750003 0.6405882187499999 0.209115903125 0.6076035390625 0.1554027390625 0.6782949953124999 0.19682897500000002 0.71668675 0.24786576718750003 0.6405882187499999
11 0.135404440625 0.7508135734375 0.17380989375 0.697828646875 0.1554959484375 0.6821474109375 0.17172361875 0.654640953125 0.153271071875 0.6380135046875 0.096100175 0.71404403125 0.135404440625 0.7508135734375
3 0.3190740703125 0.8147625796875 0.347782359375 0.7148722015625 0.2928931828125 0.6939167578125 0.2604475375 0.787588953125 0.3190740703125 0.8147625796875
10 0.2637884875 0.8682870453125 0.2876627421875 0.8029328625 0.2608633375 0.7904276015625 0.271783659375 0.7492007921875 0.2492735875 0.737033753125 0.20875828593749998 0.8367205671875 0.2637884875 0.8682870453125
0 0.4478496734375 0.8384264984375 0.4565402703125 0.7337361437500001 0.396119209375 0.7232561765625001 0.3874286109375 0.82794653125 0.4478496734375 0.8384264984375
4 0.3997640265625 0.9121597140625 0.41155164375000003 0.8350447187500001 0.3879830125 0.8317313937499999 0.3887570984375 0.7919907890625 0.35425602500000003 0.7815801734375001 0.3356056078125 0.8954615671875 0.3997640265625 0.9121597140625
10 0.585978028125 0.8230262609375 0.563814121875 0.719955871875 0.5028913265625 0.7317793 0.5234422703125 0.8399185421875 0.585978028125 0.8230262609375
2 0.56755215 0.9127118296875001 0.5555871406249999 0.8342434937500001 0.5245964640625 0.8445820656249999 0.514254115625 0.79970415625 0.4832156203125 0.8032841078124999 0.5000794484375 0.9216286078125 0.56755215 0.9127118296875001
8 0.7013142640625001 0.7742369124999999 0.6559999515625 0.6803566640625001 0.6026904656250001 0.7055626687500001 0.6418252843750001 0.8022811140625 0.7013142640625001 0.7742369124999999
4 0.707054384375 0.8584496484375 0.678395665625 0.7882256859375001 0.643163471875 0.8049846531249999 0.6256738515625 0.7659862515625 0.6028460359375 0.7741626234375001 0.6487649906249999 0.8882511718749999 0.707054384375 0.8584496484375
5 0.7939945546875 0.6833398500000001 0.7322661546875 0.6092612265625 0.68846014375 0.6446733874999999 0.7513881296875 0.7205093328125 0.7939945546875 0.6833398500000001
8 0.822882659375 0.7486976265624999 0.7785482453125 0.7001001640625 0.752726315625 0.7232128703125 0.728137240625 0.696852596875 0.7109847609375 0.7148293453125001 0.780694459375 0.7983705734375001 0.822882659375 0.7486976265624999
10 0.8715390078125 0.559865234375 0.797501859375 0.5078864421875 0.7704398 0.5514776671875 0.8439225484374999 0.5996715953125 0.8715390078125 0.559865234375
0 0.8889378406249999 0.6046760375 0.858446475 0.58304639375 0.844660940625 0.601496475 0.7984866046875 0.5724988703125 0.7850714796875 0.5966937984375 0.8622461921875001 0.654012109375 0.8889378406249999 0.6046760375
3 0.47344815156250003 0.4760988890625 0.461717378125 0.412094003125 0.4143531546875 0.4199983609375 0.4234553734375 0.48535478593750003 0.47344815156250003 0.4760988890625