4 0.22044912499999997 0.6556471984375001 0.28965343906249996 0.596455734375 0.25208762500000004 0.564388328125 0.1854913875 0.62389720625 0.22044912499999997 0.6556471984375001
3 0.148360475 0.7246109671875 0.21883729375 0.6567008265625 0.1989820125 0.638536940625 0.169001084375 0.6692575015625 0.1507163015625 0.65390931875 0.11053147031249999 0.6856376562500001 0.148360475 0.7246109671875
6 0.1971417875 0.637313140625 0.1847235359375 0.6248035921875 0.21716027656249998 0.5928821578125001 0.20056345625 0.5772394890625 0.130439028125 0.635819053125 0.1683506984375 0.66705369375 0.1971417875 0.637313140625
9 0.0928861265625 0.7366064375 0.12666496875 0.7052232796875 0.11041400625 0.688747846875 0.1480320953125 0.652832765625 0.1297473109375 0.6374845828125 0.05647535625 0.6989305453125 0.0928861265625 0.7366064375
2 0.0371833828125 0.746324478125 0.0720346 0.71707150625 0.0556313734375 0.6990777875 0.09508968906250001 0.6643865046874999 0.08045055625 0.6468574421875 0.00360908125 0.711243428125 0.0371833828125 0.746324478125
10 0.2522918453125 0.7976249484375 0.3016474125 0.711771784375 0.2448918984375 0.6938662078125 0.1952731390625 0.772813465625 0.2522918453125 0.7976249484375
9 0.194348615625 0.8278169109375 0.219811646875 0.7862981828125 0.1950034109375 0.7744053734375 0.21897207968750002 0.7308300812499999 0.19255201093750002 0.7199909 0.137710565625 0.8068011421874999 0.194348615625 0.8278169109375
1 0.356229753125 0.8621411171875 0.3681194921875 0.813721321875 0.339928796875 0.8109152984374999 0.3495149890625 0.765214659375 0.3146899078125 0.7604763859375 0.286385996875 0.8550156187500001 0.356229753125 0.8621411171875
1 0.4099661453125 0.8156897453124999 0.41690292968750003 0.77354103125 0.38215398125 0.7695618984375 0.3904742015625 0.7240821265624999 0.3586378546875 0.723456978125 0.3423084765625 0.8089552828125001 0.4099661453125 0.8156897453124999
1 0.450773096875 0.773038928125 0.465953971875 0.684651296875 0.4335020375 0.6864508203125 0.42871653906249996 0.72436209375 0.3925841546875 0.72371401875 0.384111671875 0.7676755078124999 0.450773096875 0.773038928125
12 0.427222171875 0.7223055296875 0.441248003125 0.6395263828125 0.3765377328125 0.6407743796875 0.3595993015625 0.7201995453125 0.427222171875 0.7223055296875
12 0.5484986125 0.8355492296874999 0.5426234187500001 0.7940908734375001 0.50610384375 0.7981448953125 0.5017295500000001 0.7502452921875 0.465320903125 0.7596869359375 0.47418695624999996 0.8523759515625 0.5484986125 0.8355492296874999
11 0.579412721875 0.7884449421874999 0.567475275 0.69938146875 0.49834496718750004 0.7122145421875 0.5072175515625 0.7964057453125 0.579412721875 0.7884449421874999
1 0.748811428125 0.773567284375 0.729508671875 0.7352239609375 0.6976244578124999 0.746965959375 0.673990865625 0.7039712296875 0.6412213375 0.7197298062499999 0.6810101562499999 0.8039342578124999 0.748811428125 0.773567284375
7 0.7640422953125 0.7199300421875 0.7434735671875 0.6818075828125 0.709438065625 0.697787021875 0.6869529812499999 0.657681621875 0.6569089906250001 0.6706474171875 0.697818053125 0.744614909375 0.7640422953125 0.7199300421875
11 0.7730194359375 0.6681562624999999 0.7301526828125 0.5960751656250001 0.6690271250000001 0.6245050515624999 0.709209671875 0.69550959375 0.7730194359375 0.6681562624999999
8 0.888020659375 0.615651025 0.820056340625 0.5587624546875001 0.77119676875 0.59818360625 0.8397353437499999 0.6565168375 0.888020659375 0.615651025
12 0.8937718531250001 0.6687173828125 0.8629165546875001 0.639341365625 0.840385728125 0.65872064375 0.7991394671875 0.624205640625 0.7744986875000001 0.6439530265625 0.8403465203125 0.7097075125 0.8937718531250001 0.6687173828125
12 0.9627565921875 0.4960178 0.8847275609375 0.4586509140625 0.8502504656250001 0.500197409375 0.9292757406250001 0.5389353375 0.9627565921875 0.4960178
11 0.8675194015625 0.5396679828125001 0.9487655593750001 0.5834254249999999 0.9762630359375001 0.5476260484375 0.9768041734375 0.5343455859375 0.9470124109375 0.5188476125 0.9302719828124999 0.54030638125 0.885256071875 0.5195802578125 0.8675194015625 0.5396679828125001
11 0.475701325 0.5331003640625 0.47226021406249996 0.4688170359375 0.4128008890625 0.47532833906249994 0.41451270625000003 0.543775484375 0.475701325 0.5331003640625
9 0.5391521578125 0.5235754203125 0.5325287203125 0.45753001718749997 0.47463989375000004 0.4668570234375 0.47746541875000004 0.53356501875 0.5391521578125 0.5235754203125