4 0.257562696875 0.6293155671874999 0.3301263859375 0.585804453125 0.294857503125 0.54573295 0.22486494375000002 0.5901322703125 0.257562696875 0.6293155671874999
3 0.181505778125 0.6818876953124999 0.255893484375 0.63000655625 0.23733020625 0.6076217359375 0.205568028125 0.6315090578125 0.18838454531249998 0.6122629046875 0.1464186234375 0.6349070328125 0.181505778125 0.6818876953124999
6 0.2355802234375 0.6060030984375 0.22404379687499998 0.590862703125 0.258323259375 0.5663238328125 0.2428359125 0.5471565640625 0.16939723125 0.5898583609375 0.2050632234375 0.629179709375 0.2355802234375 0.6060030984375
9 0.1256140296875 0.6815940656249999 0.161192515625 0.657884234375 0.14610228125 0.6379668125 0.1857864921875 0.610604825 0.168603009375 0.5913586703125 0.091852825 0.6362123203125 0.1256140296875 0.6815940656249999
2 0.069641515625 0.678990809375 0.1061488375 0.657630046875 0.09100475625 0.6361728765625 0.132438953125 0.610429525 0.11901793125 0.5898211125 0.03853220625 0.63680689375 0.069641515625 0.678990809375
10 0.2800903765625 0.777170365625 0.334642703125 0.7028452421875 0.2793971 0.67260535625 0.2250265015625 0.740021321875 0.2800903765625 0.777170365625
9 0.2205775140625 0.794386653125 0.24854357500000002 0.7587934265625 0.22465631406250003 0.7415413515625 0.25126950312499996 0.7035793328125 0.22571302656249997 0.687018246875 0.165648253125 0.7610869874999999 0.2205775140625 0.794386653125
1 0.3792268921875 0.86402385 0.39414885 0.8186004656250001 0.3663174 0.80961980625 0.37877592187500003 0.76638771875 0.3444762640625 0.7540317328125 0.31028431093750003 0.8416017796874999 0.3792268921875 0.86402385
1 0.43560324375 0.8297519703124999 0.44520121875 0.7894613359375 0.410928484375 0.7778752234375 0.4221149046875 0.734583971875 0.390520990625 0.7269655671875 0.368807759375 0.808198384375 0.43560324375 0.8297519703124999
1 0.47888838125 0.7964084734375 0.4996458546875 0.7120567109375 0.46728463906249995 0.7067084890625 0.46009625468750004 0.7432680765625 0.4242350765625 0.7346825796875 0.41299480937500005 0.77643408125 0.47888838125 0.7964084734375
12 0.45874338437500006 0.740899284375 0.4779931796875 0.6618577640625001 0.41361401718749996 0.6488714156250001 0.3916854015625 0.72394523125 0.45874338437500006 0.740899284375
12 0.5719807265625 0.8799063531250001 0.5688038296875 0.8374843171874999 0.5322561203125 0.8334786281250001 0.530984009375 0.7849961984375 0.49420072499999995 0.7863599171875 0.49706128749999995 0.880265 0.5719807265625 0.8799063531250001
11 0.605721728125 0.839969975 0.5995765859375 0.7489866203125 0.5300619 0.7465221468750001 0.5334743765625001 0.83199804375 0.605721728125 0.839969975
1 0.774998878125 0.8624468203125 0.7582798093750001 0.82016356875 0.725844559375 0.8248040046874999 0.705120721875 0.7769541281250001 0.6715479828124999 0.7853847796875 0.7056793828125 0.8776697609375 0.774998878125 0.8624468203125
7 0.79357560625 0.8125816796875001 0.7755844359374999 0.7702392625 0.74073959375 0.778610746875 0.72097151875 0.733879815625 0.69028625 0.740138890625 0.7261878234375 0.8225141 0.79357560625 0.8125816796875001
11 0.8058187484375001 0.7631905890625 0.7678508484375001 0.6822565234375 0.705288978125 0.6970251359375 0.7406588265625 0.77630111875 0.8058187484375001 0.7631905890625
8 0.923459175 0.7363798171875 0.859578078125 0.6650012640625 0.8084987859374999 0.69337051875 0.872857765625 0.76630854375 0.923459175 0.7363798171875
12 0.925767815625 0.79029081875 0.8969940609375 0.7543645171875 0.8733625671875 0.7686378921875 0.834593721875 0.7253291140625 0.808842059375 0.7395038828125 0.870051071875 0.8192130125 0.925767815625 0.79029081875
12 1 0.6302246 0.93026389375 0.5798971515625 0.8933392703124999 0.613536475 0.9693760140625001 0.6693392921875 1 0.639398975 1 0.6302246
11 1 0.662284009375 0.988289284375 0.653309228125 0.970277928125 0.6709184875 0.926878359375 0.64046093125 0.9079650890625001 0.6564909953125 0.98588643125 0.717761828125 1 0.7037190640625 1 0.662284009375
11 0.5190584078125 0.5638466640625001 0.5197651234375 0.499315178125 0.46026571875 0.492704771875 0.457573446875 0.5609870265625 0.5190584078125 0.5638466640625001
9 0.5827173828125 0.5683446609375 0.580375090625 0.5013654984375 0.5222554828125 0.49789375781249995 0.52078146875 0.5646954265625 0.5827173828125 0.5683446609375