10 0.883771965625 0.7316459125 0.8495305359374999 0.7528335703125 0.9243260234375 0.7678917984375 0.9522880406249999 0.746387465625 0.883771965625 0.7316459125
1 0.8706842328125 0.7590304734375 0.86091371875 0.7685414484375 0.9304076796875 0.783759825 0.966790690625 0.759773109375 0.9449985671875 0.7549120375 0.9262817859375 0.768845446875 0.8706842328125 0.7590304734375
6 0.7911493390625 0.7732313484375 0.7427327765625 0.7946446609375 0.7964031140625 0.820265775 0.84209209375 0.7961498546875 0.7911493390625 0.7732313484375
9 0.7714308 0.8102852203124999 0.7500995890625 0.8221202390625001 0.80358410625 0.851494059375 0.8556656484375 0.8282990328125001 0.8211003359375001 0.8097975296875 0.79890439375 0.82175994375 0.7714308 0.8102852203124999
6 0.6996379890625 0.8183783984374999 0.6401252734375 0.8327339874999999 0.669829725 0.8656111578125 0.73020716875 0.8511281734375 0.6996379890625 0.8183783984374999
7 0.6533713125 0.8512718687499999 0.6223744375 0.858942865625 0.6529841015625 0.8966537875 0.716687071875 0.87857643125 0.701917634375 0.8590212078125001 0.671898640625 0.8671690265625 0.6533713125 0.8512718687499999
11 0.5745594515625 0.8479813421875001 0.5135030953124999 0.8588390140625 0.5135601875 0.892358590625 0.5783422515625001 0.8871609218750001 0.5745594515625 0.8479813421875001
11 0.5110506046875 0.8765852046875 0.48099112499999996 0.8797718812499999 0.47455080625 0.9260455593750001 0.54301809375 0.9215467500000001 0.544504640625 0.8915250921875 0.514445159375 0.89471176875 0.5110506046875 0.8765852046875
10 0.41315862968749995 0.9090127171875 0.445169203125 0.8664226140625001 0.4046722375 0.8636963062499999 0.4000579234375 0.8817609843750001 0.3853170328125 0.8789655468750001 0.378544528125 0.8712708499999999 0.3594441734375 0.9045083187499999 0.41315862968749995 0.9090127171875
6 0.3648505515625 0.8906731734375001 0.3355950734375 0.8862907375000001 0.29593532499999997 0.93311218125 0.3569070765625 0.9384100796875 0.380371565625 0.909496784375 0.3593512640625 0.9063846718749999 0.3648505515625 0.8906731734375001
5 0.549488525 0.7330851296875001 0.4993139578125 0.73799344375 0.493051153125 0.7662352 0.5471170046875 0.7607536109375 0.549488525 0.7330851296875001
12 0.253319009375 0.8791643453125 0.2121228890625 0.8703321546874999 0.151309446875 0.91095669375 0.1936895078125 0.9189935765625 0.253319009375 0.8791643453125
4 0.176919153125 0.85316648125 0.152544778125 0.83688895 0.08787223125 0.868768696875 0.10532876875 0.8860653859375001 0.176919153125 0.85316648125