10 0.8465384828125 0.8244462171875 0.8781818187500001 0.8073478453125 0.8131371828124999 0.7829216015625 0.775340975 0.7987986609375 0.8465384828125 0.8244462171875
1 0.869392003125 0.81467571875 0.8482964453124999 0.8256675296875 0.7951180609375 0.8079585015624999 0.7836913 0.8158970312499999 0.8496149187500001 0.84093393125 0.8900480703125 0.8226142484375 0.869392003125 0.81467571875
6 0.7102963390625 0.857421646875 0.7599587984375 0.8403232765625 0.713812265625 0.8104011265625 0.661952353125 0.8244462171875 0.7102963390625 0.857421646875
9 0.7366657859375 0.850704428125 0.71249379375 0.8592536140625 0.68744281875 0.8439872125000001 0.6641498078125 0.8525363984375 0.7116148124999999 0.8891757640625 0.7674301406249999 0.8739093609375 0.7366657859375 0.850704428125
6 0.5766911421875001 0.8836798578125 0.6390988328125 0.878183953125 0.6149268390625 0.8415445874999999 0.5533981296875 0.8470404921875 0.5766911421875001 0.8836798578125
7 0.60965295 0.881847890625 0.5784491046875 0.8855118265625 0.5630669265625 0.86719214375 0.5309841 0.870245425 0.5542771109375 0.9117700390625 0.6206402203125 0.9032208531249999 0.60965295 0.881847890625
11 0.4171559875 0.8873437953125001 0.48220062343750003 0.8916183875 0.48571654999999997 0.8525363984375 0.4233088578125 0.854368365625 0.4171559875 0.8873437953125001
11 0.4479203421875 0.89100773125 0.417595478125 0.88978641875 0.417595478125 0.8714667359374999 0.3872706140625 0.870245425 0.372327928125 0.9148233187500001 0.440888490625 0.9203192234375001 0.4479203421875 0.89100773125
10 0.314754634375 0.8891757640625 0.3543088046875 0.8519257421875001 0.314754634375 0.84337655625 0.3068438 0.8604749265624999 0.29278009531250004 0.8555896781250001 0.28750620625 0.8470404921875 0.26245523125000003 0.8769626421875 0.314754634375 0.8891757640625
6 0.28223231718749997 0.8849011703125 0.262015740625 0.878794609375 0.270366065625 0.8641388640625 0.24223865625 0.8555896781250001 0.1943341609375 0.8958929796874999 0.253665415625 0.9099380703125 0.28223231718749997 0.8849011703125
5 0.4202324234375 0.7603273265625 0.47472927968749995 0.7627699515625 0.48220062343750003 0.7359010828125 0.43165918281250004 0.733458459375 0.4202324234375 0.7603273265625
12 0.0553758390625 0.8531470531249999 0.095808990625 0.86719214375 0.1621720984375 0.8366593390625001 0.12305741875000001 0.8220035937500001 0.0553758390625 0.8531470531249999
4 0.00043949062500000006 0.802462596875 0.0145031953125 0.8220035937500001 0.09141408281249999 0.8000199734375 0.07031852499999999 0.780478978125 0.00043949062500000006 0.802462596875