10 0.7913709578125 0.7861833046875 0.7534515796875 0.8027200984375 0.8245576281250001 0.8271248984374999 0.8563262421875001 0.809474190625 0.7913709578125 0.7861833046875
1 0.7731914093750001 0.8115347296875 0.7617091359375 0.8196727140625001 0.8275405640625 0.8435589125 0.8681132515625001 0.824533465625 0.8474866140625 0.8169554890624999 0.8263099078125 0.828315525 0.7731914093750001 0.8115347296875
6 0.6918053 0.815396553125 0.6398214546875 0.8303468609375001 0.6880127359375 0.8624784421875 0.7378151203125001 0.8445132109375001 0.6918053 0.815396553125
9 0.6652188609375 0.84944291875 0.6418571375 0.8583986843750001 0.689147390625 0.8942095453125001 0.7450969796875 0.8779688828125 0.7144427296875 0.85530094375 0.690201309375 0.8642720546874999 0.6652188609375 0.84944291875
6 0.5926581578125 0.8482660640624999 0.5310474328125 0.8548359578125 0.5541460453125 0.8910687421875 0.6166364640625 0.8844835062499999 0.5926581578125 0.8482660640624999
7 0.5406067546875 0.8748188390625 0.508480071875 0.8784321281249999 0.5315502375000001 0.9195501609375001 0.59801706875 0.909842603125 0.5871453125 0.8886614234374999 0.5558947703125 0.892870025 0.5406067546875 0.8748188390625
11 0.46327883593749997 0.86151325 0.4008097484375 0.864434546875 0.394459875 0.897517375 0.4595324953125 0.9006566093749999 0.46327883593749997 0.86151325
11 0.39499216718749997 0.8816326453125001 0.3646497640625 0.88094065625 0.349435375 0.9257793765625 0.41801966874999996 0.93007855 0.425227903125 0.9006443171875 0.3948855 0.8999523281249999 0.39499216718749997 0.8816326453125001
10 0.292231284375 0.8553375578125 0.2842144640625 0.8725740125 0.2701677703125 0.8679342468750001 0.26493937343749996 0.8594771171875 0.23969381250000002 0.8898365343749999 0.291964615625 0.9011367671875 0.3317678296875 0.8631963234375 0.292231284375 0.8553375578125
6 0.24768574375000002 0.876874671875 0.2195852484375 0.8688164515624999 0.17140714375 0.9099559296875 0.2307048484375 0.9229653890625 0.2594407515625 0.8974298515625 0.239243296875 0.8916761734374999 0.24768574375000002 0.876874671875
5 0.46043916874999996 0.7449393046874999 0.409870865625 0.7433788859375 0.398278371875 0.7704472078125 0.45280530468749997 0.7719385859375001 0.46043916874999996 0.7449393046874999
12 0.1395638296875 0.8512836796875 0.1005026875 0.8373106828125 0.0325847578125 0.869635528125 0.0729689984375 0.88297485625 0.1395638296875 0.8512836796875
4 0 0.8367429124999999 0.06896163125 0.8158793984375 0.0479627046875 0.796706628125 0 0.81259065625 0 0.8367429124999999