10 0.8049228578125 0.805423790625 0.7658629046875001 0.817264896875 0.8345960234375 0.8502191375000001 0.8676292906249999 0.8365199765625 0.8049228578125 0.805423790625
1 0.8582285296875 0.842889890625 0.8362418546875 0.85161773125 0.7847779234375001 0.8284435312499999 0.7726953953125 0.8351451703125001 0.836224746875 0.8669406531250001 0.878126228125 0.8529456109375 0.8582285296875 0.842889890625
6 0.70351913125 0.82237308125 0.6506002140625 0.8309216953125 0.69591384375 0.86877556875 0.7469086078125 0.8569602078124999 0.70351913125 0.82237308125
9 0.722784759375 0.8648509093750001 0.69794450625 0.8708275109375 0.6743050125 0.8530234875 0.6503409296875 0.8590919828124999 0.694458859375 0.9004983843750001 0.7514270515625 0.891148478125 0.722784759375 0.8648509093750001
6 0.6022339609375 0.8430127359374999 0.540422734375 0.842046884375 0.5604459765625001 0.8809262406249999 0.623133375 0.8819839843749999 0.6022339609375 0.8430127359374999
7 0.593462134375 0.882550003125 0.5620385531250001 0.8829322359375 0.5483032078125001 0.8631020140624999 0.5160567109375 0.862784953125 0.5356539140625001 0.906523534375 0.6025503546875 0.9049577765624999 0.593462134375 0.882550003125
11 0.4724783140625 0.8404377875 0.41011044375 0.8357356218750001 0.40110150000000006 0.8678921578125 0.4655653359375 0.87894403125 0.4724783140625 0.8404377875
11 0.431447940625 0.8747528156250001 0.40132656562499996 0.870367715625 0.4029242046875 0.8521456140625 0.37280283281250004 0.847760515625 0.354020346875 0.8905387843750001 0.4218823546875 0.9031730375 0.431447940625 0.8747528156250001
10 0.2478008171875 0.8413932046875001 0.2988678703125 0.85900888125 0.3415440765625 0.826092440625 0.3028619671875 0.813453628125 0.293485303125 0.8296338875 0.2798926109375 0.8233043796875 0.2753811546875 0.814249378125 0.2478008171875 0.8413932046875001
6 0.2668223453125 0.8513570296875 0.24720296875 0.8431694671875001 0.2568046984375 0.8294647656249999 0.2295128078125 0.8180205562499999 0.178246709375 0.8531010312499999 0.2361633625 0.873274059375 0.2668223453125 0.8513570296875
5 0.479145265625 0.724056171875 0.42897847968749997 0.7163427359375001 0.415245059375 0.7418738796875 0.4693546125 0.750000834375 0.479145265625 0.724056171875
12 0.151353203125 0.79082054375 0.1136417265625 0.7721536421875 0.0434606109375 0.7960554828124999 0.082539596875 0.8142528203125 0.151353203125 0.79082054375
4 0.0264388421875 0.7571093828125 0.0840167546875 0.7469789875 0.0646928109375 0.7253366578125 0.025606996875 0.7332884421875 0.0264388421875 0.7571093828125