10 0.8096827765624999 0.7757745421875 0.77235423125 0.793178415625 0.844287046875 0.815907575 0.8754281265625 0.7975338375 0.8096827765624999 0.7757745421875
1 0.7923947874999999 0.801526040625 0.7812007203125 0.8099237765625 0.8478426859375 0.8322574749999999 0.8877367109375 0.812305471875 0.8668528375 0.8052140171875 0.8460802734374999 0.8170563812499999 0.7923947874999999 0.801526040625
6 0.711172440625 0.807277240625 0.6597290359375 0.82342315625 0.7090249984375 0.8544051093749999 0.7581824562499999 0.835297709375 0.711172440625 0.807277240625
9 0.6857841171875 0.84191140625 0.662743371875 0.8514024765625001 0.71126708125 0.8860813640625 0.7666297671875 0.8685540171874999 0.7351950078125 0.8466193515624999 0.7112754140625 0.8561462093750001 0.6857841171875 0.84191140625
6 0.613208121875 0.842423190625 0.551848675 0.8504201046875 0.5762040734375 0.8860831749999999 0.6384423671875 0.8780504734375001 0.613208121875 0.842423190625
7 0.5621022625000001 0.8701627375 0.5301131515625 0.8745199734375 0.5546106734375 0.9150645718750001 0.6207149546874999 0.9038198656249999 0.6091075625 0.8829105343749999 0.578015065625 0.8878421718749999 0.5621022625000001 0.8701627375
11 0.48433729531249997 0.8586675375 0.42199240624999995 0.8630390921875 0.41679981406250005 0.89623993125 0.48195889999999997 0.8978629218749999 0.48433729531249997 0.8586675375
11 0.41677733437500003 0.8803570687500001 0.3864215578125 0.8803713906249999 0.372778034375 0.9255237421875 0.44148804375 0.9282239609375 0.44766607656249996 0.8986484812500001 0.41731030156250004 0.8986628015625 0.41677733437500003 0.8803570687500001
10 0.31446735625 0.9022398640624999 0.3529318015625 0.8634077250000001 0.3131349390625 0.8564755312500001 0.305722746875 0.8738829765625 0.291519059375 0.8695740640625 0.2859972546875 0.8612461203124999 0.261820609375 0.8921654562500001 0.31446735625 0.9022398640624999
6 0.2693571625 0.8790293468750001 0.24098531875 0.8716319015625 0.1942606484375 0.9138549859375 0.2539914734375 0.9254736593749999 0.2818256359375 0.8992926984375 0.26143448125 0.8940139234375 0.2693571625 0.8790293468750001
5 0.47742867968749997 0.7422641921875 0.4268238765625 0.7418812671875 0.41618054375 0.7691949234375001 0.47074016093750004 0.769416803125 0.47742867968749997 0.7422641921875
12 0.1603802265625 0.8559759546875 0.12084513125 0.842923959375 0.05407990625 0.876799415625 0.0949155046875 0.8891875406249999 0.1603802265625 0.8559759546875
4 0 0.8313993265624999 0.0123074421875 0.8473438359375001 0.08856705312499999 0.8222454625 0.0669062109375 0.803578271875 0 0.8275578937500001 0 0.8313993265624999