10 0.8714998875 0.7290656 0.8363747140625 0.7496427328124999 0.91059918125 0.7659971609375 0.939454240625 0.744993953125 0.8714998875 0.7290656
1 0.9318129390625 0.75338610625 0.9125171796875 0.7669843625 0.8572878765624999 0.7562050453125 0.8471238828125 0.7655396984375 0.9160372390625 0.781961653125 0.9534193703125 0.7586245453125 0.9318129390625 0.75338610625
6 0.777128090625 0.7690091625 0.7278104234375 0.7895644203125001 0.780466825 0.8161066015625 0.8271655515624999 0.7928027828124999 0.777128090625 0.7690091625
9 0.805605159375 0.8060757734375 0.7829086140625 0.8176435156249999 0.75588714375 0.8056962999999999 0.734061021875 0.8171518171875001 0.7863784640625 0.8474411734375 0.8394358765625001 0.8251692531250001 0.805605159375 0.8060757734375
6 0.6837229671875 0.8125315656250001 0.6235905749999999 0.8258397437499999 0.65197139375 0.859215290625 0.7129742078125 0.8457948859375 0.6837229671875 0.8125315656250001
7 0.6843465109375 0.8531893765625 0.65397796875 0.860808315625 0.6360882640625001 0.8445974984375001 0.6047607234375 0.8517228390625 0.6338501546875001 0.8899449890625 0.6983269890625 0.87299044375 0.6843465109375 0.8531893765625
11 0.5573652250000001 0.8399334984375001 0.49583094687499996 0.8497189531249999 0.4945211453125 0.8832190859375 0.5595524593750001 0.8791552109375 0.5573652250000001 0.8399334984375001
11 0.5255173984375 0.8829261609374999 0.4953106625 0.8855862734375 0.49265335468749993 0.86741151875 0.46244661875000004 0.8700716343750001 0.45411555468750003 0.916204696875 0.5228057140625 0.9129035703125 0.5255173984375 0.8829261609374999
10 0.33982095 0.8926716671875001 0.3933826359375 0.8981107796875 0.42714846093750003 0.8561053171875 0.3867393640625 0.8526738921874999 0.381385715625 0.8706470218750001 0.3667503390625 0.8675960203124999 0.36028772343750004 0.8597878171875 0.33982095 0.8926716671875001
6 0.360556959375 0.8980223296875 0.33965146874999996 0.8945452546875 0.3457946375 0.8789393140625 0.3167010359375 0.8740489609375001 0.2751090828125 0.9201496875 0.3358998796875 0.9265084765625 0.360556959375 0.8980223296875
5 0.5369653328124999 0.7246697890625 0.4865617234375 0.7286994296875 0.47914361562499996 0.7568146609374999 0.533464128125 0.7522800109375 0.5369653328124999 0.7246697890625
12 0.23466822656250003 0.8654909765625 0.193808571875 0.8559451875 0.131303453125 0.895483596875 0.1733801640625 0.904255225 0.23466822656250003 0.8654909765625
4 0.1592845859375 0.83817558125 0.135559978125 0.8214825765624999 0.0695501484375 0.8522141718749999 0.086311375 0.8698049796875 0.1592845859375 0.83817558125