10 0.8146485859375 0.7058266703125 0.7778239124999999 0.7270498765625 0.8504229515624999 0.7421333671875 0.8810315187500001 0.7205929546875 0.8146485859375 0.7058266703125
1 0.79810871875 0.733257175 0.787158240625 0.74278410625 0.8544545625 0.758028015625 0.893770746875 0.7340010578125 0.87267911875 0.7291318296875 0.8522497250000001 0.743088615625 0.79810871875 0.733257175
6 0.7170482125000001 0.747481875 0.6660711218750001 0.7689311156249999 0.71627190625 0.7945952140625 0.7648767249999999 0.7704388343749999 0.7170482125000001 0.747481875
9 0.6926659203125001 0.7845979140625 0.669899778125 0.796452790625 0.7194358234375 0.8258758921875 0.7742922671875 0.8026419499999999 0.7422171453125 0.7841094046875 0.7185731359374999 0.7960918890625 0.6926659203125001 0.7845979140625
6 0.6200999015625 0.7927046718749999 0.5589689859375 0.8070843468750001 0.5843637234375 0.840016678125 0.6463725046875 0.82550939375 0.6200999015625 0.7927046718749999
7 0.5697977203125 0.825653328125 0.537933225 0.8333371968750001 0.5636121328125 0.8711113859375 0.6293937046875 0.8530037015625 0.6171771265625 0.8334156687500001 0.58622601875 0.841577159375 0.5697977203125 0.825653328125
11 0.49169301093750006 0.8223572812500001 0.42947109843750003 0.8332331703125 0.4252442 0.866808984375 0.49045492343749997 0.861602596875 0.49169301093750006 0.8223572812500001
11 0.42475957343750004 0.851009134375 0.394402159375 0.85420115625 0.3820715109375 0.900552471875 0.45086474218749995 0.8960461140625 0.456182634375 0.8659740875 0.42582521875 0.8691661093749999 0.42475957343750004 0.851009134375
10 0.320415278125 0.8380986125 0.31350908906249997 0.8561935984375 0.2991790640625 0.8533934703125 0.29341456718750003 0.845685865625 0.27013594531249996 0.8789790984374999 0.32307939218750004 0.8834910515625 0.36041654375 0.8408294937499999 0.320415278125 0.8380986125
6 0.2772907859375 0.8651207390625 0.248701778125 0.8607309484375 0.203202509375 0.90763095 0.2632754484375 0.9129377359375 0.29034970625 0.88397593125 0.2698035765625 0.8808585984375 0.2772907859375 0.8651207390625
5 0.4813969359375 0.7072683015625 0.4307775625 0.71218485 0.42092825468750006 0.7404739890625 0.47549802343750003 0.734983203125 0.4813969359375 0.7072683015625
12 0.16763568281250002 0.853592603125 0.1277181359375 0.8447455921874999 0.061934065625 0.885438290625 0.1031328890625 0.89348865625 0.16763568281250002 0.853592603125
4 0.0948361921875 0.8275511203124999 0.0726307234375 0.8112462796875001 0.004119162500000001 0.8431795125000001 0.019301704687499997 0.860505221875 0.0948361921875 0.8275511203124999