9 0.30614234218749997 0.7692359015625 0.2922697296875 0.757439153125 0.3030584453125 0.742864421875 0.29203273125 0.731638853125 0.24947410312499999 0.77267429375 0.2770650953125 0.7988121203125 0.30614234218749997 0.7692359015625
11 0.3558656171875 0.7347884640625 0.3286778859375 0.71388209375 0.295270859375 0.755466 0.320014953125 0.7810326484375001 0.3558656171875 0.7347884640625
12 0.4672230703125 0.8363199984374999 0.4490740921875 0.832678740625 0.451704684375 0.8145357765625001 0.42986956249999997 0.8107987781249999 0.41724474687499996 0.872003903125 0.4594915421875 0.8791923078125 0.4672230703125 0.8363199984374999
10 0.4948415 0.78327361875 0.457831821875 0.7758483078125 0.45065177343749996 0.8304199984375 0.49111925625 0.837251415625 0.4948415 0.78327361875
2 0.5557052484375 0.8547161390625 0.530533828125 0.8599670578125 0.5222989499999999 0.819041934375 0.5110862843749999 0.82129905 0.518469878125 0.8807241250000001 0.55927253125 0.8805407828125 0.5557052484375 0.8547161390625
9 0.564619853125 0.8294643015625001 0.5410261125 0.8324564765625 0.5322544375 0.7959303859375 0.5193365625 0.801064478125 0.5317556453125001 0.8576369171874999 0.5699190484375001 0.8504858703125 0.564619853125 0.8294643015625001
12 0.5749579078125 0.8044980531249999 0.5514649828125 0.808798090625 0.5415990109375 0.7739839078124999 0.5280969359375 0.778356971875 0.5423754546875 0.829508103125 0.579216221875 0.8233793296874999 0.5749579078125 0.8044980531249999
2 0.5698844078125 0.7500431875 0.536347215625 0.7581224 0.5523309375000001 0.80639655625 0.5871640546875 0.7992211671875 0.5698844078125 0.7500431875
7 0.6268396921875 0.8116880828124999 0.6142776796875 0.8168935718749999 0.606614971875 0.7947539906250001 0.5844920796874999 0.8031918140625001 0.6021482828125 0.859527346875 0.6402375765625 0.8491423359375 0.6268396921875 0.8116880828124999
11 0.6269024953125 0.75568845 0.5943053640625 0.7646000859375001 0.6145594359375 0.8137310062499999 0.6475391328125 0.8029646703125 0.6269024953125 0.75568845
9 0.48730777343750004 0.6059995859375 0.47020231875 0.6386215421875 0.5048217734375 0.6468549390625 0.5073782578125 0.625478009375 0.49673511562500006 0.6123977390625 0.48730777343750004 0.6059995859375