9 0.3763363734375 0.7874353281250001 0.360354890625 0.7786103171875001 0.3679824171875 0.7622210140625 0.3549066578125 0.7533960046875 0.3214908296875 0.8019335578125 0.3538170109375 0.822105009375 0.3763363734375 0.7874353281250001
11 0.3628974 0.7760888859375 0.39231785625 0.7962603374999999 0.418106159375 0.7439406359375 0.3872328390625 0.728812046875 0.3628974 0.7760888859375
12 0.5477741015625 0.8214746500000001 0.529250109375 0.8214746500000001 0.5281604625 0.8031942734375 0.506004315625 0.80382463125 0.506004315625 0.8662300578125001 0.5488637468750001 0.8649693421875 0.5477741015625 0.8214746500000001
10 0.53033975625 0.8189532203125 0.5713831093749999 0.8176925031250001 0.5641187999999999 0.7641120875 0.526344384375 0.7641120875 0.53033975625 0.8189532203125
2 0.638214765625 0.822105009375 0.6146057578125 0.832190734375 0.5982610578124999 0.79373890625 0.587727809375 0.7981514109375001 0.60697823125 0.8548836171875 0.6469319390625 0.8466889656250001 0.638214765625 0.822105009375
9 0.641846921875 0.7956299796875 0.6193275593750001 0.8031942734375 0.6033460765624999 0.76915495 0.5917231796875 0.77671924375 0.6153321875 0.829669303125 0.6512905250000001 0.8151710734375 0.641846921875 0.7956299796875
12 0.6469319390625 0.76915495 0.6247757921875 0.777979959375 0.608067878125 0.745831709375 0.59571855 0.752765646875 0.620053990625 0.800042484375 0.6549226796875 0.7868049687500001 0.6469319390625 0.76915495
2 0.6251390078125 0.7754585296875 0.6578284046875 0.76159065625 0.63095045625 0.7168352484375 0.5997139203125 0.7313334796875 0.6251390078125 0.7754585296875
7 0.699234975 0.7660031609375 0.68797529375 0.7735674546875 0.6759891796875 0.7533960046875 0.6560123265625 0.7660031609375 0.684706353125 0.8176925031250001 0.719938259375 0.800042484375 0.699234975 0.7660031609375
11 0.687612078125 0.7704156656250001 0.7177589656250001 0.7533960046875 0.68797529375 0.711162028125 0.6578284046875 0.7262906171875 0.687612078125 0.7704156656250001
9 0.531429403125 0.5964368999999999 0.520896153125 0.5920243953125001 0.5107261171874999 0.627324434375 0.5463212390625001 0.6285851515624999 0.5445051609375 0.607152984375 0.531429403125 0.5964368999999999