9 0.3504626203125 0.7692359015625 0.3359227484375 0.757439153125 0.3458492734375 0.742864421875 0.33418566250000004 0.731638853125 0.29407104375 0.77267429375 0.3231447265625 0.7988121203125 0.3504626203125 0.7692359015625
11 0.3981153109375 0.7347884640625 0.36974857656250004 0.71388209375 0.33880506875 0.755466 0.365002490625 0.7810326484375001 0.3981153109375 0.7347884640625
12 0.5152265671875 0.8363199984374999 0.49689040156250003 0.832678740625 0.498462334375 0.8145357765625001 0.47643944375 0.8107987781249999 0.46739108125 0.872003903125 0.5099987296874999 0.8791923078125 0.5152265671875 0.8363199984374999
10 0.53972271875 0.78327361875 0.5023313218750001 0.7758483078125 0.49833458906250006 0.8304199984375 0.539144575 0.837251415625 0.53972271875 0.78327361875
2 0.6046588015625 0.8547161390625 0.57982681875 0.8599670578125 0.5692231 0.819041934375 0.558156871875 0.82129905 0.56898631875 0.8807241250000001 0.6097230812500001 0.8805407828125 0.6046588015625 0.8547161390625
9 0.612092828125 0.8294643015625001 0.5887050312500001 0.8324564765625 0.577821065625 0.7959303859375 0.56521925 0.801064478125 0.5809114734375 0.8576369171874999 0.6186073515625 0.8504858703125 0.612092828125 0.8294643015625001
12 0.6209649859375 0.8044980531249999 0.5977539265625 0.808798090625 0.5858767015625 0.7739839078124999 0.5726472171875 0.778356971875 0.5898810859375 0.829508103125 0.62631556875 0.8233793296874999 0.6209649859375 0.8044980531249999
2 0.6127315484375 0.7500431875 0.57970959375 0.7581224 0.59847905 0.80639655625 0.6328477359375 0.7992211671875 0.6127315484375 0.7500431875
7 0.6731946765625 0.8116880828124999 0.6609523921875 0.8168935718749999 0.6520125375 0.7947539906250001 0.6304102890625 0.8031918140625001 0.6513187671875 0.859527346875 0.6887525671875 0.8491423359375 0.6731946765625 0.8116880828124999
11 0.6700007546875 0.75568845 0.6379660015625 0.7646000859375001 0.6610498484375 0.8137310062499999 0.6933587921875 0.8029646703125 0.6700007546875 0.75568845
9 0.5218898765625 0.6059995859375 0.506704696875 0.6386215421875 0.5417561015625 0.6468549390625 0.5430659578125 0.625478009375 0.531676540625 0.6123977390625 0.5218898765625 0.6059995859375