4 0.1550257734375 0.6382552265625 0.090027815625 0.7049772609375 0.1263915 0.7366230578125 0.192898615625 0.6679325828125 0.1550257734375 0.6382552265625
3 0.0628200203125 0.769106909375 0.10912127499999999 0.72428095625 0.0891054640625 0.7086708984375 0.1112188453125 0.6792051109374999 0.098171953125 0.6672695234375 0.028363854687500002 0.7318598484375001 0.0628200203125 0.769106909375
7 0.25184196718749996 0.8180054515625 0.296080275 0.729483146875 0.2423405984375 0.7124069703125 0.19726423125 0.79206005625 0.25184196718749996 0.8180054515625
1 0.1857546875 0.8687142375000001 0.2220273671875 0.8080158171875 0.197358453125 0.794739065625 0.2104697671875 0.76362805625 0.186450471875 0.7538625031249999 0.1300975609375 0.8419974578125 0.1857546875 0.8687142375000001
10 0.3813917484375 0.851389746875 0.40330836249999996 0.75649146875 0.34084928593749997 0.7458071015625001 0.315757321875 0.8401772421875 0.3813917484375 0.851389746875
2 0.3247148328125 0.9153527984375 0.3460016921875 0.8474270546874999 0.31529614375000004 0.842024059375 0.32242370781249996 0.8053309484375 0.29276614218749997 0.7998063296875 0.26052675000000003 0.900385846875 0.3247148328125 0.9153527984375
8 0.526578578125 0.8506799656249999 0.515787903125 0.753300946875 0.44881128593749997 0.76376376875 0.45633238593750003 0.8579356375 0.526578578125 0.8506799656249999
0 0.48707766562500004 0.924306109375 0.4873420734375 0.8570267984375001 0.4564266078125 0.8606146499999999 0.45131393593749997 0.8199621703125001 0.41722311718749994 0.823021884375 0.41251391875000004 0.92847625625 0.48707766562500004 0.924306109375
4 0.6614028921874999 0.7946839484375 0.62845749375 0.71063584375 0.5655571078125 0.73228203125 0.5980413312499999 0.8181769531249999 0.6614028921874999 0.7946839484375
11 0.6498619437500001 0.8704451265625 0.62929234375 0.809170271875 0.5991521265624999 0.8198413375 0.583255496875 0.7867169140625 0.5531152796875001 0.79738798125 0.5807364796875001 0.8946070515625 0.6498619437500001 0.8704451265625
6 0.765229059375 0.7100060359375 0.710348790625 0.6455398703124999 0.6598770843749999 0.6765034437499999 0.71497720625 0.7472206359375 0.765229059375 0.7100060359375
6 0.7270158484375 0.8202453171874999 0.7829373828125 0.7796827859375 0.7433570031250001 0.73137398125 0.717135984375 0.7487633953125 0.69251995 0.7220307796875 0.6705222640625 0.7398267125 0.7270158484375 0.8202453171874999
12 0.827321178125 0.6498977734375 0.860585475 0.6083781015625 0.78697709375 0.564915015625 0.755651725 0.6017264250000001 0.827321178125 0.6498977734375
10 0.8398639453125 0.6923779078125001 0.87460599375 0.6479967953125 0.8466046875 0.6297268875 0.82840056875 0.6506691546875001 0.7800165 0.6213150140625 0.765480315625 0.641831603125 0.8398639453125 0.6923779078125001
7 0.45176172968749995 0.5241080375 0.44865015 0.46628897656249996 0.397786459375 0.47096704218749996 0.39805635 0.5297283171875 0.45176172968749995 0.5241080375