4 0.145479975 0.7113370359375 0.2140704984375 0.6502252796875 0.177419075 0.6160745921874999 0.1103993265625 0.67538894375 0.145479975 0.7113370359375
3 0.0810781859375 0.7365007015625 0.1287250390625 0.6969578000000001 0.10935214374999999 0.6789837546874999 0.13239018125 0.6520226859375 0.11982397812500001 0.6385421499999999 0.0480919046875 0.6951603953125 0.0810781859375 0.7365007015625
7 0.26171734999999996 0.7005526093750001 0.2140704984375 0.7751449015625 0.267476859375 0.8074981828125001 0.3146001203125 0.7239188703125 0.26171734999999996 0.7005526093750001
1 0.1999335203125 0.85063589375 0.23815572031249999 0.7940176484375 0.2140704984375 0.7778410078125 0.2282074765625 0.74818383125 0.204645846875 0.7356019984375 0.145479975 0.817383909375 0.1999335203125 0.85063589375
10 0.35858182968749996 0.745487725 0.3303078734375 0.8371553593750001 0.395233253125 0.8560281078124999 0.420365659375 0.7634617703125001 0.35858182968749996 0.745487725
2 0.336590975 0.91354505625 0.3601526046875 0.8479397875 0.32978428125 0.8389527640625 0.33816175 0.803004671875 0.30884061093750004 0.7940176484375 0.2732363703125 0.8910774984375 0.336590975 0.91354505625
8 0.465394553125 0.776043603125 0.4695832859375 0.8713060468749999 0.539744584375 0.8722047500000001 0.5324143 0.773347496875 0.465394553125 0.776043603125
0 0.49785724218749994 0.941404828125 0.5004752015625 0.8740021546875001 0.4695832859375 0.8740021546875001 0.46591814375 0.8326618484375 0.43188467812500003 0.831763146875 0.42350721093750004 0.936911315625 0.49785724218749994 0.941404828125
4 0.5826791109375 0.7580695562499999 0.61200025 0.8479397875 0.675878446875 0.831763146875 0.646033715625 0.7436903203125 0.5826791109375 0.7580695562499999
11 0.6617414703125 0.9063554375 0.6434157578125 0.8425475734375001 0.6130474343750001 0.8497371921875001 0.5983868640625001 0.8146878015624999 0.568018540625 0.8218774203124999 0.5921037625000001 0.9225320781249999 0.6617414703125 0.9063554375
6 0.6784964062500001 0.713134440625 0.730855584375 0.790422840625 0.7821675781249999 0.758968259375 0.7298084015625 0.687970778125 0.6784964062500001 0.713134440625
6 0.7402802359375 0.8650151312500001 0.797351740625 0.83086444375 0.75965313125 0.7778410078125 0.7329499515625 0.79222024375 0.7093883203125 0.7625630671875 0.6868738750000001 0.7778410078125 0.7402802359375 0.8650151312500001
12 0.8088890015624999 0.6160745921874999 0.7764263109375 0.6493265781249999 0.8460640171874999 0.7059448234375 0.880621075 0.668199325 0.8088890015624999 0.6160745921874999
10 0.8570594437500001 0.7499812359375 0.893187278125 0.7095396328125 0.8659605046875001 0.687970778125 0.8471112015625 0.706843525 0.799987940625 0.6717941359374999 0.784803778125 0.6906668828125 0.8570594437500001 0.7499812359375
7 0.424863965625 0.476640978125 0.4230758640625 0.5355682515625 0.47671889843750004 0.5361820765624999 0.47564603906249997 0.4778686296875 0.424863965625 0.476640978125