4 0.1735646375 0.6138421078125 0.104515675 0.66716266875 0.1383203828125 0.7060847890625 0.2090018921875 0.6511082953125 0.1735646375 0.6138421078125
3 0.0730796265625 0.7255664125 0.12207748125 0.69027831875 0.10334367343749999 0.670657321875 0.1273086046875 0.645772640625 0.1152205203125 0.631228253125 0.0415561953125 0.6814480109375001 0.0730796265625 0.7255664125
7 0.256886975 0.8126587984375 0.30689840468749996 0.7333959671875 0.25486332031250003 0.7054713140625 0.2046422609375 0.7757233421875 0.256886975 0.8126587984375
1 0.187879296875 0.8497964640625 0.22805416093750003 0.7966521203125 0.20454816718750002 0.778412875 0.2197115546875 0.7500618171875 0.196603378125 0.7354543109375 0.1346194 0.8118731 0.187879296875 0.8497964640625
10 0.382871871875 0.8722203828125 0.41121948750000004 0.782073178125 0.35010057968749997 0.7587507515625 0.3186446921875 0.8477272640625 0.382871871875 0.8722203828125
2 0.3222580046875 0.9244790703125 0.348094871875 0.8610901078125 0.318058690625 0.849474590625 0.3276856265625 0.8143452921875 0.2986959921875 0.8028211687500001 0.2597261 0.896536996875 0.3222580046875 0.9244790703125
8 0.5267306140625 0.9009698609375001 0.5228548640625 0.8017138859375 0.45578185156249995 0.798554246875 0.45664342031249994 0.8939499968750001 0.5267306140625 0.9009698609375001
0 0.482453740625 0.9663454843749999 0.487422425 0.8993356328125 0.45654932812500004 0.89663953125 0.454329175 0.8550801437500001 0.42034780468750005 0.8512133499999999 0.4083058234375 0.955374003125 0.482453740625 0.9663454843749999
4 0.6641929390625 0.8725079921875001 0.6374400859375 0.7820451921875 0.5736222468750001 0.790860075 0.5997890984375001 0.8830701984375 0.6641929390625 0.8725079921875001
11 0.6474613421875001 0.945684603125 0.6313736546875 0.88043293125 0.6007729171875 0.884954615625 0.5873444828125 0.848711175 0.5567437453124999 0.8532328578125 0.5773014984375 0.955744146875 0.6474613421875001 0.945684603125
6 0.772957828125 0.8091670125 0.7231083234375 0.7337729703125 0.6709493859375 0.75439700625 0.7205793421875 0.8360666296874999 0.772957828125 0.8091670125
6 0.72739501875 0.9112995906249999 0.7856236 0.882213103125 0.7497984468750001 0.8260287906249999 0.7226097046875 0.8380424375000001 0.7000974484375 0.8064012203125 0.677063525 0.8196769546875 0.72739501875 0.9112995906249999
12 0.838665834375 0.7618494421875 0.8745191390624999 0.7272119531250001 0.8046498906249999 0.6689538671874999 0.771046496875 0.6992915859375 0.838665834375 0.7618494421875
10 0.8481177140625 0.8067381140625001 0.88563493125 0.7695481843749999 0.8591774859375001 0.7456556937500001 0.839681015625 0.7628373453124999 0.7938096671875 0.7237607140625 0.7779761046875 0.7412622421874999 0.8481177140625 0.8067381140625001
7 0.47547034374999997 0.56026588125 0.4764332484375 0.502000978125 0.42572495468750005 0.4963442984375 0.42188140937499996 0.5549718375 0.47547034374999997 0.56026588125