12 0.2593802765625 0.634855175 0.2401543125 0.6169025265625 0.203991915625 0.6519869671875 0.21657145 0.6679693734375001 0.2593802765625 0.634855175
7 0.20936171250000002 0.6612371312499999 0.203457278125 0.6526307828125 0.22348926093750002 0.6309259593750001 0.21400145625000003 0.6230078546875 0.175435815625 0.6558482156250001 0.192759253125 0.6757896718749999 0.20936171250000002 0.6612371312499999
9 0.314957365625 0.709679646875 0.3074346796875 0.7003018453125 0.3148622859375 0.68047675625 0.3047915859375 0.6753762703125 0.2747696515625 0.7184805921875 0.303787290625 0.7340114625 0.314957365625 0.709679646875
2 0.36323775468749997 0.6711854890625 0.3322693296875 0.659817221875 0.320410771875 0.6783288171875 0.3386548921875 0.680236071875 0.34240118750000004 0.69899730625 0.36323775468749997 0.6711854890625
9 0.4257756546875 0.7170752734375 0.4048153375 0.7102783828125 0.4075133765625 0.68919715 0.393464184375 0.68918985625 0.37937438125 0.7378922796875 0.418660996875 0.7395459203125 0.4257756546875 0.7170752734375
5 0.4329529015625 0.6951337390625 0.4476475765625 0.6928525296875 0.45237332343750003 0.6708407109375 0.41487839062500004 0.6688429499999999 0.4062458203125 0.7094625031249999 0.43642924687500007 0.7193581421874999 0.4329529015625 0.6951337390625
8 0.540611615625 0.7042184781249999 0.5126384109375001 0.7052621125 0.5096967015625 0.6803938875 0.49638425 0.6840330171875 0.497586353125 0.7303395234375001 0.5419833281249999 0.726141446875 0.540611615625 0.7042184781249999
7 0.5494998 0.655432840625 0.5095481109375 0.663647321875 0.5129852796875001 0.703030959375 0.5548824984375 0.7009363984375 0.5494998 0.655432840625
3 0.6479277546875 0.6148829124999999 0.612074484375 0.62934495 0.6370118625 0.6645991328124999 0.672927721875 0.650666209375 0.6479277546875 0.6148829124999999
5 0.65939358125 0.6575947125 0.6363037890625 0.6663585265624999 0.622924925 0.6462005875 0.6093907828125 0.6531290921874999 0.6332875484375 0.6950767296875 0.6698971499999999 0.6766815015625001 0.65939358125 0.6575947125
10 0.725227215625 0.55836914375 0.6974169359375 0.5788622515624999 0.7382147765625 0.6061999921875 0.762677715625 0.5858086625000001 0.725227215625 0.55836914375
6 0.755664825 0.5936491859374999 0.7392358 0.6070861562500001 0.7112874375 0.5902676484375 0.7041637015625 0.5997528578125 0.7415516109375 0.6266632671875 0.770257734375 0.6059980984375 0.755664825 0.5936491859374999
5 0.8259853187499999 0.540099234375 0.8360717828125 0.5143521437499999 0.8194941640625 0.5110425453125 0.81071825625 0.5246330109375 0.776002109375 0.528053996875 0.8259853187499999 0.540099234375
6 0.7995209484375 0.5100085234375 0.7676370921875 0.5063919359375 0.7634512421874999 0.5174774078125 0.8099958515625 0.5236894953125 0.821478871875 0.5020032343749999 0.8048529999999999 0.5008674328125 0.7995209484375 0.5100085234375
6 0.7597923828125001 0.481383146875 0.7467054453124999 0.5050008609375001 0.7993331796875001 0.508421190625 0.8052194578125 0.49105666562500006 0.7597923828125001 0.481383146875
0 0.5167506734375 0.49992423124999996 0.48406223437499996 0.50241463125 0.4832758046875 0.534492490625 0.51829056875 0.5310141515625 0.5167506734375 0.49992423124999996