12 0.226133321875 0.599144975 0.2124548484375 0.5756070484375 0.1692305515625 0.5983471406249999 0.177103934375 0.617870853125 0.226133321875 0.599144975
7 0.193080434375 0.58399900625 0.18609104999999998 0.5732994890625001 0.14115694375 0.593097340625 0.152525021875 0.6179708109375001 0.1719745078125 0.60904413125 0.1685597125 0.5988051125 0.193080434375 0.58399900625
9 0.2671783921875 0.661049684375 0.25891999375 0.6529086578125 0.219483446875 0.68539141875 0.24306711406249998 0.7096609968750001 0.25984771875 0.6895026046875 0.2550936578125 0.6780022671875 0.2671783921875 0.661049684375
2 0.2898126328125 0.6683207234374999 0.2885994 0.68776263125 0.315435340625 0.6672664453125 0.2889431 0.6464329249999999 0.27298830625 0.6607093640625 0.2898126328125 0.6683207234374999
9 0.3528645125 0.698763634375 0.3395372875 0.6943247671874999 0.3137936875 0.7372818484375 0.350646384375 0.751284146875 0.36310648749999996 0.73165795 0.3449477171875 0.7184307343749999 0.3528645125 0.698763634375
5 0.40008972500000006 0.695048378125 0.3650243203125 0.6812763296875 0.3465122046875 0.7180878875000001 0.3726339015625 0.7372404875 0.3754915171875 0.712566475 0.390012678125 0.714981575 0.40008972500000006 0.695048378125
8 0.4520472921875 0.722428865625 0.4384924375 0.7217714359375 0.4278657625 0.7672203671875 0.4710538875 0.7771392859375 0.4753234296875 0.7553691421875001 0.4485188390625 0.7475608515625 0.4520472921875 0.722428865625
7 0.496153178125 0.7106902374999999 0.45616186406250003 0.7060827015625 0.4494148953125 0.7454987078124999 0.4896968609375 0.7566764203125 0.496153178125 0.7106902374999999
3 0.5998403671875 0.7022720859375 0.562149803125 0.705038075 0.5768503703125 0.7472170874999999 0.614465859375 0.7449858203125 0.5998403671875 0.7022720859375
5 0.568160821875 0.7248662593749999 0.5535597609375 0.7273404171875 0.56557215 0.7757058546875 0.6049797578125 0.7693503046875 0.5998647984375001 0.7474599765625001 0.5757315015625 0.74870613125 0.568160821875 0.7248662593749999
10 0.687538684375 0.6716515515625 0.655946271875 0.6828246671875 0.687706028125 0.7223017984375 0.7160968109375 0.7101718359375 0.687538684375 0.6716515515625
6 0.6662075390625 0.6983008453124999 0.6570386109374999 0.7052855625000001 0.6856718109375 0.7432711249999999 0.718157871875 0.732213134375 0.7074509859375 0.7155907609375001 0.6884495296875001 0.723486371875 0.6662075390625 0.6983008453124999
5 0.777220578125 0.6657843078125001 0.7434145421875 0.6581628359375 0.7877749046875 0.6856533953125 0.8038870812500001 0.6637757078125001 0.789000196875 0.6553251515625 0.777220578125 0.6657843078125001
6 0.7341946593750001 0.6439096046875 0.7767749609375 0.6646381109374999 0.7931801968750001 0.6471533328125 0.7776951359375001 0.6408032953125 0.7703135015625 0.648018265625 0.7409829375 0.63444061875 0.7341946593750001 0.6439096046875
6 0.7398954203125 0.6076251874999999 0.7214776703125 0.6264838828125 0.7705387234375001 0.646414096875 0.78053586875 0.6313701546875 0.7398954203125 0.6076251874999999
0 0.5045996765625 0.5490044125 0.47295389375 0.54111684375 0.46405632187499996 0.5720898796875 0.49816023906250007 0.579749725 0.5045996765625 0.5490044125