12 0.20916281875 0.6159806703124999 0.219676734375 0.63429599375 0.26563756875 0.6095164375000001 0.248815303125 0.5879689984375001 0.20916281875 0.6159806703124999
7 0.230791446875 0.59874271875 0.22238031406249997 0.5890463703125 0.1806250453125 0.6143646125 0.1953445296875 0.637528109375 0.213368384375 0.6262157046875 0.2085620234375 0.6165193546875 0.230791446875 0.59874271875
9 0.3149027765625 0.6655397796875 0.30559045 0.6585368625 0.271044725 0.6957061953125 0.2977801125 0.7167149484374999 0.311598403125 0.6946288234375 0.305290053125 0.683855103125 0.3149027765625 0.6655397796875
2 0.36356718906249996 0.6655397796875 0.3344286203125 0.6483018281249999 0.32061033125 0.6644624078125 0.3383337890625 0.6698492671875 0.339835778125 0.6892419640624999 0.36356718906249996 0.6655397796875
9 0.40502205937499997 0.69193539375 0.39120376874999996 0.6892419640624999 0.371677925 0.735030271875 0.41012881874999996 0.7441879328125001 0.41974154218750004 0.7231791796875 0.3999152984375 0.7124054609375 0.40502205937499997 0.69193539375
5 0.451283290625 0.6822390453125 0.4146347828125 0.673081384375 0.4014172875 0.7118667750000001 0.4299550609375 0.7274886671874999 0.42935426562499995 0.7027091125 0.444073746875 0.7032477984375001 0.451283290625 0.6822390453125
8 0.5065564499999999 0.7027091125 0.49303855781249994 0.703786484375 0.488832990625 0.7501134781250001 0.5329914390625 0.754422965625 0.5341930296874999 0.7323368421875001 0.5065564499999999 0.7280273546875 0.5065564499999999 0.7027091125
7 0.5071572453125001 0.725872609375 0.548612115625 0.7317981546875 0.548612115625 0.6854711609375 0.5083588359375 0.686009846875 0.5071572453125001 0.725872609375
3 0.6336246390625 0.7113280875 0.67057354375 0.7043251703125 0.65014650625 0.663923721875 0.6131976 0.671465325 0.6336246390625 0.7113280875
5 0.62190913125 0.690319334375 0.60779044375 0.6946288234375 0.6264150953125001 0.7409558171875 0.6645655921875 0.7296434125 0.65645485625 0.7086346578125 0.6327234453125 0.7129441453124999 0.62190913125 0.690319334375
10 0.739965390625 0.672542696875 0.76640038125 0.6569208046874999 0.7327558484375001 0.6224449015625 0.7030164859375 0.637528109375 0.739965390625 0.672542696875
6 0.7153327875 0.6515339453125 0.7072220515625001 0.659614234375 0.740866584375 0.6935514515625 0.7715071390625 0.67846824375 0.7585900421875 0.6633850359375 0.740866584375 0.6736200703125 0.7153327875 0.6515339453125
5 0.8339898421875 0.6235222734375 0.8469069390625 0.599820090625 0.830985865625 0.5933558578125 0.820772346875 0.60520695 0.786226621875 0.601974834375 0.8339898421875 0.6235222734375
6 0.7751119109375 0.5890463703125 0.820171553125 0.604129578125 0.8339898421875 0.5847368828125 0.817768371875 0.5804273953125 0.8114600218750001 0.588507684375 0.7805190671875 0.5788113375 0.7751119109375 0.5890463703125
6 0.8114600218750001 0.5868916265624999 0.819270359375 0.570731046875 0.77571270625 0.552415725 0.76009203125 0.5734244765625001 0.8114600218750001 0.5868916265624999
0 0.497544521875 0.552415725 0.53239064375 0.5556478406250001 0.5344934265625 0.5244040531249999 0.5020504859375 0.5206332515625001 0.497544521875 0.552415725