12 0.23441010312500002 0.5989196234375 0.22005555625 0.5758956078125 0.1775197671875 0.600106871875 0.1859561015625 0.6193253750000001 0.23441010312500002 0.5989196234375
7 0.1805731453125 0.6106913703125 0.1768626703125 0.6005875125 0.2009373734375 0.584949821875 0.19364115312500002 0.5745108109375 0.1493110453125 0.595844075 0.161395490625 0.6202820828125 0.1805731453125 0.6106913703125
9 0.2707315875 0.6879597015625001 0.26564599843750003 0.6766432 0.27723006875 0.6592959703125 0.26874004687499997 0.6514556687499999 0.23027301875 0.6852622203125 0.254547834375 0.7086714109375001 0.2707315875 0.6879597015625001
2 0.325637615625 0.663820546875 0.29855598906249997 0.6439434140625 0.28302644374999997 0.6587536328125 0.3000616203125 0.6657664624999999 0.2994146484375 0.6852200828125 0.325637615625 0.663820546875
9 0.3751518359375 0.72644876875 0.35661970468750004 0.7138754406250001 0.363959490625 0.6939632734375001 0.350511503125 0.6899960234375 0.3260335046875 0.733783034375 0.3632704 0.7464784921875001 0.3751518359375 0.72644876875
5 0.3869738015625 0.7069555453125 0.40155611562500004 0.7088605875 0.41104705781249995 0.688607428125 0.375603034375 0.6760795468749999 0.358173240625 0.7134785890625001 0.3848356609375 0.7316903640625 0.3869738015625 0.7069555453125
8 0.487988171875 0.7462103875 0.46097325156249996 0.7393488828125 0.46376848906249996 0.7141334203125 0.45020300156250004 0.7139495921875 0.44090494375 0.75969750625 0.484354525 0.7680951328125001 0.487988171875 0.7462103875
7 0.5075053109375001 0.7008755734375 0.46740502812500007 0.697669521875 0.46180876875 0.7372587421875 0.5023906218749999 0.7470144999999999 0.5075053109375001 0.7008755734375
3 0.610882696875 0.6888557718749999 0.573296196875 0.6929314328125 0.589214403125 0.734531575 0.6267414296875 0.7309924125 0.610882696875 0.6888557718749999
5 0.6122214796875001 0.7339717203125 0.5881395453125 0.736057284375 0.579880184375 0.7125188578125 0.5653602359375001 0.7154981671875 0.578771890625 0.7633687234375001 0.617969953125 0.755649284375 0.6122214796875001 0.7339717203125
10 0.697635434375 0.6552259421875 0.6663877968749999 0.6674829015625 0.6992759203125 0.705790671875 0.7272961 0.692689990625 0.697635434375 0.6552259421875
6 0.7188133078125001 0.6984018125 0.7000534109375 0.706947459375 0.6770927875 0.6825769875 0.668132765625 0.689870378125 0.6978529046874999 0.726797928125 0.7299969765625 0.7146247578125 0.7188133078125001 0.6984018125
5 0.7982161375 0.665711175 0.813681871875 0.6433061796875 0.7985585125 0.6353879265625 0.78709049375 0.64624130625 0.7530839515625 0.639810421875 0.7982161375 0.665711175
6 0.779670990625 0.62874401875 0.74996386875 0.6162102984375 0.7434552625 0.6259010515625001 0.78661181875 0.64511245 0.802498203125 0.6270832359375 0.7868381390625 0.6212830515625 0.779670990625 0.62874401875
6 0.7480970609375001 0.58947496875 0.730239384375 0.6089461015625 0.7798494093749999 0.6271345203124999 0.789402715625 0.6117657125 0.7480970609375001 0.58947496875
0 0.5112436125 0.5391496390625 0.47938822812500004 0.5323777640625 0.4713971328125 0.5636122718750001 0.5057024890624999 0.5700710859375 0.5112436125 0.5391496390625