12 0.225856740625 0.5773037140625 0.2132998765625 0.553545296875 0.1690998796875 0.575514675 0.1760495734375 0.5951607531249999 0.225856740625 0.5773037140625
7 0.19357193749999999 0.56159316875 0.18709387187499998 0.5507799734375001 0.1413242671875 0.5697795515624999 0.1515129953125 0.594832225 0.17134074999999999 0.5862513468749999 0.168409009375 0.5759606046875 0.19357193749999999 0.56159316875
9 0.2639422828125 0.6398766984375001 0.2560785578125 0.6315979281249999 0.21520564375 0.6633685765624999 0.2376147140625 0.6880307375 0.255301415625 0.6681801796875 0.251091671875 0.6566057359374999 0.2639422828125 0.6398766984375001
2 0.28634565156249997 0.6256504281249999 0.26975692812499996 0.6396379046875 0.28619485624999996 0.6475367140625 0.2840791109375 0.666942671875 0.31181765 0.6469298421875 0.28634565156249997 0.6256504281249999
9 0.34770937968750004 0.6790554375 0.3346142203125 0.67438765625 0.306920596875 0.716863315625 0.3430511734375 0.73149729375 0.356400865625 0.7121032203125 0.3388924078125 0.6985695703125 0.34770937968750004 0.6790554375
5 0.39501722031250003 0.6761661421875 0.36065980625 0.6617933921875 0.340469859375 0.6982542546875 0.365650253125 0.71784756875 0.369650740625 0.6932421546875001 0.38403174375 0.6959085203125001 0.39501722031250003 0.6761661421875
8 0.44560116718750004 0.7044314 0.43210282187500004 0.703538209375 0.41938125625 0.748767309375 0.462025190625 0.7594314421874999 0.467299759375 0.7377522953125 0.440909809375 0.729482746875 0.44560116718750004 0.7044314
7 0.4901690578125 0.6934704734375 0.45046862968749996 0.6881694 0.441900128125 0.7274377921874999 0.48158487031249997 0.7393091046875 0.4901690578125 0.6934704734375
3 0.5940498125 0.686865996875 0.5563025703125 0.688972934375 0.5690120125 0.7313760578124999 0.6066594359375 0.7298021265625 0.5940498125 0.686865996875
5 0.5613792875 0.7088907921875001 0.5466909921875 0.7111085687500001 0.5564294765625 0.759646553125 0.5960575390625 0.7539827156250001 0.5919711390625 0.732019903125 0.5678259812500001 0.732844465625 0.5613792875 0.7088907921875001
10 0.6830055671874999 0.6577973578125 0.6509535468750001 0.6684113109375 0.6808153140625001 0.7084119515625 0.7097163531249999 0.6967860765625 0.6830055671874999 0.6577973578125
6 0.6604749328125 0.6840545578125 0.6509984625 0.69087414375 0.677809065625 0.7293298546875 0.710747665625 0.718846515625 0.7008348578125 0.702050178125 0.6815022625 0.70960858125 0.6604749328125 0.6840545578125
5 0.7994980875000001 0.651955459375 0.7850329515625 0.6432518593750001 0.7727890796875 0.6534977328125 0.7394023765625 0.645292828125 0.78239851875 0.6735356515625 0.7994980875000001 0.651955459375
6 0.7308634671875 0.6308897484375 0.7723976593749999 0.6523446421875 0.7895852796875 0.635159121875 0.774425353125 0.628544015625 0.7667220453125 0.6356248296875 0.7380794578125001 0.6215462921875 0.7308634671875 0.6308897484375
6 0.7382420171875 0.5947323250000001 0.7189817890625 0.6132556390625 0.76702149375 0.6340258078125001 0.7776996781250001 0.6191675734375 0.7382420171875 0.5947323250000001
0 0.5061243125 0.5320549906250001 0.47490611562499996 0.5236218453125 0.464584059375 0.5544162109374999 0.4982662875 0.5626646531249999 0.5061243125 0.5320549906250001