12 0.2993391078125 0.63835263125 0.280226709375 0.6171795343750001 0.24387612656250002 0.6461376515625 0.256356634375 0.664222953125 0.2993391078125 0.63835263125
7 0.2634874515625 0.628381865625 0.2540501984375 0.6188735640624999 0.21531056406250002 0.6451850453125 0.23250969999999999 0.6680244953125001 0.249189484375 0.65628304375 0.24333797499999998 0.64669076875 0.2634874515625 0.628381865625
9 0.3545294859375 0.693273928125 0.34449316093750004 0.686482240625 0.314233425 0.7244865078125 0.3431471484375 0.7448895609374999 0.35445410312500003 0.72246359375 0.34698958750000003 0.7118280625 0.3545294859375 0.693273928125
2 0.37831260625 0.6970411125 0.3819477015625 0.7164145890625 0.40293703125 0.6921403296874999 0.372049125 0.6755671234375 0.3600879671875 0.692062728125 0.37831260625 0.6970411125
9 0.447087275 0.7175917468749999 0.43304455624999993 0.7152180140625 0.418676990625 0.7614983859375 0.45793597343750003 0.769767809375 0.4651785046875 0.74851805625 0.4442674484375 0.7381974140625001 0.447087275 0.7175917468749999
5 0.4920338078125 0.7068098984375 0.45456769843749995 0.6984984890625 0.4457020359375 0.737623303125 0.4758138984375 0.7525931328125 0.4724805109375 0.7278074250000001 0.4871817703125 0.728003671875 0.4920338078125 0.7068098984375
8 0.549275196875 0.7260090640625 0.535947603125 0.7274022 0.5368789234375 0.7738648234375 0.581280075 0.7771491796875 0.580036925 0.7550171109375 0.552070434375 0.7513478890624999 0.549275196875 0.7260090640625
7 0.5892057390625001 0.7077774453125001 0.549224403125 0.7092542359375 0.5524301671875 0.7491773984375001 0.5943204296875 0.7541421046875 0.5892057390625001 0.7077774453125001
3 0.6878252765624999 0.6838473281249999 0.651904021875 0.69225575625 0.676624253125 0.731675096875 0.712604978125 0.7238057921875 0.6878252765624999 0.6838473281249999
5 0.6626511296875 0.7109221671875 0.64908275 0.7155640421875 0.672723784375 0.7614948546875 0.709423975 0.74928456875 0.6990365984375 0.7284476671875 0.675906234375 0.7333134609374999 0.6626511296875 0.7109221671875
10 0.7654191499999999 0.6404104671875 0.73750200625 0.6561986937500001 0.7781216390625 0.6903810515625 0.8026923765625 0.6741306781249999 0.7654191499999999 0.6404104671875
6 0.7512996015625 0.6699290171875 0.7441237734375 0.6782048078125 0.781337528125 0.7113858937499999 0.8101511046875001 0.695576678125 0.795636940625 0.6807821015625 0.7791370203125 0.691438309375 0.7512996015625 0.6699290171875
5 0.8510679296875001 0.6211082296875 0.8163477078125 0.6186782 0.86623774375 0.6391305515625 0.87646984375 0.6151082078125001 0.859919128125 0.6090095859375 0.8510679296875001 0.6211082296875
6 0.8038643078125001 0.6059981328124999 0.8503513593750001 0.620043978125 0.861955678125 0.600313628125 0.8453440453125 0.596378503125 0.8399610890625 0.604612309375 0.808112934375 0.5956288234375 0.8038643078125001 0.6059981328124999
6 0.800417759375 0.5693237124999999 0.7871989859374999 0.590713415625 0.8397826703125 0.6029949375 0.8457675874999999 0.586639284375 0.800417759375 0.5693237124999999
0 0.55737910625 0.546908271875 0.524691096875 0.5438901359375 0.52371783125 0.5758034125 0.5587368640625 0.57822644375 0.55737910625 0.546908271875