12 0.301137859375 0.6156992203125 0.283060596875 0.5937602390625 0.24503960781249998 0.6208489890625 0.25662026875 0.6394090265625 0.301137859375 0.6156992203125
7 0.26566423906250003 0.60411445 0.2566883578125 0.5942223296875 0.216407709375 0.6185687078125001 0.2324763140625 0.642074803125 0.2498412953125 0.631181909375 0.2444701875 0.6213736890625 0.26566423906250003 0.60411445
9 0.3536660546875 0.6728692234375 0.3439458546875 0.665649559375 0.311564996875 0.70201483125 0.3395240046875 0.7236458578125 0.352055925 0.70188135625 0.3451200765625 0.6909608078125 0.3536660546875 0.6728692234375
2 0.3721879015625 0.656085740625 0.35931085937499996 0.671924696875 0.377348065625 0.6777240734375 0.3799795515625 0.6971517296874999 0.4023304671875 0.6740019 0.3721879015625 0.656085740625
9 0.44532270625 0.7013623875 0.43134754218750004 0.6983473328125 0.4144885625 0.7436811718749999 0.45347282968749997 0.7537337875000001 0.4618619328125 0.7329487718750001 0.4414081921875 0.7217135921875 0.44532270625 0.7013623875
5 0.491019190625 0.69274278125 0.453837309375 0.682732115625 0.44287880625 0.721209865625 0.47232645 0.7374959828125001 0.4702824109375 0.71270244375 0.4850332671875 0.7135837296875 0.491019190625 0.69274278125
8 0.5474845953125 0.7144993453125 0.5340294531249999 0.715262084375 0.5325221250000001 0.7614911921874999 0.5769315734375 0.7668284796875 0.5768467937499999 0.7447703234375 0.5489592140624999 0.7398175874999999 0.5474845953125 0.7144993453125
7 0.5885362640625 0.69824025 0.5483143593750001 0.6978420296875 0.5494345109375 0.737676825 0.5912345046875 0.7445672437499999 0.5885362640625 0.69824025
3 0.688815659375 0.67905605 0.6523060015625 0.6857376578125 0.6750547828125 0.7260758640625 0.7115958140624999 0.7199329421875 0.688815659375 0.67905605
5 0.6621156546875 0.7047944296875001 0.648247965625 0.708775303125 0.6695708578125 0.755535790625 0.70706248125 0.7451113484375 0.697728125 0.7239138140625 0.6742477124999999 0.727670946875 0.6621156546875 0.7047944296875001
10 0.7690091359375 0.6394999828125 0.7401482703125 0.653891 0.7791365421875 0.6897655828125 0.8046616609375 0.674758971875 0.7690091359375 0.6394999828125
6 0.75328031875 0.6681835 0.7456402062499999 0.6760750109375 0.78126135625 0.7107953124999999 0.8110234140625 0.696425271875 0.7972278203125 0.681041415625 0.7801004859375 0.69086393125 0.75328031875 0.6681835
5 0.88184248125 0.61953206875 0.8655449093750001 0.6126972687500001 0.8560216374999999 0.6243106390625 0.8212876640625 0.6202744625000001 0.8703058796875001 0.642933603125 0.88184248125 0.61953206875
6 0.8094199546875 0.6070873 0.8553580937499999 0.6232192828125 0.8680468875 0.6041482125 0.8515744171874999 0.599461165625 0.845736690625 0.6073946265625 0.8142309890625 0.5969781203125 0.8094199546875 0.6070873
6 0.8078872578125 0.5704706390625 0.793490203125 0.591115815625 0.8456425671875 0.60577856875 0.8525116578124999 0.5897997765625 0.8078872578125 0.5704706390625
0 0.565036484375 0.536844525 0.5323739203125 0.5323186062499999 0.5297190734375 0.5639962015625 0.5647534453125 0.5680393703125 0.565036484375 0.536844525