9 0.1787138375 0.7134687640624999 0.167390578125 0.702238425 0.1141647296875 0.7262634546875 0.153687825 0.750594965625 0.1846074109375 0.7326472921875 0.1656598265625 0.7219967828125 0.1787138375 0.7134687640624999
10 0.1740981125 0.7229322 0.203235534375 0.7361373109375 0.2443963703125 0.7093498109375 0.2141977375 0.697452078125 0.1740981125 0.7229322
9 0.2317340328125 0.7350214375 0.21897868437499998 0.7293324078125 0.1701935234375 0.7566997359375 0.20658439374999998 0.7735589515625 0.23868881874999998 0.7528925890625 0.21537275781249998 0.748882896875 0.2317340328125 0.7350214375
8 0.302794840625 0.7343487203125 0.2600881078125 0.713939334375 0.22524313125 0.744277003125 0.259882453125 0.7595170375 0.302794840625 0.7343487203125
0 0.3348894453125 0.7678318640625 0.31150117499999996 0.7538390546875 0.2711028875 0.7935362265625 0.31487083125000004 0.8126382359375001 0.3434721578125 0.788733509375 0.322649396875 0.77787513125 0.3348894453125 0.7678318640625
7 0.40012889218750003 0.7579637328125 0.35680403437499997 0.744610903125 0.3322725203125 0.7760918609375 0.369230103125 0.79728894375 0.40012889218750003 0.7579637328125
9 0.46434872031249996 0.79215805625 0.4357780125 0.7832908125 0.4338208078125 0.827249334375 0.490642765625 0.8378233234374999 0.49042613125 0.80787398125 0.46604885625000003 0.8051716624999999 0.46434872031249996 0.79215805625
10 0.51732731875 0.77095565 0.4648224234375 0.7651352703125001 0.46829490781249994 0.8011455984375001 0.5166785765624999 0.81078416875 0.51732731875 0.77095565
1 0.5779718375 0.79192849375 0.5575407515624999 0.79821371875 0.5773953078125 0.8417401296874999 0.6292612796875 0.8332395234375 0.615547546875 0.8060690203125 0.593241284375 0.812146375 0.5779718375 0.79192849375
5 0.584637775 0.7698671906250001 0.566205490625 0.7749489734375 0.593735784375 0.8065011328124999 0.6364217187500001 0.8055329765625 0.622089859375 0.785419028125 0.5961568734375 0.78966933125 0.584637775 0.7698671906250001
11 0.6113639265625 0.74575459375 0.5711198796875 0.7512684890625 0.5974653359375 0.7855393312500001 0.634082659375 0.7781983859375 0.6113639265625 0.74575459375
7 0.7036391656250001 0.7730838640625 0.6812092796875 0.7805725296875 0.7261828609375 0.8183333906250001 0.756731571875 0.8046196515625 0.7347753890625001 0.7850855328125 0.7217213765625 0.7936135531249999 0.7036391656250001 0.7730838640625
2 0.70867718125 0.747992065625 0.6921200703125 0.7532817234375 0.7232770875 0.7866609312499999 0.753454925 0.7771811265624999 0.70867718125 0.747992065625
11 0.6699166359375 0.7365702265625 0.6345563609375 0.7511756 0.67839651875 0.7802607234375001 0.7021348671875 0.7686420578125001 0.6699166359375 0.7365702265625
3 0.4392723671875 0.6376703781249999 0.42147053437500004 0.6356969718750001 0.416553696875 0.6585521875 0.43519091093749995 0.6620807156249999 0.4392723671875 0.6376703781249999
12 0.4623666375 0.64023046875 0.44023462812499997 0.6377770468749999 0.43682462031249997 0.660068040625 0.460817709375 0.6634590296875 0.4623666375 0.64023046875
10 0.4992868125 0.6457857359375 0.4638100265625 0.6403904765624999 0.462261103125 0.6636190375 0.4986367109375 0.66984519375 0.4992868125 0.6457857359375