9 0.21740521875000002 0.7433905265625 0.2047827640625 0.7334538828125 0.15524135625 0.7632638140625 0.1974040921875 0.7831371 0.22567458281250002 0.7618442921875 0.20559081406250002 0.75332716875 0.21740521875000002 0.7433905265625
10 0.21404972656250001 0.7533271703125 0.24452988750000001 0.7632638140625 0.2817951453125 0.7320343609375 0.2504328234375 0.7235172390625 0.21404972656250001 0.7533271703125
9 0.27255311249999997 0.7590052515625 0.2592216484375 0.7547466890625001 0.21449507343750002 0.7873956609375 0.2526097046875 0.8001713453124999 0.28170463749999997 0.776039496875 0.25814994062499996 0.7746199781249999 0.27255311249999997 0.7590052515625
8 0.3426977515625 0.750488128125 0.2978885296875 0.734873403125 0.2673178609375 0.7689418953125 0.303495015625 0.780298059375 0.3426977515625 0.750488128125
0 0.37868535625 0.7802980578125001 0.35378675312499996 0.76894189375 0.3189207140625 0.8129470296875001 0.3646120953125 0.827142234375 0.389832078125 0.8001713468749999 0.3678685484375 0.791654225 0.37868535625 0.7802980578125001
7 0.4419045328125 0.7632638140625 0.3973839015625 0.7547466890625001 0.3771519046875 0.78881518125 0.4163795671875 0.805849428125 0.4419045328125 0.7632638140625
9 0.5097326 0.790234703125 0.4803654703125 0.7845566203125001 0.48403447968749996 0.8285617562500001 0.54154026875 0.8328203171874999 0.5375085578125 0.8030103859375 0.513071696875 0.8030103875 0.5097326 0.790234703125
10 0.5593894421875001 0.7632638140625 0.5067562031249999 0.7632638140625 0.5147783031250001 0.7987518265625 0.5638251765625 0.8030103859375 0.5593894421875001 0.7632638140625
1 0.6219986515625 0.7774590171875 0.60260749375 0.785976140625 0.6277782890625 0.8271422359375 0.67795459375 0.81294703125 0.6609377249999999 0.7873956609375 0.639666809375 0.7959127828125 0.6219986515625 0.7774590171875
5 0.6257745625 0.754746690625 0.6082054453125 0.7618442921875 0.6394359390625 0.7902347046875 0.6814996328125 0.7845566203125001 0.6647713546875 0.766102853125 0.6396832031249999 0.77320045625 0.6257745625 0.754746690625
11 0.6491147859375 0.7277758015625 0.6100438828125 0.73771244375 0.6404499296874999 0.76894189375 0.6757036000000001 0.7575857312500001 0.6491147859375 0.7277758015625
7 0.7437953265624999 0.7448100484375 0.722582128125 0.754746690625 0.7718434796875 0.7873956609375 0.8002871234375 0.7703614156249999 0.776097528125 0.7533271703125 0.7642831218749999 0.7632638140625 0.7437953265624999 0.7448100484375
2 0.7455760437500001 0.7192586765625 0.7298866859375 0.72635628125 0.7649344124999999 0.7561662109375 0.7935512109375 0.7433905265625 0.7455760437500001 0.7192586765625
11 0.7058125265624999 0.712161075 0.6727272046875 0.730614840625 0.719762490625 0.754746690625 0.7417424140625 0.740551484375 0.7058125265624999 0.712161075
3 0.4652569234375 0.639111853125 0.4474115765625 0.639111853125 0.4454655234375 0.6624218828124999 0.4643347203125 0.6638787609375 0.4652569234375 0.639111853125
12 0.48840764375 0.639111853125 0.46622153437499997 0.639111853125 0.465692784375 0.66169344375 0.4898377359375 0.6624218828124999 0.48840764375 0.639111853125
10 0.52560449375 0.6405687296875 0.4898545625 0.639111853125 0.4912846578125 0.6624218828124999 0.52802881875 0.6646071984375 0.52560449375 0.6405687296875