9 0.157126971875 0.6757056359375 0.146587634375 0.6651417796875 0.09168866406250001 0.692248953125 0.1295125640625 0.7142639640625 0.1616824875 0.6945284671875 0.143478765625 0.68498783125 0.157126971875 0.6757056359375
10 0.151851378125 0.6854314828125 0.180066228125 0.696931934375 0.2230934875 0.6677663546875 0.193726284375 0.6576341859375 0.151851378125 0.6854314828125
9 0.20864112031249998 0.69415804375 0.19628324218749998 0.6892151937500001 0.1455916015625 0.7194039906249999 0.18080464999999998 0.734133946875 0.21434898750000003 0.71161259375 0.19131379531249998 0.7089626578125 0.20864112031249998 0.69415804375
8 0.27974525156249996 0.6893496828125001 0.238464296875 0.6714395125 0.20150494375 0.7037853015625 0.23507947499999998 0.7169990937499999 0.27974525156249996 0.6893496828125001
0 0.3095026875 0.72094265625 0.2870916390625 0.708320396875 0.243926403125 0.7503427375 0.2863597109375 0.7668846265625 0.3166270125 0.7413309484374999 0.296562709375 0.7316917234375 0.3095026875 0.72094265625
7 0.3754271609375 0.7072837843750001 0.3330358953125 0.6964614890624999 0.3063097359375 0.7293495171875 0.3417868890625 0.74838149375 0.3754271609375 0.7072837843750001
9 0.43725858593750005 0.7377176203125 0.4093078375 0.7305191890625 0.4042844984375 0.7745626062500001 0.4603660109375 0.7818222984375 0.4622384421875 0.7519053375 0.438050896875 0.7506236796875 0.43725858593750005 0.7377176203125
10 0.4917134296875 0.7134455984375 0.43961718125000004 0.7106851046875 0.44057766562499995 0.74646954375 0.488286565625 0.753285584375 0.4917134296875 0.7134455984375
1 0.5508919609375 0.7308747875 0.5300234968749999 0.738345053125 0.5468409546874999 0.78068709375 0.599297240625 0.7691732453125 0.5874794234375 0.7428188890625 0.5647503781250001 0.7501905640625 0.5508919609375 0.7308747875
5 0.5590964015625 0.708440059375 0.5403105796875 0.7145913375 0.5656386265625 0.7445202656250001 0.6083899296874999 0.7410682171875 0.5954618015625 0.7218017328124999 0.569233659375 0.7275586578125 0.5590964015625 0.708440059375
11 0.587503121875 0.6827877890625 0.546876503125 0.69064044375 0.570830134375 0.7233552265625 0.60795765625 0.7138878171874999 0.587503121875 0.6827877890625
7 0.6778673937499999 0.7047281421875 0.6549162875000001 0.71351739375 0.6972536625 0.7486356421875 0.7287573984375 0.733152871875 0.7081648890625 0.7149096078125 0.6945166828125 0.7241918046875 0.6778673937499999 0.7047281421875
2 0.6846553796875 0.6793596734375 0.6677301375 0.6856095437499999 0.6965572828125 0.7171532234375 0.727394834375 0.705923178125 0.6846553796875 0.6793596734375
11 0.6466935031250001 0.670201428125 0.6103162531249999 0.6868553015625001 0.6521254171875001 0.7133695109375 0.676673 0.700376828125 0.6466935031250001 0.670201428125
3 0.422959465625 0.58479150625 0.40529618593750005 0.5838555578125 0.3987853765625 0.606981865625 0.41717552500000005 0.6094232875000001 0.422959465625 0.58479150625
12 0.445873990625 0.5860057078125 0.4239142375 0.584842096875 0.4189495390625 0.6073168531250001 0.442704884375 0.6093090875 0.445873990625 0.5860057078125
10 0.48240480156250004 0.5894083703125 0.4473061484375 0.5860815953125 0.44413704374999996 0.609384975 0.480076515625 0.6134897828125 0.48240480156250004 0.5894083703125