9 0.1795908890625 0.7306056203125 0.16757703125 0.7208960296875 0.1160187015625 0.7515516890625 0.1570012375 0.770675340625 0.186696825 0.74890275 0.1671144515625 0.7407420828125 0.1795908890625 0.7306056203125
10 0.1755918625 0.74059431875 0.205502475 0.7499919640625 0.24484869531250003 0.7181321671875 0.2139631078125 0.710168515625 0.1755918625 0.74059431875
9 0.23385963125 0.7452466921875 0.22077167343749998 0.741223821875 0.173856934375 0.7746325390625 0.21123693906250002 0.7867339875 0.24194054375000001 0.7621098296875 0.218425225 0.761102709375 0.23385963125 0.7452466921875
8 0.3047029625 0.7355098812499999 0.2607955 0.7206882078125 0.2279767359375 0.7552682265625 0.2635059125 0.7659849390625 0.3047029625 0.7355098812499999
0 0.33886066875 0.7646714875 0.31463470312499997 0.75375775625 0.2768749765625 0.79834289375 0.321757415625 0.8117305734375 0.34875936875 0.7843369375 0.3272931234375 0.7762091046874999 0.33886066875 0.7646714875
7 0.40330870625 0.7465441515625 0.3592360375 0.738810353125 0.33677855 0.7732097718750001 0.375001365625 0.7895475296875001 0.40330870625 0.7465441515625
9 0.469558265625 0.7723123890625 0.4404904625 0.7671510500000001 0.44135004999999994 0.8110630406249999 0.49870892656250004 0.8143142593749999 0.4965769921875 0.7845944375 0.4720866953125 0.785021309375 0.469558265625 0.7723123890625
10 0.5210505125 0.7444918828125 0.46830218281249997 0.7454112984375 0.47406969062500004 0.7807357484375 0.5229511546875 0.784134728125 0.5210505125 0.7444918828125
1 0.5828877734375 0.757584034375 0.5629088999999999 0.7664342640624999 0.585499059375 0.8071334890624999 0.636693934375 0.79207115625 0.62127579375 0.766833915625 0.5994130531249999 0.7757169828125 0.5828877734375 0.757584034375
5 0.5881261062500001 0.734820740625 0.5700641453124999 0.7422205609375 0.59954521875 0.770046684375 0.6420644328125 0.7636375656250001 0.6264810859375001 0.7454881984374999 0.60088365 0.7530193640625 0.5881261062500001 0.734820740625
11 0.6132441875 0.7074599421875 0.57345165 0.71807253125 0.6019247078125 0.7487502187499999 0.6379825484375 0.736785728125 0.6132441875 0.7074599421875
7 0.707041134375 0.7228290281249999 0.685145353125 0.733129671875 0.7324240578125 0.764896571875 0.762020521875 0.747376709375 0.738868659375 0.7307762624999999 0.7263922203125001 0.7409127234375 0.707041134375 0.7228290281249999
2 0.710461684375 0.697263421875 0.694283590625 0.70463040625 0.7274993609375 0.7338084281249999 0.7569967015625 0.7205412921875001 0.710461684375 0.697263421875
11 0.67106564375 0.6908651078125 0.636726465625 0.7098846390625 0.68231955 0.733178925 0.705256390625 0.7186091390625 0.67106564375 0.6908651078125
3 0.434661040625 0.6220662265625 0.41677667031250004 0.62237795625 0.41333392812499997 0.645706590625 0.432151109375 0.6468328921875 0.434661040625 0.6220662265625
12 0.4578623828125 0.6216618203125 0.4356277609375 0.6220493765625 0.43365205937500007 0.6446252968749999 0.45780316875000004 0.64493148125 0.4578623828125 0.6216618203125
10 0.49504729062499997 0.6224679671875 0.4593124640625 0.621636546875 0.459253253125 0.6449062062500001 0.49593784531249996 0.64644821875 0.49504729062499997 0.6224679671875