12 0.45025974062499996 0.8033261796875 0.49367393125000003 0.8091024062500001 0.50582990625 0.7595918953125 0.4683696609375 0.7525779046875 0.45025974062499996 0.8033261796875
8 0.5234436625 0.783521975 0.5028529328125 0.7765079859374999 0.49466625625000005 0.8082772296874999 0.47209087812500006 0.8070394671875001 0.4678734984375 0.8276688468750001 0.5070703109375 0.8388087125 0.5234436625 0.783521975
1 0.48598341874999995 0.8346828359374999 0.46812157968749996 0.8289066093749999 0.47109855312500004 0.80786464375 0.45125206562500003 0.8049765296875 0.43339022812500005 0.8536618656250001 0.47308320156250006 0.8747038328125001 0.48598341874999995 0.8346828359374999
10 0.5842235296875 0.8449975265624999 0.5623923937499999 0.8441723515625 0.56338471875 0.8231303828125001 0.5415535828125 0.8214800328124999 0.538080446875 0.883368171875 0.5844716109375 0.8858436984375 0.5842235296875 0.8449975265624999
12 0.56338471875 0.8429345890625 0.606054665625 0.8445849390625 0.6048142609375 0.7868226765624999 0.56338471875 0.7839345625 0.56338471875 0.8429345890625
12 0.6772539390625 0.8301443734375 0.6564151265625 0.8350954234374999 0.6502131 0.8111653437499999 0.6288781250000001 0.81611639375 0.645995721875 0.878004534375 0.68891375 0.86810243125 0.6772539390625 0.8301443734375
5 0.6854406140625 0.7876478515625001 0.6665864515625 0.7925989015625 0.66013634375 0.7736198734374999 0.64028985625 0.7777457484375 0.6561670453125 0.8322073109374999 0.6975965875 0.823955559375 0.6854406140625 0.7876478515625001
4 0.6670826140624999 0.7913611390625 0.703798615625 0.7806338609375 0.6844482890625 0.7327737015625 0.6477322890625 0.741025453125 0.6670826140624999 0.7913611390625
9 0.741755021875 0.7925989015625 0.7749978875 0.7769205734375 0.741755021875 0.7307107625 0.7107448859375001 0.745563915625 0.741755021875 0.7925989015625
0 0.7782229421875 0.8152912203125 0.7576322109375 0.7872352640625 0.7432435078124999 0.7938366640625001 0.7278624796875001 0.773207284375 0.7107448859375001 0.7831093874999999 0.7427473453125 0.8350954234374999 0.7782229421875 0.8152912203125
2 0.8141947 0.7208086625 0.8017906453125001 0.736899578125 0.7747498078125 0.7133820859375 0.7668112125000001 0.7228715984375 0.8107215640625001 0.7595918953125 0.8330488624999999 0.736899578125 0.8141947 0.7208086625
4 0.8030310515625001 0.69646599375 0.788642346875 0.711731734375 0.7678035359375001 0.6915149421875 0.7598649421875 0.7001792828125 0.8010464015625001 0.7348366390625001 0.822381375 0.7133820859375 0.8030310515625001 0.69646599375
12 0.7883942671875 0.709256209375 0.8107215640625001 0.6890394171875001 0.7695401046875 0.658507934375 0.7489493734375 0.6766617890625 0.7883942671875 0.709256209375
8 0.56288855625 0.6527317078125 0.5618962328125 0.6168365890625 0.548251771875 0.6160114125 0.5470113671875 0.6527317078125 0.56288855625 0.6527317078125
5 0.5792619078125 0.652319121875 0.577525340625 0.6160114125 0.5623923937499999 0.6160114125 0.5636327999999999 0.651906534375 0.5792619078125 0.652319121875
0 0.578021503125 0.6151862390625 0.5800061515625 0.6531442968750001 0.612504775 0.653556884375 0.6082873953125 0.6160114125 0.578021503125 0.6151862390625