12 0.5022677765625 0.72785435 0.46428671718750003 0.7281173390625 0.450650025 0.7814618671875 0.4944624859375 0.7788445640625 0.5022677765625 0.72785435
8 0.5219270921875 0.7480115296875 0.5007744187500001 0.745051246875 0.495380375 0.7778438328124999 0.4727520125 0.780940640625 0.4703453515625 0.8020246078125 0.51041883125 0.8054854421875 0.5219270921875 0.7480115296875
1 0.48902326562500004 0.8054589015625 0.47070085468749995 0.803193896875 0.471834125 0.781941371875 0.45178396562499995 0.782894515625 0.43821470937500007 0.8341638265625001 0.4796473484375 0.8472633703125 0.48902326562500004 0.8054589015625
10 0.58792406875 0.79682715625 0.5660741421875 0.8001873234374999 0.5652276031250001 0.7793140046875 0.5433056609375 0.7818630468750001 0.5452423015625001 0.8433611140625 0.5917364078125 0.8369304937500001 0.58792406875 0.79682715625
12 0.603387365625 0.735708484375 0.561806775 0.7407855203125 0.566956021875 0.79878103125 0.6096659671875 0.7922502984375 0.603387365625 0.735708484375
12 0.6794313390625 0.7644514874999999 0.659075440625 0.773299934375 0.6508000296875001 0.75096230625 0.6299491765624999 0.7599055531250001 0.652426346875 0.8174693312500001 0.6943755234375 0.7995354359375 0.6794313390625 0.7644514874999999
5 0.6838891546875 0.7211142640625 0.6655130671875 0.7295835015625001 0.657422284375 0.7121600296875 0.637984271875 0.7200077453125 0.6585759015625 0.7705083953125 0.6991842562499999 0.75448115625 0.6838891546875 0.7211142640625
4 0.6781100875 0.6673639890625 0.6422037828125 0.6824906046875 0.66589999375 0.728272009375 0.7015902484375001 0.7107120124999999 0.6781100875 0.6673639890625
9 0.735097053125 0.6543865265625 0.705458840625 0.674911928125 0.7404983625 0.715220978125 0.7722918437499999 0.693457840625 0.735097053125 0.6543865265625
0 0.7788578484374999 0.7305589875 0.7558687265625 0.706914990625 0.7420912453125 0.716153259375 0.72494728125 0.698813975 0.7087356328125 0.7118181625 0.7451971656249999 0.7568043624999999 0.7788578484374999 0.7305589875
2 0.8064959 0.63081190625 0.79552643125 0.648998915625 0.766499025 0.6310485406249999 0.7594079875 0.6418933203125 0.806416053125 0.6695984421875 0.826708434375 0.64302638125 0.8064959 0.63081190625
4 0.7932349578125 0.6090167359375 0.78021365625 0.626771828125 0.757661228125 0.6108809296875 0.7504981734375 0.6209145890625 0.79460395625 0.647113303125 0.8140144578124999 0.6219475359375 0.7932349578125 0.6090167359375
12 0.7565128640625 0.57810408125 0.7375567203125 0.5998831421874999 0.7797501312499999 0.62438585 0.8002585609375 0.60024716875 0.7565128640625 0.57810408125
8 0.532055171875 0.5786128421875001 0.53402256875 0.6149449546875 0.549861046875 0.6119112859375 0.5457383828125 0.5768169109375 0.532055171875 0.5786128421875001
5 0.5461613171875 0.5759109812500001 0.5505314578125 0.6109579578125001 0.5661584687500001 0.6083772546875 0.5612573671875001 0.573019515625 0.5461613171875 0.5759109812500001
0 0.599428309375 0.6032422000000001 0.5919444171875 0.567141784375 0.561680303125 0.5721135890625 0.5669729140624999 0.6090461781250001 0.599428309375 0.6032422000000001