12 0.550071096875 0.7831513015625 0.5122023328124999 0.774392571875 0.49704816249999995 0.8242973640625 0.5407987796875 0.8320956390625 0.550071096875 0.7831513015625
8 0.54174304375 0.83131668125 0.5190955749999999 0.829027453125 0.51607971875 0.8494604046875001 0.5559253546875 0.8624258921875001 0.5690786203125 0.8079017546875 0.5480793734375 0.7999287374999999 0.54174304375 0.83131668125
1 0.5181513109375 0.8298064109375 0.49813660937500004 0.8259939328125 0.4831103703125 0.873847340625 0.5240288984375 0.8967380374999999 0.5345981578125001 0.857317878125 0.5163998921874999 0.8507097218749999 0.5181513109375 0.8298064109375
10 0.6113266046875 0.8493704484375 0.589399346875 0.8467032968750001 0.5895307843750001 0.908429671875 0.63606613125 0.9130659015625 0.63343903125 0.8722081749999999 0.611559834375 0.8703661984375 0.6113266046875 0.8493704484375
12 0.6506414625 0.814992353125 0.6090437078125001 0.810174628125 0.6124800671874999 0.8691746546875001 0.6552461359375 0.8728123890624999 0.6506414625 0.814992353125
12 0.6974581015625 0.84144950625 0.6764114921875 0.8454068625 0.6971336625 0.9080922687499999 0.7394749593750001 0.9001891046875 0.7256043421875 0.8616879828125 0.705053896875 0.86566845 0.6974581015625 0.84144950625
5 0.7051945703125 0.8043662171875001 0.6855883875 0.807567728125 0.7046376015625 0.8627687828124999 0.745586534375 0.8564466421875 0.7313158765625001 0.8195727609375 0.7127500812500001 0.8236456640625001 0.7051945703125 0.8043662171875001
4 0.727127496875 0.7646523921874999 0.69089210625 0.7711940687500001 0.7131741515625001 0.8224310109375 0.7492653609375 0.8134138078125 0.727127496875 0.7646523921874999
9 0.7843140765625 0.7652585578125 0.7541690390625 0.778667390625 0.7879186515625001 0.827146696875 0.8202483578124999 0.8130166796875 0.7843140765625 0.7652585578125
0 0.789479228125 0.8284537875 0.7728966749999999 0.8071080234375 0.7563558140625 0.8162128624999999 0.791386115625 0.8696894374999999 0.8257082484374999 0.8515375359374999 0.80348344375 0.8225225515625001 0.789479228125 0.8284537875
2 0.8162995828125 0.7494666375000001 0.8089136890624999 0.7585864046874999 0.8549627546874999 0.797351859375 0.875968375 0.775699453125 0.8561770234375 0.758730390625 0.8447101578125 0.774243578125 0.8162995828125 0.7494666375000001
4 0.8080796953125 0.7272759671875 0.8006457421875 0.7355705609375 0.8438457625 0.772145975 0.86393115 0.7516851140624999 0.8435955765625 0.733867765625 0.830096 0.7484633421875 0.8080796953125 0.7272759671875
12 0.8078938250000001 0.6943498406249999 0.788360434375 0.7115446671875 0.8297037375 0.7459762624999999 0.850853540625 0.72679938125 0.8078938250000001 0.6943498406249999
8 0.5841303515625 0.6415466484375 0.585028659375 0.6782091718750001 0.6009058484375001 0.6789486640625 0.5978228734375 0.6430073265625 0.5841303515625 0.6415466484375
5 0.5982709734375 0.6422052593750001 0.60160203125 0.6781581546875 0.6172551703125 0.679298678125 0.6134039203125 0.6429100875 0.5982709734375 0.6422052593750001
0 0.650570128125 0.682084753125 0.6441659750000001 0.6443428531250001 0.613852021875 0.6421080234375001 0.618047475 0.6801585171875 0.650570128125 0.682084753125