12 0.5200699453125 0.7546357578125 0.481977240625 0.7542332296875001 0.47079023906249995 0.807355278125 0.5146232953125 0.8055049562500001 0.5200699453125 0.7546357578125
8 0.5407358906249999 0.775143690625 0.519375778125 0.7718118015625001 0.5154973890625001 0.8045199999999999 0.49293998125 0.807221215625 0.49151127343749995 0.8282695296875 0.5318773390625 0.8324336999999999 0.5407358906249999 0.775143690625
1 0.5104107124999999 0.8320322046875 0.49192260625 0.8294454078125 0.4920658875 0.808206171875 0.47199486406249996 0.8088082406250001 0.4607784875 0.8598556125 0.50295881875 0.8736852921875 0.5104107124999999 0.8320322046875
10 0.609230665625 0.8251309765625001 0.587466546875 0.8281092749999999 0.5856412875 0.807214665625 0.5637669921875 0.809380325 0.5685853703125 0.8709313484375001 0.614930528125 0.865313525 0.609230665625 0.8251309765625001
12 0.62188674375 0.764264390625 0.5804078484375 0.7686143171875 0.5882855515625 0.8267180015625 0.6308295171875 0.8209337203124999 0.62188674375 0.764264390625
12 0.699522784375 0.794348915625 0.679514178125 0.80284336875 0.6701673390625 0.7803538125 0.6496665984375001 0.7889344234375 0.6749085828125 0.8469099046874999 0.7161561296875 0.8297055999999999 0.699522784375 0.794348915625
5 0.7019688609375 0.751076409375 0.683928796875 0.7592262328125 0.6749969546875 0.7416555890625001 0.65586244375 0.7491650890625 0.6788824890625 0.8000422125 0.7188739859375 0.7847216593749999 0.7019688609375 0.751076409375
4 0.6936577749999999 0.6972082375 0.6583415625 0.7117102921875 0.6842556656250001 0.7579211171875 0.7192413484375 0.74098114375 0.6936577749999999 0.6972082375
9 0.7502239265624999 0.685225428125 0.7214486859375 0.7052377828124999 0.7584872515625001 0.7461733484375 0.789366921875 0.7249606453124999 0.7502239265624999 0.685225428125
0 0.7976890609375 0.76218833125 0.7735194171875001 0.7381341515625001 0.7601289234374999 0.7471338328125 0.7421182953125001 0.729488746875 0.7264617703125 0.7422128546875 0.7651456703124999 0.7878519374999999 0.7976890609375 0.76218833125
2 0.8207535078125 0.6628947453125 0.8105985953125 0.6808951453125001 0.7806371765625 0.6624305296874999 0.7740300578125 0.673154396875 0.8224869125 0.701691878125 0.8416031015625001 0.6754672125 0.8207535078125 0.6628947453125
4 0.8064302281250001 0.6408604437500001 0.7941966 0.6583928359375 0.770827575 0.642101803125 0.7641102828124999 0.6520130359375 0.8095849484375 0.678992784375 0.827882134375 0.65415939375 0.8064302281250001 0.6408604437500001
12 0.7681429421875 0.6092946953125 0.750143246875 0.63074829375 0.79362 0.6559979984375001 0.8130667218750001 0.63221125 0.7681429421875 0.6092946953125
8 0.5429765734374999 0.60587010625 0.5466491437500001 0.64224793125 0.5623974640625 0.6394908874999999 0.556620465625 0.6043134109375 0.5429765734374999 0.60587010625
5 0.557002421875 0.6034146125000001 0.5630254890625 0.6385490125 0.57858283125 0.636241365625 0.5720125406250001 0.6007868046875 0.557002421875 0.6034146125000001
0 0.6117211453125 0.6316877609375 0.6025249125000001 0.5954450296875 0.5723944984375 0.5998880093750001 0.5794312109375 0.6369247687499999 0.6117211453125 0.6316877609375