12 0.5859481703125 0.7594068890625 0.547775434375 0.7574531203125 0.539978334375 0.8101646859375 0.5837551578125 0.81009740625 0.5859481703125 0.7594068890625
8 0.584567346875 0.8091472046874999 0.5621510109375001 0.8109323093749999 0.562069746875 0.8319402765625 0.6027602515625 0.837751428125 0.6079583625 0.7807735734375 0.5863542265625 0.7765692140625 0.584567346875 0.8091472046874999
1 0.5613388234375 0.8118825109375001 0.5412778296874999 0.8116679234375 0.5333183015625 0.8623018578125 0.5764453406250001 0.8778605703125001 0.5812373265625 0.83647560625 0.5625570546875001 0.8331338984375 0.5613388234375 0.8118825109375001
10 0.6549838578125 0.8146999734374999 0.633217271875 0.8159768812499999 0.641988746875 0.8777761984374999 0.6880397 0.8740405046875 0.6797554906250001 0.8335918687499999 0.6581513375 0.8356865890625 0.6549838578125 0.8146999734374999
12 0.688527228125 0.7731890203125 0.647268175 0.77585386875 0.658882309375 0.8343274812500001 0.7011159859375 0.830270428125 0.688527228125 0.7731890203125
12 0.7379080953125 0.7912577515625 0.7179283015625 0.7990109671875001 0.7469232156250001 0.8580632343750001 0.7871264546875001 0.8425237062500001 0.7682026 0.806459875 0.74871011875 0.8141468984375001 0.7379080953125 0.7912577515625
5 0.7402635171874999 0.7527233921875001 0.7215832234375 0.7594602125 0.7478979375 0.81131765 0.7869641125 0.7976123281249999 0.767877815625 0.76325031875 0.750334584375 0.7706725640625 0.7402635171874999 0.7527233921875001
4 0.756101234375 0.7089981578125 0.7216645234375 0.722074634375 0.7505782421875 0.7693796500000001 0.78452765 0.7538497328125 0.756101234375 0.7089981578125
9 0.8119796499999999 0.699308225 0.78444650625 0.7181659765624999 0.8241623078125 0.7606441828125 0.8537259203125 0.740670746875 0.8119796499999999 0.699308225
0 0.8258678968750001 0.7616723203125 0.8067003453125 0.7432790125000001 0.7918373187500001 0.7553764578125 0.83350235625 0.8026291531249999 0.8644466953125001 0.77826878125 0.838700453125 0.7532101953125 0.8258678968750001 0.7616723203125
2 0.8409747359375 0.6777322625 0.8350457562500001 0.688196209375 0.88540121875 0.7187307171875 0.902863271875 0.6932621390625 0.8811779359375 0.679830159375 0.872162634375 0.6974323578125 0.8409747359375 0.6777322625
4 0.8298478312500001 0.6569869374999999 0.82375641875 0.6666330765625 0.8710255765625 0.6954871140625001 0.887756659375 0.67137764375 0.8654215781250001 0.657194046875 0.8542945906250001 0.67424320625 0.8298478312500001 0.6569869374999999
12 0.82505600625 0.6240427484375 0.8084061484375 0.6447816765625001 0.8535636312499999 0.6718228640625 0.8715129890625001 0.648807725 0.82505600625 0.6240427484375
8 0.5993495531249999 0.611447884375 0.6053596531250001 0.6480060375 0.6209536265625 0.64588783125 0.6129130625 0.610445365625 0.5993495531249999 0.611447884375
5 0.6132379390625 0.6095613578125 0.621522159375 0.6449707296875 0.6369536953125 0.643294528125 0.6281009453124999 0.6075424421875 0.6132379390625 0.6095613578125
0 0.6698472343749999 0.6400862515625 0.6583142703125 0.6034384187499999 0.628425821875 0.6066584374999999 0.6378470984375 0.6440130484375 0.6698472343749999 0.6400862515625