12 0.49212535312499994 0.7565288171875 0.45518972187499995 0.747133378125 0.4338710703125 0.796620446875 0.47682771874999996 0.8051614062500001 0.49212535312499994 0.7565288171875
8 0.47787080312499997 0.8044013671875 0.4554204140625 0.8017223578125 0.4498922890625 0.8220401453124999 0.48829710156250006 0.8356641421875001 0.5081729546875 0.7815367640625001 0.488072590625 0.7732201812499999 0.47787080312499997 0.8044013671875
1 0.4543773296875 0.8024823984375 0.4347558375 0.7983309078125 0.413816696875 0.8457750921875 0.45208339531249997 0.8693128187499999 0.4675168796875 0.8301980765625 0.4500607078125 0.8232912593749999 0.4543773296875 0.8024823984375
10 0.5454998578125 0.82361910625 0.5238185859375 0.82057594375 0.5163945796875 0.8821163265624999 0.5625332484375 0.887553671875 0.5648978984374999 0.84677455625 0.543163853125 0.8445548953124999 0.5454998578125 0.82361910625
12 0.589167271875 0.7900346453125 0.5480065390625 0.7845028578125001 0.5442333234375 0.8433831078124999 0.5867111 0.8477589703125 0.589167271875 0.7900346453125
12 0.6329171640625 0.8172312765624999 0.6113088671875 0.8208078453125 0.62443379375 0.8836650625000001 0.6678979593750001 0.8765277906250001 0.6586893453125 0.837901115625 0.6375762046875 0.8415094125 0.6329171640625 0.8172312765624999
5 0.6452214015625 0.780396646875 0.62515134375 0.783244909375 0.6375133296875 0.8386112984375 0.6793864875 0.833025834375 0.6695771734375 0.7960144265625 0.6504446515625 0.7997496484375 0.6452214015625 0.780396646875
4 0.6720962187499999 0.741188215625 0.6349270328125 0.7470751234375 0.651018965625 0.7985461296875 0.68834646875 0.790188721875 0.6720962187499999 0.741188215625
9 0.72941854375 0.7427943921875 0.697521459375 0.75563420625 0.725460621875 0.804556890625 0.7596386734375 0.7910363671875 0.72941854375 0.7427943921875
0 0.7268669265625001 0.8058873328124999 0.71283643125 0.7843161734375 0.695120321875 0.79310345625 0.7237331578124999 0.8470306015625001 0.7604032703125 0.8295353671875001 0.7416485984375 0.8002195328124999 0.7268669265625001 0.8058873328124999
2 0.7634545625 0.727611003125 0.754925203125 0.73657355625 0.7963980453125 0.7760274968750001 0.8201312546875 0.7548091421875001 0.8023444265625 0.7375451156249999 0.78893649375 0.7528100890625 0.7634545625 0.727611003125
4 0.757920859375 0.70534401875 0.7494442718750001 0.713483075 0.7883256921874999 0.75070374375 0.8109894328125 0.7306571765625 0.7927602234375 0.71253791875 0.7774244421875001 0.7268524703125 0.757920859375 0.70534401875
12 0.7617647921875 0.672515078125 0.7400548734375 0.6893152421875001 0.777335184375 0.7243661046875001 0.800910075 0.7056182484375 0.7617647921875 0.672515078125
8 0.5436434734375 0.6159528171875001 0.5400572218749999 0.6525192390625 0.5559021765625001 0.6535346296875 0.5572074625 0.6176489203125 0.5436434734375 0.6159528171875001
5 0.5577553890625 0.61685715 0.5566976828125 0.652758728125 0.572268675 0.6541700031250001 0.5728576125 0.6178249453125 0.5577553890625 0.61685715
0 0.6053648968750001 0.657531228125 0.6035572171875 0.6197922640625 0.573405540625 0.617033178125 0.5729586359375001 0.6550411 0.6053648968750001 0.657531228125