12 0.4978545890625 0.7688670937500001 0.45988363750000005 0.7662486890625 0.44593897499999996 0.8187704765625 0.4897533140625 0.8194677546875001 0.4978545890625 0.7688670937500001
8 0.490676778125 0.818532703125 0.46803723281250004 0.819924528125 0.465507934375 0.8409097093750001 0.5055488734375 0.8474255421875 0.517389921875 0.7905964171875 0.4962610578125 0.786019053125 0.490676778125 0.818532703125
1 0.4671137703125 0.8208595796875 0.44706418281250004 0.8202948781250001 0.4331990765625 0.8707383109375 0.47454235625 0.8870343406250001 0.4841600234375 0.84577515625 0.46585648593749995 0.8421106265624999 0.4671137703125 0.8208595796875
10 0.5604939828125 0.82530953125 0.538563846875 0.8262050249999999 0.540140028125 0.8880946625 0.58665750625 0.8851669718749999 0.58308100625 0.8446148078125001 0.56121811875 0.8463301171875001 0.5604939828125 0.82530953125
12 0.59889720625 0.78442658125 0.557299659375 0.786368196875 0.56210795625 0.8449851562499999 0.6048430203125 0.8416697718749999 0.59889720625 0.78442658125
12 0.6462060703125 0.8033392890625001 0.6253092796875 0.8107357046875 0.6474427125 0.8702342562500001 0.6894839671875 0.8554126156249999 0.674749665625 0.81905499375 0.65434823125 0.82639379375 0.6462060703125 0.8033392890625001
5 0.6530533515625 0.76488525625 0.6335753796875 0.7712890046875 0.65386518125 0.823553240625 0.6945548687499999 0.8105440843749999 0.679459709375 0.775883715625 0.661039696875 0.782992046875 0.6530533515625 0.76488525625
4 0.67399694375 0.721481075 0.6380131328124999 0.7339428734375 0.6614341796875001 0.7817047031250001 0.69721624375 0.7667834515624999 0.67399694375 0.721481075
9 0.731042371875 0.7127768234375 0.701293140625 0.7311345734375 0.7360860421875 0.7742631453125 0.7679971234375 0.754826303125 0.731042371875 0.7127768234375
0 0.73767298125 0.775320021875 0.7206357390625 0.7566106921875 0.7043529656249999 0.768436275 0.740540071875 0.81636851875 0.7743440109375 0.7925733171875 0.751500296875 0.767090603125 0.73767298125 0.775320021875
2 0.7625712796874999 0.69172915625 0.75541895625 0.702078921875 0.8022504843749999 0.7334617453125001 0.822692134375 0.7083240187500001 0.8025572734375 0.6945270031249999 0.79148474375 0.711953859375 0.7625712796874999 0.69172915625
4 0.75385420625 0.6708106203125 0.746634634375 0.6803405703125 0.7905735859374999 0.7099907390625 0.810125396875 0.686197971875 0.789427934375 0.6716387546875 0.7763067312499999 0.6884762578125 0.75385420625 0.6708106203125
12 0.75289799375 0.6378162578125 0.7338202203125 0.6582433296875 0.775857309375 0.6860456140625 0.7965007015625 0.663367340625 0.75289799375 0.6378162578125
8 0.528506159375 0.621292615625 0.53026035 0.657918540625 0.5461117234375 0.6560748109375 0.542195684375 0.6205279796875 0.528506159375 0.621292615625
5 0.5426237890625 0.6196505453125 0.54678750625 0.6551685703125 0.5624248265625 0.653763559375 0.5577321296875 0.6178932406250001 0.5426237890625 0.6196505453125
0 0.5957145125000001 0.6511329796875 0.5884441640625 0.6143210171875 0.5581602375 0.6170158078125 0.5632351078125 0.654496953125 0.5957145125000001 0.6511329796875