10 0.3892609234375 0.6994254953125 0.3727707234375 0.6727784531250001 0.32181223124999997 0.699668815625 0.3407888265625 0.7256717421875 0.3892609234375 0.6994254953125
4 0.32168493125 0.7011179265624999 0.342982715625 0.6868677984375 0.33516510624999996 0.6721354125000001 0.287035634375 0.6979388671875 0.29992669843750003 0.727524471875 0.3293264890625 0.7109394531250001 0.32168493125 0.7011179265624999
2 0.3983817515625 0.7788444046875 0.43654984218750004 0.7385098859375 0.40831606875000004 0.7176193375000001 0.37036014375000004 0.755538671875 0.3983817515625 0.7788444046875
6 0.3705330359375 0.7570280265625 0.3835527640625 0.7402019296875 0.37346724375 0.73054148125 0.331957775 0.7743378453124999 0.3628964296875 0.799012103125 0.3872259234375 0.7709953703125 0.3705330359375 0.7570280265625
1 0.48391910468750005 0.8181692921874999 0.5012796515625 0.7657594296875 0.4638374515625 0.75634123125 0.4460006609375 0.8037999859375 0.48391910468750005 0.8181692921874999
0 0.44647374375000004 0.8053295890625 0.45228572343750006 0.7841161078125001 0.436072234375 0.7785213718749999 0.4104336296875 0.8283552640625 0.449771321875 0.8473133718750001 0.464703703125 0.8121721093750001 0.44647374375000004 0.8053295890625
6 0.5606046546875 0.8372471593749999 0.5661272859375 0.7812953515625 0.5260713875 0.773970378125 0.519090234375 0.8292379234375 0.5606046546875 0.8372471593749999
7 0.519563315625 0.8307675250000001 0.5210421609375 0.80701821875 0.5125519390625 0.8068574359375 0.5106347609374999 0.8667136875000001 0.5551023421875 0.8687654015625 0.5541309046875 0.8383341640624999 0.519563315625 0.8307675250000001
9 0.6606717390625 0.7768649937500001 0.63863184375 0.73041363125 0.6047653000000001 0.7390689296875 0.6277937953125 0.788096459375 0.6606717390625 0.7768649937500001
6 0.6286095031250001 0.78918326875 0.6171832796875 0.7671249328124999 0.6002091546874999 0.7736463734375 0.6234137015625 0.8275847609375001 0.6606184640625 0.8120461140625 0.6449408125 0.7830643765625 0.6286095031250001 0.78918326875
7 0.6447602375 0.8196946046875 0.6245720343750001 0.828228778125 0.6121147796875 0.804077315625 0.5989551125 0.8086665109375 0.6213534296875001 0.871782603125 0.6592434421875 0.8553583687499999 0.6447602375 0.8196946046875
12 0.7402319046875 0.797794421875 0.70730025625 0.7508603140625 0.677296925 0.7639433390625 0.7112596046874999 0.8129705765624999 0.7402319046875 0.797794421875
9 0.7121177453125 0.81357435 0.6967921953125 0.7944143343750001 0.6830353078125 0.8023445421875 0.7200030609375 0.85519573125 0.75094308125 0.834907396875 0.72801840625 0.8054428187499999 0.7121177453125 0.81357435
11 0.7811536265625 0.7676035875 0.8042886734374999 0.7462688796875 0.7653626765625 0.708794384375 0.7407659468750001 0.7260233234375 0.7811536265625 0.7676035875
11 0.7970716515625 0.7550758515625 0.782590240625 0.7677961843750001 0.7559391296875 0.7427192828125 0.747282334375 0.7479121484375 0.79251235 0.786231790625 0.813252184375 0.7714181359375 0.7970716515625 0.7550758515625