10 0.4364096671875 0.7230264421875 0.41414860156250005 0.7008686765625 0.3717833453125 0.739617990625 0.3962731109375 0.7605406984374999 0.4364096671875 0.7230264421875
4 0.37201183437499996 0.741071246875 0.38898958906250003 0.721920265625 0.3779281953125 0.7093548484375 0.338013103125 0.7463514078125 0.3575334 0.7722661578125 0.3817163453125 0.7488590281249999 0.37201183437499996 0.741071246875
2 0.46436997187499995 0.7987698265625001 0.4912164359375 0.749925209375 0.459085575 0.736264996875 0.43185829687500005 0.7826875156249999 0.46436997187499995 0.7987698265625001
6 0.4323844125 0.784107496875 0.4408000953125 0.764435021875 0.4287907234375 0.75739788125 0.3995772796875 0.810450625 0.435217559375 0.8271689984374999 0.4517723671875 0.7937701921875 0.4323844125 0.784107496875
1 0.5559162421875 0.816631446875 0.5598864 0.7609788359375 0.5216998125 0.760812015625 0.516075140625 0.8117202640625001 0.5559162421875 0.816631446875
0 0.5168988859375 0.81310696875 0.51734073125 0.79087549375 0.500438053125 0.7893148140624999 0.487905821875 0.8444459343749999 0.530218153125 0.8535172265625001 0.5360372828125 0.8154035421874999 0.5168988859375 0.81310696875
6 0.6340751874999999 0.816765425 0.6258355796874999 0.7605062359375 0.585648778125 0.7630277265625 0.5923240859375001 0.8189688875 0.6340751874999999 0.816765425
7 0.593147828125 0.8203555921874999 0.5888206046875 0.7966856 0.580639346875 0.79858620625 0.5932812578125 0.8578037265624999 0.6364232703125 0.849036596875 0.6281296515625 0.8194019296875 0.593147828125 0.8203555921874999
9 0.715434559375 0.733235565625 0.6830600812500001 0.6929841078125001 0.6526750203125 0.7096906640625 0.6866208265625 0.7522311125 0.715434559375 0.733235565625
6 0.6876660359375 0.75310011875 0.6713715734375 0.7342187109375 0.6566705921875 0.7447352406250001 0.691973278125 0.7920533234375 0.72389455 0.7677809828125 0.7018479265625001 0.7431345640625 0.6876660359375 0.75310011875
7 0.7105364046875 0.7791332375 0.6932399546875 0.792404634375 0.6754503296875 0.7717186609375 0.66394006875 0.7794137640625001 0.700689846875 0.8359358140625 0.7330540484375 0.8106280781249999 0.7105364046875 0.7791332375
12 0.796798275 0.7344900296875 0.7538615125 0.69640539375 0.7282525468750001 0.716521421875 0.772684471875 0.756410625 0.796798275 0.7344900296875
9 0.77365351875 0.7567952140624999 0.7543206578125 0.741704071875 0.7430459093749999 0.752823384375 0.79128488125 0.795737471875 0.8160490359375 0.768321878125 0.7869355015624999 0.7449585359374999 0.77365351875 0.7567952140624999
11 0.8287395296875 0.694934471875 0.84576535625 0.6683840890625 0.7993683328125 0.6410379749999999 0.7799474375 0.6639126671875 0.8287395296875 0.694934471875
11 0.8409746296874999 0.6787784328125 0.8301638765625 0.69477521875 0.7985380625 0.6766221203125 0.791492221875 0.683818059375 0.8441394343749999 0.7104653515625 0.86044576875 0.6908965046875 0.8409746296874999 0.6787784328125