10 0.45383129218749996 0.7078523421875 0.43155665625 0.685591903125 0.38916557812499997 0.7240472312499999 0.41367026874999996 0.7450870984375 0.45383129218749996 0.7078523421875
4 0.3749069453125 0.7565726171875 0.39910463125 0.73333486875 0.38939420468749997 0.7255000484374999 0.4063823078125 0.7064712937500001 0.3953141703125 0.6938567531250001 0.3553747484375 0.730575734375 0.3749069453125 0.7565726171875
2 0.4818086390625 0.783666309375 0.5086714671875 0.7350375796875 0.476521021875 0.7212068515625 0.449277146875 0.7674142140625 0.4818086390625 0.783666309375
6 0.45263845625 0.811861071875 0.46920335468749996 0.7785993890625 0.44980358281250005 0.7688355296875 0.45822439531250003 0.7492360453125 0.44620770312499997 0.7421375234375 0.41697645312500004 0.794955465625 0.45263845625 0.811861071875
1 0.5734107109375 0.8020394187500001 0.5773832890625 0.7464777375 0.5391734234375 0.7460886859375 0.5335453234374999 0.796902146875 0.5734107109375 0.8020394187500001
0 0.54769695625 0.83873056875 0.5535196328125 0.8006972171875001 0.534369571875 0.7982919609375 0.5348116859375 0.7760901484375 0.517898703125 0.7744329109375 0.5053588343750001 0.8294238625 0.54769695625 0.83873056875
6 0.6516172984375 0.8026285046874999 0.6433726656250001 0.7463898625 0.6031613703125001 0.7486741984374999 0.6098407453125 0.8045860843750001 0.6516172984375 0.8026285046874999
7 0.6539668109375001 0.8348740343750001 0.6456681359374999 0.8052271640625 0.6106649921875 0.8059758968749999 0.6063351296875 0.7823095390625 0.598148884375 0.7841601734375 0.6107985015625 0.843379184375 0.6539668109375001 0.8348740343750001
9 0.7330262624999999 0.7196743265625 0.7006320484375 0.679283328125 0.6702284671875 0.6957925390625 0.704194965625 0.7384788906249999 0.7330262624999999 0.7196743265625
6 0.7414914078125 0.7542269328125 0.719431346875 0.7294821234375 0.7052408125 0.7393529265625001 0.6889364171875 0.7203996109374999 0.6742264734375001 0.7308176937499999 0.7095506796875 0.7782837609375 0.7414914078125 0.7542269328125
7 0.7182725609375 0.8221635624999999 0.7506564906250001 0.797075178125 0.7281251203125 0.7654875453125001 0.710818128125 0.778642021875 0.6930176593749999 0.7578776296874999 0.68150038125 0.7654963109375 0.7182725609375 0.8221635624999999
12 0.8144395703124999 0.7214011984375001 0.7714766375 0.6831128609375 0.7458520609375 0.7030552078125 0.7903110703125 0.7431546265625 0.8144395703124999 0.7214011984375001
9 0.833702065625 0.7553039625 0.8045707859375 0.7317995015625 0.7912807078124999 0.743544390625 0.7719360625 0.728359021875 0.760654440625 0.7393991140625 0.8089228171875 0.782541903125 0.833702065625 0.7553039625
11 0.8464002953125 0.6820798890625 0.8634365 0.655661028125 0.8170111953125 0.6280779703125 0.7975784625 0.6508116671875 0.8464002953125 0.6820798890625
11 0.8618095859375 0.6976815484375 0.8781258624999999 0.6782315265625 0.858642853125 0.6660148015625 0.8478255109375 0.681929125 0.8161804203124999 0.6636139265625001 0.8091302828125 0.6707600578124999 0.8618095859375 0.6976815484375