10 0.35337796875 0.67532163125 0.3396748484375 0.6482701734375 0.2859038578125 0.6736003734375 0.3021607421875 0.700081940625 0.35337796875 0.67532163125
4 0.26110485156249996 0.700739634375 0.2922392921875 0.685057771875 0.28562499375 0.6750416578125 0.30841322031249996 0.6614521484375 0.30213650625 0.64653400625 0.251308215625 0.6708627609375 0.26110485156249996 0.700739634375
2 0.35419219687500003 0.7547804171875 0.396578946875 0.71567185 0.370530171875 0.69401859375 0.3286082 0.7307250171875 0.35419219687500003 0.7547804171875
6 0.31659750781249996 0.7738575859375 0.343857321875 0.746628865625 0.3286253171875 0.7322151734375 0.3434049171875 0.7158159828125 0.334329809375 0.7058893296875 0.2882396 0.748352615625 0.31659750781249996 0.7738575859375
1 0.43561643749999995 0.7964841203125 0.4584586375 0.744728678125 0.4220015234375 0.73424705 0.3992009265625 0.7810515875 0.43561643749999995 0.7964841203125
0 0.3984204265625 0.8245511078125001 0.41702830156250004 0.7899444921875001 0.399514025 0.78259061875 0.4075447671875 0.761606646875 0.39191644999999997 0.7555557265624999 0.361065621875 0.8045014890625 0.3984204265625 0.8245511078125001
6 0.5103065578125 0.8177406062499999 0.5216813078125 0.762108603125 0.4823915625 0.7536381484375 0.469629859375 0.8085453671874999 0.5103065578125 0.8177406062499999
7 0.5015076859375001 0.8490090703125001 0.5037191187500001 0.818636028125 0.46994295625 0.810084396875 0.47390579062500005 0.7864456390625 0.465432390625 0.786038103125 0.45725471874999996 0.8456684375 0.5015076859375001 0.8490090703125001
9 0.6166891015625 0.7604436625 0.5995076640625 0.713482571875 0.564735859375 0.7211271906250001 0.5826364468749999 0.7706859109375 0.6166891015625 0.7604436625
6 0.61295615625 0.795523253125 0.600309775 0.7661673921875 0.5833384828125 0.7717933828125 0.57421939375 0.7494650375 0.5565631859375 0.7554737140625 0.5741261875 0.8099344609375001 0.61295615625 0.795523253125
7 0.56744316875 0.8539467140625 0.6070510109375 0.8386723875 0.5962979640625 0.8026882687500001 0.5752171625 0.8106103765625001 0.565285965625 0.78616483125 0.5516463125 0.79035781875 0.56744316875 0.8539467140625
12 0.694060175 0.783630146875 0.6660374828125 0.7358705515625 0.6346657828125 0.7480427984375 0.6635005828125 0.7979195953125 0.694060175 0.783630146875
9 0.700889621875 0.820949528125 0.6810467203125 0.7909011890625 0.6642955734375 0.7985466390625 0.650974015625 0.7789948390625 0.636387696875 0.7865019546875 0.6678276125 0.8402793359375 0.700889621875 0.820949528125
11 0.7381396046875001 0.7547166125 0.7635060859375 0.7341161515625 0.7284996453125 0.695614753125 0.7021009140625 0.7120785546875 0.7381396046875001 0.7547166125
11 0.747549959375 0.7736226078125 0.7698391765625 0.7594549265625 0.7553679265625 0.742687959375 0.739556075 0.75495049375 0.7155278234375 0.7291688609375 0.7063278984375 0.7340949125 0.747549959375 0.7736226078125