10 0.40777682187500003 0.6950827765625001 0.38637636875000003 0.6743504046875 0.3423517984375 0.7158124 0.36603550625 0.7351670078125 0.40777682187500003 0.6950827765625001
4 0.3425215046875 0.7172510265625001 0.3603118234375 0.6970129453125 0.3497414390625 0.6851557984375 0.3082431 0.724708153125 0.3267444984375 0.749373003125 0.35192710625 0.7244174203125 0.3425215046875 0.7172510265625001
2 0.43270388437499996 0.7690358390625 0.4615915640625 0.718472221875 0.4299563359375 0.7068693734375 0.4007858125 0.755035278125 0.43270388437499996 0.7690358390625
6 0.40125506718750004 0.7564215703125 0.41048831249999995 0.736210234375 0.398742890625 0.7299420624999999 0.36731227187500004 0.7848653671875 0.40233896874999997 0.7993016640625 0.420286090625 0.764842840625 0.40125506718750004 0.7564215703125
1 0.5236960875000001 0.7810356765625001 0.52994145 0.7251288546875 0.49168918906250003 0.7274071515625 0.483979490625 0.778675553125 0.5236960875000001 0.7810356765625001
0 0.48474829531249997 0.7800095125000001 0.48609684218749993 0.757749746875 0.46922567812500005 0.757271359375 0.45442324218749997 0.813204928125 0.49644624843749996 0.8195669265625 0.5038294343749999 0.7810806390625 0.48474829531249997 0.7800095125000001
6 0.6019979046875 0.776165075 0.596035046875 0.720433475 0.555669234375 0.725528159375 0.5600777828125 0.7810418953125 0.6019979046875 0.776165075
7 0.560846584375 0.782375853125 0.557475628125 0.7589829375 0.5492014000000001 0.7614073968749999 0.5594543734374999 0.8198154453125 0.6030354953125 0.808285896875 0.5959336562499999 0.7791822765624999 0.560846584375 0.782375853125
9 0.6869152625 0.687425709375 0.656119465625 0.649247215625 0.6249959984375 0.6678993515625 0.6572728375 0.708266221875 0.6869152625 0.687425709375
6 0.658284621875 0.709068303125 0.64272859375 0.69123024375 0.627571196875 0.7026880875 0.6610128171875 0.7477457109375 0.693983690625 0.721429425 0.6728994921875 0.6981946703124999 0.658284621875 0.709068303125
7 0.680137625 0.7336370125 0.6622675828125 0.748015915625 0.645287084375 0.7284690265625 0.633441428125 0.736901140625 0.667957853125 0.791070071875 0.7014146875 0.76369003125 0.680137625 0.7336370125
12 0.7683822765625 0.6834703875 0.7269158578125 0.648135028125 0.7004386265625 0.66989081875 0.7433295140625 0.706935009375 0.7683822765625 0.6834703875
9 0.7442847296874999 0.70725755 0.7255300953125 0.6934043062499999 0.713780871875 0.7052455515625 0.7603627765625001 0.74507085625 0.7862910296875001 0.71606959375 0.7580742265625 0.694570415625 0.7442847296874999 0.70725755
11 0.8019959156249999 0.64186960625 0.8201358984375 0.6142290453125 0.774765090625 0.5898537703125 0.754375265625 0.6139719984374999 0.8019959156249999 0.64186960625
11 0.81491254375 0.6249301421875 0.8034294546874999 0.64161915 0.772483303125 0.625491078125 0.765130878125 0.6331381687500001 0.8167922109375001 0.656414415625 0.8339268609375001 0.6358014609375 0.81491254375 0.6249301421875