10 0.33858622656250004 0.69950749375 0.35967988281249996 0.722877065625 0.4054832515625 0.6902570390625 0.38680029843749997 0.665913734375 0.33858622656250004 0.69950749375
4 0.319300596875 0.73018005625 0.3470236890625 0.70973168125 0.33858622656250004 0.700968090625 0.35847453125 0.6839277796875 0.3494343921875 0.6702955296875001 0.3039323609375 0.702428690625 0.319300596875 0.73018005625
2 0.4259742328125 0.705836753125 0.39162170625 0.7486809671875 0.4214541625 0.7681556109375001 0.4558066890625 0.722877065625 0.4259742328125 0.705836753125
6 0.38800565 0.7929857796875 0.40970198281250003 0.7618263515625 0.39192304375 0.750141565625 0.4033738859375 0.7316406546875001 0.3925257203125 0.72336393125 0.35515981406249997 0.7725374046875 0.38800565 0.7929857796875
1 0.48443379531249997 0.73699618125 0.4708735875 0.7866565203125 0.509746184375 0.7959069765625 0.5224023765625 0.741377975 0.48443379531249997 0.73699618125
0 0.4784070359375 0.8295007359375 0.49015921562500003 0.7924989140625 0.4714762640625 0.7881171203124999 0.4753936578125 0.766208146875 0.45882006875 0.7628000828125 0.4377264125 0.8158684859375 0.4784070359375 0.8295007359375
6 0.547714765625 0.7462466359375 0.5456054 0.8022362359375 0.587491375 0.804670565625 0.5880940515625 0.7481941015625 0.547714765625 0.7462466359375
7 0.5847793328125 0.836803728125 0.581163278125 0.80661803125 0.546208075 0.8036968343750001 0.5456054 0.7798403953124999 0.5371679375 0.7808141281250001 0.5404826546875 0.8406986562500001 0.5847793328125 0.836803728125
9 0.622747915625 0.700968090625 0.64986833125 0.746733503125 0.681508815625 0.7311537875 0.655593753125 0.6878227078125 0.622747915625 0.700968090625
6 0.6845221953125 0.766208146875 0.66644191875 0.7394305109375 0.6507723453125001 0.7477072359375 0.637513475 0.727258859375 0.6212412265625 0.73602245 0.6489643171874999 0.7866565203125 0.6845221953125 0.766208146875
7 0.6507723453125001 0.830961334375 0.6869329 0.8095392265625 0.6694552984375 0.7759454671875 0.6501696703125 0.7871433875 0.6357054484375 0.764747546875 0.623049253125 0.7710768078125 0.6507723453125001 0.830961334375
12 0.6968770531249999 0.7160609390625 0.734845634375 0.760365753125 0.7622673875 0.741377975 0.7255041578125 0.6990206265625 0.6968770531249999 0.7160609390625
9 0.776128934375 0.7769192 0.7508165453125 0.75062843125 0.7357496484375 0.7608526203125 0.718874721875 0.7438123062499999 0.7059171906249999 0.753549628125 0.7472004906249999 0.801262503125 0.776128934375 0.7769192
11 0.7794436515625 0.6493602875 0.7565419671875 0.6698086625 0.8002359703125 0.705836753125 0.8213296265625001 0.6814934484374999 0.7794436515625 0.6493602875
11 0.813128915625 0.722877065625 0.83241454375 0.7053498874999999 0.8149369421875001 0.6912307703125 0.8016780718750001 0.705836753125 0.7730509671875 0.6844146453125 0.7649148421875 0.690743903125 0.813128915625 0.722877065625