10 0.447360734375 0.71834481875 0.4260887953125 0.6942983296875 0.3818381 0.7287756734374999 0.40540051562499996 0.7518051125 0.447360734375 0.71834481875
4 0.3819993578125 0.730238053125 0.3999013640625 0.7128293796875 0.3894038859375 0.6993384890625001 0.3476896609375 0.7323060578125 0.36604064375 0.7598226953125 0.39135981875 0.7388648765625 0.3819993578125 0.730238053125
2 0.4718476671875 0.7960593 0.501019934375 0.750125165625 0.469463621875 0.7335854296875 0.4400225953125 0.7770822625 0.4718476671875 0.7960593
6 0.44048360000000003 0.7785393765624999 0.4498314234375 0.759815778125 0.43812673437500005 0.7517185468750001 0.40638700937500005 0.8016050234375 0.44131705937500004 0.8215043171874999 0.45945874218749994 0.7899277046875001 0.44048360000000003 0.7785393765624999
1 0.562737521875 0.8223014953125001 0.569306684375 0.76748479375 0.5310547453125001 0.76376120625 0.5230488171875 0.81371910625 0.562737521875 0.8223014953125001
0 0.5238095703125001 0.81517095625 0.5252874453125 0.79316679375 0.508425071875 0.7900442187500001 0.49330172499999997 0.8435459984375001 0.5352726796875 0.8564839265625 0.542877675 0.819231584375 0.5238095703125001 0.81517095625
6 0.6410398859375 0.829717071875 0.6354041484375 0.7731611828125 0.5950229874999999 0.771917025 0.5991062375 0.8280117859375 0.6410398859375 0.829717071875
7 0.5998669875 0.8294636343749999 0.5966336453125 0.805588628125 0.588348221875 0.8067110046874999 0.598256940625 0.8666106515625 0.641889790625 0.861936828125 0.6349601984375 0.8317775046874999 0.5998669875 0.8294636343749999
9 0.7264445187499999 0.7544675328125 0.695882315625 0.711536496875 0.664661153125 0.7252719421875 0.6966911078125 0.7706192125 0.7264445187499999 0.7544675328125
6 0.6976978546875 0.771578334375 0.6822513828125001 0.75133673125 0.6670325609375001 0.7603953921875 0.7001995296875 0.8106067296875 0.7333121375 0.7895119890625 0.712370934375 0.7630176671875 0.6976978546875 0.771578334375
7 0.719399809375 0.7995245015625 0.7014522734375 0.8110731250000001 0.68459180625 0.7889027468750001 0.6727011890625 0.7954609140625 0.706889446875 0.854933990625 0.740494046875 0.832853796875 0.719399809375 0.7995245015625
12 0.807905615625 0.7632928265625 0.766660009375 0.721526296875 0.7400653265625 0.7390876937499999 0.78272493125 0.782783 0.807905615625 0.7632928265625
9 0.783677925 0.7832546625 0.7650107484374999 0.7664884734374999 0.7531966515625 0.7764641234375 0.79952974375 0.8235137171875 0.8256178921874999 0.79863515625 0.797536503125 0.7727546859375 0.783677925 0.7832546625
11 0.8417498906249999 0.727044696875 0.8600446078124999 0.7023030578125 0.8148320874999999 0.670862715625 0.7943088687500001 0.691736271875 0.8417498906249999 0.727044696875
11 0.8547607078125001 0.7121639796875 0.8431843812500001 0.7270194953125 0.8123432906250001 0.7060715546874999 0.8049488874999999 0.712550721875 0.856456103125 0.743880475 0.8737048640625 0.7259948734375 0.8547607078125001 0.7121639796875