10 0.37030204843750003 0.6905698625000001 0.3548749578125 0.6639404109375 0.302753184375 0.6908130234375001 0.3206962296875 0.716798784375 0.37030204843750003 0.6905698625000001
4 0.3025667015625 0.6922611765625 0.3244733109375 0.67802045625 0.31724520312500004 0.66329779375 0.2680005 0.689084215625 0.27970396875 0.7186502906250001 0.3098185140625 0.7020762203124999 0.3025667015625 0.6922611765625
2 0.37620081875 0.769936346875 0.4160625734375 0.729628453125 0.38864176562499997 0.7087516953125 0.3490908171875 0.7466459984375 0.37620081875 0.769936346875
6 0.3492032859375 0.7481343703125 0.362925665625 0.7313193796874999 0.35322006250000004 0.7216653078124999 0.3098714765625 0.7654327624999999 0.339846696875 0.7900907312500001 0.36534970625 0.76209249375 0.3492032859375 0.7481343703125
1 0.46025116875 0.809235275 0.4797692953125 0.756860009375 0.442660534375 0.747448028125 0.42286715781249995 0.7948754546875 0.46025116875 0.809235275
0 0.4232785828125 0.7964040484375 0.429962240625 0.77520456875 0.41395489375 0.7696135281250001 0.3862525375 0.8194145234375 0.424870821875 0.838360115625 0.4412542828125 0.8032420515625001 0.4232785828125 0.7964040484375
6 0.5362624140625 0.8283005484375 0.5440710234374999 0.772385678125 0.504259825 0.7650655375000001 0.49501860625000005 0.8202966015625 0.5362624140625 0.8283005484375
7 0.4954300296875 0.82182519375 0.49787802187499997 0.7980915640624999 0.48938298593749996 0.7979308859375001 0.48502565000000003 0.857747625 0.5294691859375 0.8597979859375 0.5297357328125 0.8293868375000001 0.4954300296875 0.82182519375
9 0.6389224234374999 0.76795824375 0.6187447234375 0.72153754375 0.5844803781250001 0.7301871281250001 0.6055430875 0.7791822953125 0.6389224234374999 0.76795824375
6 0.6063156281250001 0.7802683874999999 0.5957724203125 0.7582246125000001 0.57851 0.764741746875 0.59954900625 0.8186445296875 0.6374363562500001 0.8031161375 0.62291798125 0.7741535328125 0.6063156281250001 0.7802683874999999
7 0.6212454296875001 0.8107595812499999 0.6006826625 0.8192881218749999 0.5891922843749999 0.7951526015625 0.575828115625 0.7997387671875 0.595686059375 0.8628131953124999 0.634295640625 0.846399803125 0.6212454296875001 0.8107595812499999
12 0.7177367265625 0.7888738546875 0.68667235625 0.7419707296875 0.6560960796875001 0.75504511875 0.6881076203125 0.8040399921875 0.7177367265625 0.7888738546875
9 0.6889423203125 0.8046433671875001 0.6743765359375 0.7854959984375001 0.6602782859375 0.7934209703125 0.69514319375 0.846237275 0.7269508453125 0.8259623312500001 0.7051954078125 0.796517203125 0.6889423203125 0.8046433671875001
11 0.75994270625 0.7587029484375 0.783977553125 0.7373823265625 0.746525578125 0.69993256875 0.7211943 0.717150134375 0.75994270625 0.7587029484375
11 0.7763922156249999 0.746183484375 0.7613734 0.7588954203125 0.7357078593749999 0.733835071875 0.726828003125 0.7390245109375 0.7705580125 0.77731885625 0.7919288765625 0.7625149796875 0.7763922156249999 0.746183484375