10 0.4275622015625 0.6758406890625 0.40900108749999997 0.6509575578125 0.36053991406249997 0.6831435265625 0.3815199734375 0.707123209375 0.4275622015625 0.6758406890625
4 0.36053140625 0.6846039015625001 0.380540178125 0.6681447890625 0.3715697875 0.6542516140625 0.3258320546875 0.6850561078124999 0.341055065625 0.7132503484375 0.36892683437499996 0.6936116250000001 0.36053140625 0.6846039015625001
2 0.44309647031250005 0.75419203125 0.477749359375 0.7099197875 0.4479843109375 0.6920141671875 0.4133456 0.73385245 0.44309647031250005 0.75419203125
6 0.41363875156249996 0.7353215921875 0.4252095640625 0.7171566359375 0.4143980265625 0.708565571875 0.3767058578125 0.7566444812500001 0.409467653125 0.7780453140625 0.4313686109375 0.747521834375 0.41363875156249996 0.7353215921875
1 0.5313210859375 0.7845078125 0.5443083625 0.7303553203125001 0.5063247828125 0.7248695890625 0.49246088125 0.7741278609375 0.5313210859375 0.7845078125
0 0.49305569531250004 0.775605771875 0.49710486718749997 0.7538141031250001 0.4805334421875 0.7499243890625 0.459108203125 0.8023710390625001 0.49975284374999995 0.8171847171875 0.5117330640625 0.7805304343749999 0.49305569531250004 0.775605771875
6 0.6090982 0.7955318765625 0.610030440625 0.7390815500000001 0.56961940625 0.7359596421875 0.5671817046875 0.791879346875 0.6090982 0.7955318765625
7 0.5677765171875 0.7933572546875001 0.5673121390625 0.7694869171875001 0.5588600015625 0.7702150328124999 0.5618294859375 0.8301868734375001 0.60619611875 0.8275812437500001 0.6027520078124999 0.7972949453125 0.5677765171875 0.7933572546875001
9 0.7036441328125 0.7247615078125 0.677953778125 0.68068309375 0.6449963296875 0.692870903125 0.671879146875 0.739418346875 0.7036441328125 0.7247615078125
6 0.6727784546875 0.74041823125 0.6596245281249999 0.7195872343749999 0.6432838765625 0.7278760890625 0.6707416562499999 0.7793089828124999 0.7064565703125 0.7598981953124999 0.6885129531249999 0.7325986359375001 0.6727784546875 0.74041823125
7 0.691316884375 0.769195696875 0.671945459375 0.7798308421875 0.6575962375 0.7570176109375 0.644889675 0.7629777062499999 0.6722935796875 0.8236596484375 0.7086174859375001 0.8032928078125 0.691316884375 0.769195696875
12 0.7844293390625 0.737333615625 0.74787356875 0.69391318125 0.719116671875 0.7101180625 0.7568677359375 0.7555207312500001 0.7844293390625 0.737333615625
9 0.75776988125 0.7560338234375 0.7409761890625 0.7385051703125 0.727948121875 0.747864040625 0.76899759375 0.7967706859375 0.798098684375 0.7732726953125 0.7729124015625 0.746249528125 0.75776988125 0.7560338234375
11 0.82264543125 0.7029024109375 0.8439033734375 0.679176484375 0.8021598453125 0.645829646875 0.7791146296875 0.6656086375 0.82264543125 0.7029024109375
11 0.8374471578125 0.68872634375 0.824089071875 0.7029443671875 0.7955561828125 0.6806926859375 0.7873745125 0.686784278125 0.8354528906249999 0.7203152187499999 0.8548611796875001 0.7033517781249999 0.8374471578125 0.68872634375