8 0.159399271875 0.7421976609375001 0.146453990625 0.72863235625 0.0796694578125 0.779719615625 0.109285471875 0.8064172578125 0.1518266484375 0.77510104375 0.1353535796875 0.76759690625 0.159399271875 0.7421976609375001
0 0.14280448437499998 0.7667309703125 0.1708492390625 0.7841926031249999 0.22645741406250003 0.7344042453124999 0.198346771875 0.7150665468749999 0.14280448437499998 0.7667309703125
11 0.299602928125 0.7579266687499999 0.255612209375 0.747969425 0.217653034375 0.80324153125 0.255566440625 0.8176725203125 0.299602928125 0.7579266687499999
11 0.20790609999999998 0.7742347296875 0.153935071875 0.8351351625 0.19688163593750002 0.8508649265624999 0.23046653749999998 0.813054703125 0.2152352875 0.80540624375 0.22803873281249998 0.7794298359375 0.20790609999999998 0.7742347296875
2 0.3023601765625 0.8009318671875001 0.2662358109375 0.8729442468749999 0.32499656093749996 0.8774174890625 0.3458997359375 0.8335462265625001 0.3170084921875 0.8274853125 0.3224928078125 0.8061269718749999 0.3023601765625 0.8009318671875001
3 0.32301991406249997 0.8211354999999999 0.37348327187499997 0.8378753953125001 0.397321240625 0.7710583703125 0.347187321875 0.7636988078125 0.32301991406249997 0.8211354999999999
9 0.468312559375 0.8042497687499999 0.43347578281250004 0.8064147328125 0.43486949375000006 0.8816017046875 0.4981362984375 0.872365190625 0.4951813859375 0.823731790625 0.4728286703125 0.8263295968750001 0.468312559375 0.8042497687499999
0 0.475048753125 0.8185366875 0.5249191171875001 0.8183919859375001 0.5189534640625 0.755038703125 0.46196163593749995 0.76542966875 0.475048753125 0.8185366875
8 0.5721640109374999 0.7789942171875001 0.5538661890625 0.7905393843749999 0.5825139984375001 0.8606751953125 0.6402205375000001 0.8351313749999999 0.6189678046875 0.7980431453125 0.58439458125 0.8077123734375 0.5721640109374999 0.7789942171875001
4 0.5815714437499999 0.7628311078125 0.570978021875 0.745225025 0.5524166484374999 0.749265928125 0.5855705078125 0.805691984375 0.6360896953124999 0.7885183640625 0.6110456234375 0.7499870359374999 0.5815714437499999 0.7628311078125
12 0.581373778125 0.757202909375 0.633266559375 0.7436370984375 0.6003103640624999 0.692839240625 0.5524065890625 0.7134763484375 0.581373778125 0.757202909375
11 0.6814997796875 0.732380321875 0.6669932968750001 0.7453685890624999 0.7198185734375 0.7938572875000001 0.76235975 0.7625410734375 0.7265346484374999 0.73656504375 0.7045113749999999 0.7485431796875 0.6814997796875 0.732380321875
11 0.7030718921875 0.7430593046875 0.7435247640625 0.7232881328125 0.687303478125 0.6846127328125 0.6481583109375 0.7061156468750001 0.7030718921875 0.7430593046875
5 0.76037304375 0.67046950625 0.7495261265625001 0.6811487390625001 0.8230010828125 0.7140514921875 0.8418818375000001 0.6836013375000001 0.8000453140625 0.6639751203125 0.7855388328124999 0.6769633875000001 0.76037304375 0.67046950625
1 0.7293834359375 0.64016405625 0.7225914125 0.6597906515624999 0.7852752796875 0.669459125 0.8058590734375001 0.6519971109375 0.7703634125 0.6354014125 0.753307409375 0.6468022578125 0.7293834359375 0.64016405625
12 0.7219224703125 0.605240409375 0.6915359171875 0.627609134375 0.750691996875 0.643338771875 0.7737594234375 0.6255881140625 0.7219224703125 0.605240409375
10 0.48093393124999995 0.5955733265625 0.4324371625 0.5993258375 0.4312712921875 0.63713580625 0.47617438593749994 0.637568396875 0.48093393124999995 0.5955733265625