8 0.16844910156249998 0.741778721875 0.15568219375 0.7269764234375 0.08840595625 0.7719532140625 0.1176644640625 0.8014711140624999 0.1605045546875 0.7740499640625 0.14414467343749998 0.7649935890624999 0.16844910156249998 0.741778721875
0 0.151594065625 0.764820203125 0.179391475 0.784934953125 0.2354936265625 0.74021824375 0.207652309375 0.7182170828125 0.151594065625 0.764820203125
11 0.308250825 0.77061113125 0.2644447859375 0.7565312765625001 0.2259001765625 0.8083890578125 0.263586203125 0.82638621875 0.308250825 0.77061113125
11 0.21650671406250002 0.7784087921875 0.16190956875 0.8344150593749999 0.2046057625 0.8541830390625 0.238579271875 0.819418534375 0.22346095312499997 0.8103332625 0.23654738593750002 0.785492065625 0.21650671406250002 0.7784087921875
2 0.31050224375 0.813969646875 0.273594359375 0.8827762109374999 0.33221136875 0.8927364734375001 0.3535935984375 0.8507153093750001 0.3248180625 0.8419479093750001 0.330542915625 0.8210529203125001 0.31050224375 0.813969646875
3 0.33089416875 0.83614419375 0.381083659375 0.85762519375 0.40566370625000003 0.792880425 0.355693746875 0.780831471875 0.33089416875 0.83614419375
9 0.4761573078125 0.8327631562500001 0.44134957343750003 0.8316858843749999 0.4418642734375 0.907171153125 0.5051401984375 0.9038109593750001 0.502757059375 0.8547932140625001 0.4804088828125 0.8553133734375 0.4761573078125 0.8327631562500001
0 0.48271638906250003 0.8477099421875 0.5325107203125 0.8522132609374999 0.5272931984375 0.7881620390624999 0.47026900625 0.793264153125 0.48271638906250003 0.8477099421875
8 0.580141446875 0.8171308796875 0.5617375 0.82699639375 0.58952273125 0.899959503125 0.6474372328125 0.8797372140625 0.6266501484375 0.840584984375 0.592018040625 0.84705335 0.580141446875 0.8171308796875
4 0.589722715625 0.8018084234374999 0.5793511265625 0.7831755125 0.560771553125 0.7854953890624999 0.5932156984375 0.8451380421874999 0.6438564359375001 0.8326347765625 0.6193007484375 0.7916828312499999 0.589722715625 0.8018084234374999
12 0.58959099375 0.796149196875 0.6415611109375 0.787389853125 0.609248684375 0.7334064265625 0.5611788921875001 0.749624715625 0.58959099375 0.796149196875
11 0.6898504390625 0.7806036140625 0.6752150921875 0.7922688421874999 0.7273925640625001 0.8457899031249999 0.7702326562499999 0.8183687531249999 0.7347663203125 0.788995340625 0.7126376796875 0.798947546875 0.6898504390625 0.7806036140625
11 0.7112643953125 0.7933172171875 0.7518847953125001 0.7772723171875 0.6962021625 0.7332699953125 0.65686723125 0.7511724046875 0.7112643953125 0.7933172171875
5 0.7693227953124999 0.7259057984374999 0.7583682390625001 0.735597925 0.8313449734375 0.775422859375 0.85055141875 0.7466643562499999 0.8090089781250001 0.7230946609375 0.7943736328125001 0.734759890625 0.7693227953124999 0.7259057984374999
1 0.73873490625 0.6926439796875 0.7317245828125001 0.7116814578125 0.79419800625 0.7272142546875 0.8149533640625 0.7116317171875 0.7797065625 0.6916903546875 0.7625441828125 0.70152696875 0.73873490625 0.6926439796875
12 0.731692853125 0.656946690625 0.701092790625 0.676533228125 0.7599732375 0.69781194375 0.7832117249999999 0.6821716125 0.731692853125 0.656946690625
10 0.4911926203125 0.624795771875 0.4427276671875 0.624036375 0.44112266875 0.66182235625 0.48595073906249997 0.666441265625 0.4911926203125 0.624795771875