8 0.1031916296875 0.66968008125 0.0943760046875 0.6524909484375 0.0181398890625 0.6820621203125 0.0394098625 0.7171513421875 0.087660184375 0.6995121281250001 0.073963290625 0.6871692656249999 0.1031916296875 0.66968008125
0 0.08124073750000001 0.6885911828125 0.10336871249999999 0.714181371875 0.16868865625 0.6824773265624999 0.1469748640625 0.655034728125 0.08124073750000001 0.6885911828125
11 0.23199622656250002 0.72771346875 0.192857903125 0.704599684375 0.14286194218749998 0.747031171875 0.1751073625 0.7726648421875 0.23199622656250002 0.72771346875
11 0.1409984953125 0.7157337265625 0.0744063671875 0.7587892125 0.1110892375 0.7872232359375 0.15250593125 0.760515484375 0.1400219453125 0.7484096078125 0.1587482953125 0.726935140625 0.1409984953125 0.7157337265625
2 0.22368295468750002 0.7705558578125 0.1711722640625 0.8298960093750001 0.225693846875 0.8521488093749999 0.2566381890625 0.8156615625000001 0.230812215625 0.8009488375 0.241432753125 0.7817572703125 0.22368295468750002 0.7705558578125
3 0.2381193 0.796576540625 0.28166543437499997 0.8282848890625001 0.3212186828125 0.7702796921874999 0.2756016375 0.7478333890625 0.2381193 0.796576540625
9 0.3800295265625 0.8243039062499999 0.3464822875 0.8158158906249999 0.32870210625 0.8896752593749999 0.39097459218749997 0.8999091390625 0.4005304109375 0.8515095203125 0.37869806875 0.8472437703125 0.3800295265625 0.8243039062499999
0 0.3827806109375 0.840308109375 0.430054384375 0.8553447796875 0.44049783906249995 0.7916519171874999 0.3838757109375 0.7844553765625 0.3827806109375 0.840308109375
8 0.4848130640625 0.8312438734375001 0.4645485359375 0.8369511265625 0.47386651406249997 0.9141717796875 0.535015003125 0.906786034375 0.52430629375 0.8640936734375 0.489102328125 0.863015290625 0.4848130640625 0.8312438734375001
4 0.49782978125 0.8183204906249999 0.4922683359375 0.7979005124999999 0.4736605359375 0.7961981296875 0.490729415625 0.8613998671875001 0.5429437312500001 0.860001840625 0.5290104796875 0.8147461109374999 0.49782978125 0.8183204906249999
12 0.49907232500000004 0.8127632640625 0.5516711859375001 0.815307040625 0.5333597578125 0.7556625312499999 0.48274289687499994 0.7612393484375 0.49907232500000004 0.8127632640625
11 0.6002171421875 0.8189922703124999 0.5831771546875 0.827262890625 0.6208951093749999 0.8906991765625 0.6691454296875 0.8730599640625 0.641810915625 0.8367858125 0.617907665625 0.8417821078125 0.6002171421875 0.8189922703124999
11 0.617937303125 0.835987896875 0.66127671875 0.8289891624999999 0.6178491328125 0.7741039640625 0.5753084421875 0.783192090625 0.617937303125 0.835987896875
5 0.6906532453125 0.7825289140625 0.677666165625 0.7896580828124999 0.738902825 0.8441562703125 0.764522078125 0.8201619125 0.7298804796875 0.7882600578125001 0.71284049375 0.796530678125 0.6906532453125 0.7825289140625
1 0.668998725 0.7434978906249999 0.6575794609375001 0.7606000609375 0.7144972203125 0.78912104375 0.7384301109375 0.7783305359375 0.7090246875 0.7513184296875 0.68997306875 0.7572626671875 0.668998725 0.7434978906249999
12 0.670803640625 0.707117190625 0.636339125 0.719716628125 0.6883756156249999 0.753083878125 0.7147343203125 0.7427673421875001 0.670803640625 0.707117190625
10 0.44499604687499994 0.62433070625 0.3981068203125 0.6132358421874999 0.38739736874999997 0.649810046875 0.42981950781249995 0.663898771875 0.44499604687499994 0.62433070625