8 0.168887178125 0.7283018875 0.156469003125 0.713207546875 0.0881690421875 0.7566037734375 0.11673084375000001 0.786792453125 0.1601944546875 0.760377359375 0.144050828125 0.750943396875 0.168887178125 0.7283018875
0 0.235945321875 0.7283018875 0.2086253375 0.7056603781249999 0.15150173281249998 0.750943396875 0.1788217171875 0.7716981125 0.235945321875 0.7283018875
11 0.2247689640625 0.796226415625 0.2620234890625 0.8150943406250001 0.3079707359375 0.760377359375 0.2645071234375 0.74528301875 0.2247689640625 0.796226415625
11 0.2160762421875 0.7660377359375 0.1601944546875 0.8207547171874999 0.20241625000000002 0.841509434375 0.2371871390625 0.80754716875 0.22228532968749998 0.7981132078125001 0.235945321875 0.77358490625 0.2160762421875 0.7660377359375
2 0.30921255312499996 0.8037735843749999 0.2707162109375 0.8716981125000001 0.3290816328125 0.88301886875 0.3514343484375 0.841509434375 0.3228725453125 0.8320754718750001 0.3290816328125 0.8113207546875 0.30921255312499996 0.8037735843749999
3 0.40483250000000004 0.784905659375 0.35515979999999997 0.7716981125 0.3290816328125 0.82641509375 0.37875433125 0.849056603125 0.40483250000000004 0.784905659375
9 0.474374278125 0.82641509375 0.43960338906249996 0.8245283015625 0.4383615703125 0.9 0.5016942625 0.8981132078125 0.5004524453125 0.849056603125 0.47809972968750003 0.849056603125 0.474374278125 0.82641509375
0 0.5265306125 0.7830188687499999 0.4694070078125 0.786792453125 0.480583365625 0.841509434375 0.5302560656249999 0.8471698125 0.5265306125 0.7830188687499999
8 0.578686946875 0.813207546875 0.560059684375 0.8226415093749999 0.5861378515625 0.896226415625 0.6445032734375 0.877358490625 0.6246341937500001 0.83773585 0.5898633046875 0.8433962265625 0.578686946875 0.813207546875
4 0.5886214859375001 0.7981132078125001 0.578686946875 0.7792452828124999 0.560059684375 0.781132075 0.5911051203125 0.841509434375 0.6420196375 0.830188678125 0.6184251062499999 0.7886792453125 0.5886214859375001 0.7981132078125001
12 0.6097323828125 0.730188678125 0.5613015015625 0.74528301875 0.5886214859375001 0.79245283125 0.6407778203125 0.784905659375 0.6097323828125 0.730188678125
11 0.689208703125 0.7792452828124999 0.6743068921875001 0.7905660375 0.725221409375 0.84528301875 0.768685021875 0.8188679249999999 0.7339141312499999 0.7886792453125 0.7115614171875 0.7981132078125001 0.689208703125 0.7792452828124999
11 0.6966596078125 0.732075471875 0.656921446875 0.749056603125 0.7103195999999999 0.79245283125 0.7512995765625 0.777358490625 0.6966596078125 0.732075471875
5 0.7699268390625 0.72641509375 0.75875048125 0.73584905625 0.8307758953125 0.777358490625 0.850644975 0.749056603125 0.8096649984375001 0.7245283015624999 0.7947631875 0.73584905625 0.7699268390625 0.72641509375
1 0.74012321875 0.69245283125 0.7326723140625 0.7113207546875 0.7947631875 0.7283018875 0.8158740859375 0.713207546875 0.7811031953125 0.69245283125 0.7637177515625 0.7018867921874999 0.74012321875 0.69245283125
12 0.7612341171875 0.6981132078125001 0.7848286484375 0.68301886875 0.7339141312499999 0.6566037734375 0.7028686953125 0.6754716984375 0.7612341171875 0.6981132078125001
10 0.443328840625 0.65471698125 0.48803427031249996 0.660377359375 0.49424335781249995 0.618867925 0.44581247656249995 0.61698113125 0.443328840625 0.65471698125