8 0.1750517921875 0.688167990625 0.1636148640625 0.6721717296875 0.0926205859375 0.7102993640624999 0.119215353125 0.7425734953124999 0.1643166796875 0.719508215625 0.1487965484375 0.7088769312500001 0.1750517921875 0.688167990625
0 0.1562383734375 0.70944015 0.18219665625 0.7322094359375 0.24202819843749998 0.693236971875 0.2161906796875 0.6685854906250001 0.1562383734375 0.70944015
11 0.3119128375 0.7306787484374999 0.26946831250000003 0.7123357359375 0.22651796875 0.7601511624999999 0.26251944531250004 0.7817892140625 0.3119128375 0.7306787484374999
11 0.21976806249999997 0.7293789515625 0.1604522390625 0.7797384562499999 0.20129416875 0.8036341828125 0.23819642343749997 0.77238303125 0.223916596875 0.7618456171875 0.23912986875 0.738409653125 0.21976806249999997 0.7293789515625
2 0.3103755734375 0.774063103125 0.26757865937499997 0.838912153125 0.32514835625 0.854617215625 0.35013062968750003 0.814898584375 0.322207459375 0.8033285984375 0.3297373796875 0.7830938046875 0.3103755734375 0.774063103125
3 0.3287712703125 0.7981513625 0.3769342578125 0.824492503125 0.407086609375 0.7624691421875001 0.35831979999999997 0.745538978125 0.3287712703125 0.7981513625
9 0.47388681874999994 0.8091341546875 0.43927907499999996 0.8046235984375001 0.43320821875000004 0.87981753125 0.49658447812500006 0.88272270625 0.498484034375 0.833691765625 0.4761585640625 0.8320021046875 0.47388681874999994 0.8091341546875
0 0.4791222265625 0.8246610656250001 0.528372090625 0.834062453125 0.5287571453125001 0.7697862109375 0.47146164218750003 0.76923258125 0.4791222265625 0.8246610656250001
8 0.5789176874999999 0.803843871875 0.5597093109375 0.811846796875 0.5810459031249999 0.8872236734375001 0.640547821875 0.8728136125000001 0.623239 0.8317855984375001 0.5881482015625 0.834803821875 0.5789176874999999 0.803843871875
4 0.5898062265624999 0.789537271875 0.5810914359375 0.7699643609375 0.5623661140625 0.7704385046875 0.58950926875 0.833015496875 0.6410863078125 0.825570996875 0.6201773390625 0.782379178125 0.5898062265624999 0.789537271875
12 0.59016851875 0.7838906890625 0.642744334375 0.780304446875 0.6152388890625 0.7233740390625 0.565900928125 0.7347706703125 0.59016851875 0.7838906890625
11 0.6914784765624999 0.7783187921875 0.6758702484375 0.788485521875 0.72322055625 0.8469178484375 0.7683218828125 0.8238525703124999 0.7355255953125 0.7911090890625 0.7125963093750001 0.798830403125 0.6914784765624999 0.7783187921875
11 0.7117182953125 0.7930899484375 0.7536144328125001 0.7811300984375 0.7019393953125 0.7318271359375 0.661162796875 0.7457630515625 0.7117182953125 0.7930899484375
5 0.7754796125000001 0.7317188828125001 0.7637130578125 0.740285028125 0.832993878125 0.7871377796875 0.8546501953125001 0.7604067734375 0.8152900984375 0.732840528125 0.79968186875 0.7430072578125 0.7754796125000001 0.7317188828125001
1 0.7478860671875001 0.69558649375 0.73923660625 0.713845221875 0.8001649234375 0.735478478125 0.8222162000000001 0.7220167078124999 0.7888160937500001 0.698684203125 0.770848021875 0.7067809984375 0.7478860671875001 0.69558649375
12 0.743979059375 0.6593554359375 0.7117638265624999 0.6758306359375 0.7686089421875 0.7028288671875 0.7931408249999999 0.6895548390624999 0.743979059375 0.6593554359375
10 0.507015696875 0.603594625 0.4587646109375 0.5980514968749999 0.453868725 0.6355076578125 0.498157371875 0.6445335640625001 0.507015696875 0.603594625