8 0.133265040625 0.7046484921875 0.1223933796875 0.6887246734375 0.050111629687500006 0.7272508234374999 0.07556376718749999 0.7593583359375 0.1214426359375 0.73603945625 0.1063030140625 0.7255023515625 0.133265040625 0.7046484921875
0 0.1137206453125 0.7260221015625 0.13886842187499998 0.7486320046875 0.200023725 0.7093262328125001 0.17506233124999998 0.6848341312499999 0.1137206453125 0.7260221015625
11 0.268559 0.746347809375 0.2267805390625 0.7282583687499999 0.182187515625 0.7763056765624999 0.21741185000000002 0.797726384375 0.268559 0.746347809375
11 0.1765157296875 0.7455841609375 0.11547840312499999 0.7962697375000001 0.15546144374999998 0.8199191421875 0.193431940625 0.7884651015624999 0.1795285890625 0.7780146234374999 0.1955505515625 0.75449894375 0.1765157296875 0.7455841609375
2 0.2655084796875 0.7897249484375 0.220474284375 0.8547986453125 0.2774607734375 0.8701631921875 0.3038140796875 0.8303141187499999 0.276311734375 0.818910765625 0.28454330156249996 0.7986397296875001 0.2655084796875 0.7897249484375
3 0.2830522421875 0.8136973 0.33026653125 0.8397486484375 0.36256524375 0.7775730937499999 0.314419040625 0.760932728125 0.2830522421875 0.8136973
9 0.4276960609375 0.8238324031250001 0.39326682812499997 0.8195247125 0.38457526406250003 0.894725940625 0.44781151562500005 0.897261609375 0.451421184375 0.8482378796875001 0.4291682875 0.8466786328125 0.4276960609375 0.8238324031250001
0 0.43238636250000007 0.8393230984375 0.48127809375 0.84843468125 0.4839062765625 0.7841801312500001 0.426665 0.78395978125 0.43238636250000007 0.8393230984375
8 0.53284758125 0.8179335125 0.513371590625 0.8260451234374999 0.5320643921875 0.9012699 0.592032996875 0.8865193031249999 0.5761666734374999 0.8456071843749999 0.5409919125 0.848828278125 0.53284758125 0.8179335125
4 0.5442288140625 0.8035689406250001 0.5362024625 0.7840539796875 0.5174720015625 0.784636803125 0.5424145640625 0.8470327062499999 0.5942200093750001 0.83929114375 0.5748312531249999 0.7962369546875 0.5442288140625 0.8035689406250001
12 0.5447879609374999 0.7979223531249999 0.5974569125 0.7940318078125 0.5719552 0.73728249375 0.5222495359375 0.7489616984375 0.5447879609374999 0.7979223531249999
11 0.6462306671875 0.7917635875 0.6302771078125 0.8020172671875001 0.675559171875 0.860152578125 0.72143804375 0.8368336984375 0.68980454375 0.8042930625 0.6666197375 0.812144796875 0.6462306671875 0.7917635875
11 0.6659426125000001 0.806411584375 0.7082306453125 0.79421263125 0.65830785625 0.745228428125 0.6170697109375001 0.7593962000000001 0.6659426125000001 0.806411584375
5 0.731807046875 0.744692703125 0.7197486875 0.7533240609375 0.7873520515625 0.79975661875 0.8099281359375 0.7729096703125 0.7715541328125 0.7455825 0.755600575 0.7558361796875 0.731807046875 0.744692703125
1 0.7054914015625 0.708734175 0.696209946875 0.7270363875 0.7563461031250001 0.748307396875 0.7788537875 0.734722446875 0.746288375 0.7115927937500001 0.7280486578125 0.7197910265624999 0.7054914015625 0.708734175
12 0.70285130625 0.67253931875 0.670080684375 0.6891956625 0.7259488796875 0.715853384375 0.750929103125 0.7024416859375 0.70285130625 0.67253931875
10 0.467978465625 0.6181768062499999 0.4199502421875 0.6129162406249999 0.4137500515625 0.65038691875 0.4576966953125 0.6591520015625 0.467978465625 0.6181768062499999