8 0.17427139375 0.71270714375 0.1624730609375 0.6961892828125 0.0924333046875 0.7309860546875 0.11975390781249999 0.7644764187499999 0.16427575781249998 0.7435263890625 0.1485229390625 0.7321797828125 0.17427139375 0.71270714375
0 0.1559708171875 0.7330890671875 0.18243435624999998 0.7570513875 0.241302296875 0.720890690625 0.21491560625 0.6950530703125 0.1559708171875 0.7330890671875
11 0.31199200625 0.761560503125 0.2691608484375 0.7412539625 0.227363890625 0.7870375171874999 0.263834784375 0.81033691875 0.31199200625 0.761560503125
11 0.21990429531250003 0.7559719078125 0.16181656875 0.80353594375 0.203175865625 0.829316834375 0.239315921875 0.7998047781250001 0.22480441718750002 0.7886097203125 0.2394579046875 0.7658978578125 0.21990429531250003 0.7559719078125
2 0.3114657765625 0.8048439187499999 0.270218484375 0.8676567046875 0.32809909843749996 0.886031215625 0.3521334265625 0.8475024953125001 0.323967475 0.8346404156249999 0.3310193859375 0.8147698671875 0.3114657765625 0.8048439187499999
3 0.3304045890625 0.8297722546875 0.3791349125 0.8583377249999999 0.40781537500000004 0.7977600625 0.35870080312499997 0.7785710859375 0.3304045890625 0.8297722546875
9 0.47563821093750003 0.847503275 0.440958296875 0.84138465625 0.43664299531250006 0.916245053125 0.500026809375 0.9220986609375 0.5007835875 0.8731893484375 0.478439953125 0.8704614984375001 0.47563821093750003 0.847503275
0 0.481229978125 0.8632633999999999 0.53065195 0.874951184375 0.5295408984375001 0.8107363890625001 0.4722868 0.807515815625 0.481229978125 0.8632633999999999
8 0.58044645 0.847106146875 0.5614425062499999 0.8542094328125 0.5845129421874999 0.93052856875 0.64362315 0.9188983000000001 0.6253759859375 0.8770922750000001 0.590388671875 0.8784748499999999 0.58044645 0.847106146875
4 0.5909917515625 0.833316134375 0.58182974375 0.8133507718749999 0.5631331984375 0.8129528625000001 0.5917068328124999 0.8767510984375001 0.643061765625 0.8717127390625 0.6211675125 0.827576775 0.5909917515625 0.833316134375
12 0.5912222984375 0.8276902406250001 0.64366484375 0.8265540250000001 0.614860659375 0.7683816859375 0.5658346546875 0.7774737359375 0.5912222984375 0.8276902406250001
11 0.6923066015625 0.8268384703124999 0.6769497453125 0.8362716953125 0.725614940625 0.896868790625 0.770136790625 0.8759187609374999 0.73660961875 0.8416706625 0.7138817375000001 0.8483193046874999 0.6923066015625 0.8268384703124999
11 0.712870975 0.8425418640625001 0.7544491015625 0.8325405296874999 0.7016757218749999 0.7808652875 0.6612620578125 0.7928934640625 0.712870975 0.8425418640625001
5 0.7751437375 0.784180675 0.763587671875 0.79219324375 0.8338931328125 0.8422395484375 0.8549068859375 0.8165348234375 0.8149426015625 0.7871548859375 0.799585746875 0.7965881109375 0.7751437375 0.784180675
1 0.7467355171875 0.74678816875 0.7385191437499999 0.7646318703125 0.799893146875 0.78908691875 0.821610265625 0.7766608296874999 0.7876988468749999 0.751789225 0.7699362171875 0.75904405625 0.7467355171875 0.74678816875
12 0.741989096875 0.7103997578125 0.710187775 0.725364065625 0.7676072921875 0.754990365625 0.791807034375 0.7428673734375 0.741989096875 0.7103997578125
10 0.50395268125 0.6436451828124999 0.45561832343750003 0.6358595421875 0.45159870468749996 0.673062421875 0.49605542343750003 0.6841440171875 0.50395268125 0.6436451828124999