5 0.554219528125 0.230675503125 0.45499540781250003 0.39106467500000003 0.6728750015625 0.6111199890625 0.7697886125 0.43631572500000004 0.554219528125 0.230675503125
8 0.8777821953125 0.2397452984375 0.6695072015625 0.0397687078125 0.5716620515625 0.2000453828125 0.789856 0.40338524375 0.8777821953125 0.2397452984375
11 1 0.65627200625 0.780372953125 0.4500558453125 0.6848383109375 0.624747615625 0.921709153125 0.8599434484374999 1 0.6968350375 1 0.65627200625
12 0.3551087234375 0.9848157609375001 0.4628635859375 0.9797969984374999 0.5275527859375 0.852460190625 0.3076288359375 0.6221405203125 0.1946998734375 0.8065962125 0.3551087234375 0.9848157609375001
7 0.6704198890625 0.6593034828125 0.56892193125 0.8490853218750001 0.6788173671875 0.9632074718749999 0.8773892609375 0.9470080937500001 0.9012425328125 0.886647821875 0.6704198890625 0.6593034828125
5 0.21139946250000002 0.2023144484375 0.10501432968749999 0.35911535781250004 0.310217025 0.576032396875 0.42176701562499996 0.39168919999999996 0.21139946250000002 0.2023144484375
9 0.182071178125 0.7825917375 0.290863225 0.59847353125 0.0819228453125 0.388120090625 0.01442659375 0.481247903125 0.0249878828125 0.6243359390625 0.182071178125 0.7825917375
2 0.0004991765625 0.0171556125 0.007968867187500001 0.27387221093749997 0.08740205625 0.3438623453125 0.191029246875 0.18728642812500002 0.030256468749999998 0.0147280296875 0.0004991765625 0.0171556125
6 1 0.36842670625 0.8913906328125 0.2574111671875 0.7991944453125 0.41931322968750007 1 0.61017719375 1 0.36842670625
6 0.689087340625 0 0.6779623078125 0.0203029078125 0.8901080640625001 0.215791271875 0.9780342578125 0.05215132812499999 0.9113793875 0 0.689087340625 0
10 0.363267921875 0 0.5565415671875 0.180416640625 0.6492700609375001 0.0268160578125 0.6238776859375 0 0.363267921875 0
0 0.2107925984375 0 0.05232001093750001 0.012928100000000001 0.21340714374999997 0.16877104062499998 0.31276434375 0.0104572421875 0.3011478828125 0 0.2107925984375 0
5 1 0.2502211859375 0.987771934375 0.07430542500000001 0.9034503468749999 0.229306403125 1 0.3258846734375 1 0.2502211859375
4 1 0.7558247390624999 0.9473291015624999 0.870370746875 0.9958477312499999 0.9352580953125 1 0.9347340671875 1 0.7558247390624999
4 0.05100154375 0.9989797812500001 0.15786687500000002 0.8158597046875 0.027117115625 0.6575418578125001 0.04901675625 0.9990722234374999 0.05100154375 0.9989797812500001
0 0.169249678125 0.842052046875 0.074526278125 0.9978840984374999 0.2899721296875 0.9878495468749999 0.169249678125 0.842052046875
10 0.539026675 0.6567569468750001 0.5858219328125001 0.5980840703125 0.5124929765624999 0.49966409375 0.46611322343749995 0.5556487828125001 0.539026675 0.6567569468750001
12 0.4796458171875 0.5191542546875 0.44428029531249996 0.5910509171875 0.5349125031249999 0.6659402125 0.5391959859375001 0.6593974234375 0.46586703125 0.5609774468750001 0.487699959375 0.5255753109375 0.4796458171875 0.5191542546875