5 0.5920918484375 0.269859353125 0.46928262812500005 0.4065332328125 0.6494780734375001 0.66763633125 0.7722654109375 0.5163448765624999 0.5920918484375 0.269859353125
8 0.9093693015625 0.346009759375 0.7354945703125 0.1065948734375 0.6140611687499999 0.24344505624999999 0.7971797859375 0.4882201453125 0.9093693015625 0.346009759375
11 0.9758716453125 0.7950627156250001 0.7805422015625 0.5320202765625 0.6591306828125 0.6834880328125 0.8556644078125 0.9633873953125001 0.9758716453125 0.7950627156250001
12 0.27990824999999997 0.9710325359375 0.38427699375 0.98649465 0.46860707812499997 0.874119428125 0.2880029125 0.602524828125 0.14793208124999999 0.7599527968750001 0.27990824999999997 0.9710325359375
7 0.8224189187500001 1 0.831330290625 0.985323009375 0.6395261609375 0.7143810187499999 0.5098816171875 0.8794085359375 0.5907724984375 1 0.8224189187500001 1
5 0.258862953125 0.1707866078125 0.1295614828125 0.302452890625 0.2977614046875 0.5578431796875 0.43645641562500004 0.4002389046875 0.258862953125 0.1707866078125
9 0.021240351562500003 0.4034024921875 0.01418289375 0.487434428125 0.0161752859375 0.555908496875 0.13924656875000002 0.7337858984375 0.2751899453125 0.57582901875 0.102282309375 0.3260989359375 0.021240351562500003 0.4034024921875
2 0.1432717640625 0.0008335312500000001 0.0601008765625 0.00034965625000000003 0.04116253125 0.19090944999999998 0.114599021875 0.2838329328125 0.24114885625000002 0.15181404375000002 0.1432717640625 0.0008335312500000001
6 1 0.483492153125 0.9200108890625 0.36616384375 0.8038873390625 0.5057822796875 0.9915421328124999 0.76157778125 1 0.6763559546875 1 0.483492153125
6 1 0.140538128125 0.9228832312499999 0.0533581953125 0.7894288921875 0.03625674375 0.74686606875 0.08926164375 0.9252550921875 0.3250793625 1 0.23033341406250002 1 0.140538128125
10 0.5197639265625 0.0030238984375 0.439046440625 0.0025542968749999997 0.60223718125 0.2210516265625 0.717587053125 0.0896853484375 0.6724843671875 0.0212709390625 0.5197639265625 0.0030238984375
0 0.1670976328125 0.0009721453124999999 0.26608511562500003 0.13830689062499998 0.3887009171875 0.003696053125 0.3875854859375 0.00225490625 0.1670976328125 0.0009721453124999999
5 1 0.261238078125 0.93628351875 0.341107371875 1 0.4325329296875 1 0.261238078125
4 0.9698542109374999 1 0.98887803125 0.8196954859375 0.8792686156249999 0.9789390953125 0.890022565625 1 0.9698542109374999 1
4 0.110204740625 0.7613817171874999 0.0174191078125 0.5986559046875 0.0250658375 0.86145694375 0.110204740625 0.7613817171874999
0 0.0273733015625 0.940759378125 0.2178030234375 0.9651619140625 0.117321015625 0.789435353125 0.025977629687499997 0.8927932249999999 0.0273733015625 0.940759378125
10 0.5105075578125 0.6845723031250001 0.565772709375 0.63675685625 0.508935240625 0.524991340625 0.45449965781249996 0.5702567671875001 0.5105075578125 0.6845723031250001
12 0.47353479218750005 0.5372783546875 0.42745984375 0.600438540625 0.5050194234375 0.6927234437500001 0.510261471875 0.687197090625 0.45342400312500003 0.5754315765625 0.48046381718750003 0.5452498046875001 0.47353479218750005 0.5372783546875