5 0.5318480234375 0.2465977203125 0.41903749843749993 0.403965609375 0.6168382640625001 0.6301709343749999 0.7286049796875 0.45833295625000003 0.5318480234375 0.2465977203125
8 0.8533051484374999 0.2650694546875 0.6633186546875 0.059205178125 0.5518913140625 0.21650076875000002 0.7514631140625 0.4260139265625 0.8533051484374999 0.2650694546875
11 0.9509636406249999 0.697779303125 0.737947878125 0.47236925625000004 0.6275643421875 0.6441349359374999 0.8429586140625001 0.8860202578124999 0.9509636406249999 0.697779303125
12 0.267768328125 0.9943094453124999 0.375523190625 0.9924285765624999 0.451056190625 0.8670807640625 0.252114653125 0.630560315625 0.12355582812499999 0.811575809375 0.267768328125 0.9943094453124999
7 0.820245925 0.9121068390625 0.6101904546875 0.6782422578125 0.4925516390625 0.8649118171874999 0.592046646875 0.9821332984375 0.7912248 0.9717223515625 0.820245925 0.9121068390625
5 0.19289435625 0.2082910203125 0.0732648875 0.3618654328125 0.2587139796875 0.5845664765625 0.385889621875 0.4036232828125 0.19289435625 0.2082910203125
9 0 0.6582599078125 0.113072159375 0.7872243875 0.2374814375 0.6064257890625 0.0477373546875 0.3901740921875 0 0.4478848734375 0 0.6582599078125
2 0 0.28965633125 0.057054562499999996 0.34611313906249996 0.17391766875 0.1926833234375 0.028848942187499997 0.0155954640625 0 0.017103384375 0 0.28965633125
6 0.9606605046875 0.657977975 0.9679378218749999 0.533031265625 0.97158291875 0.40620857031249996 0.865317446875 0.283116125 0.7593743484375 0.44220000625000006 0.9606605046875 0.657977975
6 0.69918845625 0 0.6734372625 0.040001734375 0.867670265625 0.2414941484375 0.9695123000000001 0.0805496796875 0.8773527937500001 0 0.69918845625 0
10 0.3648772046875 0 0.35246495625 0.0007551609375 0.538544315625 0.19644891250000002 0.6442934859375 0.045674965625 0.6062192515625 0 0.3648772046875 0
0 0.31058165312499997 0.019543978125 0.29303663125 0.0017865 0.050979846875 0.0144386921875 0.1978196109375 0.17483438281250002 0.31058165312499997 0.019543978125
5 0.9772780890625 0.10296821249999999 0.879779528125 0.255385853125 0.9726495187499999 0.3605039234375 0.9772780890625 0.10296821249999999
4 0.956046796875 0.7371922843750001 0.8675649921874999 0.8971837921875 0.9102269 0.96342721875 0.9430543234375 0.9602644437500001 0.956046796875 0.7371922843750001
4 0 0.9462219734374999 0.0860644796875 0.8197603109375 0 0.7000000656250001 0 0.9462219734374999
0 0 0.9989833578124999 0.202631734375 0.9954464078124999 0.0951164875 0.846261515625 0 0.98104849375 0 0.9989833578124999
10 0.47955313281249995 0.67187679375 0.5312758640624999 0.6146144312499999 0.4668292078125 0.5141452359375001 0.41575476250000004 0.5687337703125 0.47955313281249995 0.67187679375
12 0.41504479375000003 0.574050765625 0.43987687812500004 0.539313515625 0.4324155140625 0.5326636671875 0.39092267812500003 0.60347101875 0.47465468906249997 0.6809326437500001 0.479491446875 0.674519959375 0.41504479375000003 0.574050765625