5 0.6491712703125 0.646885634375 0.756906078125 0.48048418593750003 0.55524861875 0.257922246875 0.44613259687499995 0.40976357031250005 0.6491712703125 0.646885634375
8 0.5745856359375 0.22880199375000002 0.779005525 0.44928391406249996 0.8770718234375 0.29328255468750003 0.6823204421875 0.0769606703125 0.5745856359375 0.22880199375000002
11 0.66022099375 0.6614457609375 0.8812154703124999 0.915207971875 0.9848066296875 0.732166378125 0.7665745859374999 0.49504431249999997 0.66022099375 0.6614457609375
12 0.2845303875 0.6281654718749999 0.16022099375 0.8028869937499999 0.31077348125 0.996328678125 0.41574585624999993 0.9984086968750001 0.4889502765625 0.8756876281249999 0.2845303875 0.6281654718749999
7 0.8314917124999999 0.9984086968750001 0.859116021875 0.9401681906249999 0.643646409375 0.6947260515625 0.530386740625 0.8756876281249999 0.6325966843749999 0.9984086968750001 0.8314917124999999 0.9984086968750001
5 0.29005524843749997 0.5824050734374999 0.412983425 0.40768355156249997 0.21546961250000002 0.2017617578125 0.09944751406249999 0.34944304375 0.29005524843749997 0.5824050734374999
9 0.001381215625 0.463844040625 0.00276243125 0.607365290625 0.1491712703125 0.7779267765625 0.26933701718749997 0.6032052546875 0.0745856359375 0.3764832796875 0.001381215625 0.463844040625
2 0.00276243125 0 0.001381215625 0.24960217343750002 0.082872928125 0.3328028984375 0.196132596875 0.1851216125 0.0469613265625 0 0.00276243125 0
6 0.8895027625 0.3120027171875 0.7872928171875 0.4659240578125 0.9972375687499999 0.6968060703125001 0.9986187843750001 0.4409638421875 0.8895027625 0.3120027171875
6 0.7292817671875 0 0.69198895 0.058240506250000004 0.890883978125 0.27040235468749996 0.9889502765625 0.11440099687500001 0.8632596687499999 0 0.7292817671875 0
10 0.3701657453125 0.00208001875 0.56077348125 0.2080018125 0.662983425 0.06240054375 0.611878453125 0 0.3701657453125 0.00208001875
0 0.0690607734375 0 0.21961325937499998 0.16848146718749998 0.32872928125 0.0187201625 0.31077348125 0 0.0690607734375 0
5 0.9972375687499999 0.137281196875 0.9033149171874999 0.28496248281250003 0.9986187843750001 0.39520344218750003 0.9972375687499999 0.137281196875
4 1 0.7550465765625 0.9060773484375 0.92768808125 0.9502762421875 0.996328678125 0.9972375687499999 0.9942486609375001 1 0.7550465765625
4 0.00276243125 0.6406455796875 0.00276243125 0.9859285874999999 0.12292817656249999 0.809127046875 0.00276243125 0.6406455796875
0 0.24861878437499998 0.9984086968750001 0.132596684375 0.836167284375 0.017955801562500002 0.9984086968750001 0.24861878437499998 0.9984086968750001
10 0.49648537968750006 0.5227164765625 0.44669491250000004 0.574762190625 0.51288694375 0.681500009375 0.56326318125 0.626807903125 0.49648537968750006 0.5227164765625
12 0.44610914218750003 0.5800549734375 0.47012572031250005 0.54653400625 0.4625107078125 0.5394769593750001 0.422678334375 0.6082831578125 0.5082007828124999 0.690321315625 0.51288694375 0.6841464 0.44610914218750003 0.5800549734375