5 0.532591375 0.2380623140625 0.4418347140625 0.4031733046875 0.67104421875 0.6111764109375 0.7587384703125 0.43181368750000004 0.532591375 0.2380623140625
8 0.856365525 0.23016888125 0.6378027484375 0.0416826734375 0.5484180578125 0.2066093171875 0.7770676 0.39792970156249996 0.856365525 0.23016888125
11 1 0.6388494859375 0.7700326953125 0.44495935 0.6837104140625 0.624137728125 0.932687453125 0.8462427234375 1 0.6852229859375 1 0.6388494859375
12 0.3624449375 0.9897925046875 0.48201543593749996 0.9863133578125 0.5384598984375 0.8594131796875001 0.306670965625 0.6412829296875 0.2034790515625 0.8311069890624999 0.3624449375 0.9897925046875
7 0.9136338484375001 0.87393981875 0.6711106546875001 0.659346628125 0.5796189703125 0.853882815625 0.6953926906250001 0.9619167921875 0.8929562343749999 0.9353710484375 0.9136338484375001 0.87393981875
5 0.188566709375 0.227729265625 0.090467221875 0.3896373875 0.3068460234375 0.595175009375 0.4086659640625 0.405535296875 0.188566709375 0.227729265625
9 0.0243743609375 0.6582664265625 0.18960539999999998 0.8078341859375 0.28868140468750003 0.6185631640625 0.068911171875 0.41976546875 0.0063394624999999994 0.5161522625 0.0243743609375 0.6582664265625
2 0.0037391374999999998 0.3213406359375 0.072071659375 0.375351153125 0.1674272109375 0.21381172343750002 0.0006158875 0.05292923125 0.0037391374999999998 0.3213406359375
6 1 0.4119362765625 0.9942447109374999 0.3603695890625 0.8708866703125 0.24707044687500002 0.787231346875 0.41332200625000004 1 0.5949450374999999 1 0.4119362765625
6 0.655773178125 0 0.64523310625 0.021831579687499998 0.8674288062500001 0.20564015625 0.9467267296875 0.0378793375 0.8925904656249999 0 0.655773178125 0
10 0.38265061875 0 0.319044040625 0.009102040625 0.53228345 0.1878297984375 0.6169047390625 0.0298274296875 0.5854737437499999 0 0.38265061875 0
0 0.2798169015625 0.0311307796875 0.25980787968749997 0.014966596874999998 0.01971329375 0.047227046875 0.18881874999999998 0.1941794734375 0.2798169015625 0.0311307796875
5 0.957614953125 0.0594585359375 0.8814669687500001 0.2184171296875 0.98893189375 0.3149990484375 0.957614953125 0.0594585359375
4 1 0.7520513984375 0.958831846875 0.855298290625 1 0.9046287046874999 1 0.7520513984375
4 0.0868144453125 0.9978125328124999 0.1671603640625 0.8422712062500001 0.028238228124999997 0.69126318125 0.064211678125 0.99847020625 0.0868144453125 0.9978125328124999
0 0.1799035390625 0.8677906546875 0.11012349375 0.9971343078125001 0.2942584046875 0.9917765296875001 0.1799035390625 0.8677906546875
10 0.539690990625 0.6636852234374999 0.5833801953125 0.60273555 0.5049643359375 0.5084435109375 0.46154973281249995 0.56669115625 0.539690990625 0.6636852234374999
12 0.46158238125000006 0.572017028125 0.48154637187500005 0.5355762453125 0.4731630078125 0.5295956671875001 0.44158574218749996 0.6031319374999999 0.5360603625 0.67305681875 0.5399982390625 0.6663090671874999 0.46158238125000006 0.572017028125