6 0.185568803125 0.5056098890625 0.2047884109375 0.464197728125 0.1776745625 0.443623378125 0.11808822031249999 0.5594929984375 0.1772974953125 0.60547180625 0.21611793124999998 0.5245045937499999 0.185568803125 0.5056098890625
2 0.2483205203125 0.45426596874999997 0.2649743765625 0.4136541921875 0.24154852500000001 0.3987694921875 0.18858002812500002 0.5039105265625 0.24796064375000001 0.54253975625 0.28275040156250003 0.47058204843749996 0.2483205203125 0.45426596874999997
9 0.31039539375 0.48658262968750005 0.35778691406249996 0.38394134375 0.3008649609375 0.3491052140625 0.25090769062499996 0.4525468859375 0.31039539375 0.48658262968750005
2 0.3359842875 0.5907781265625001 0.34384006093749997 0.5451587734375 0.3135436484375 0.533633365625 0.275558428125 0.669820990625 0.3453691109375 0.6980828390625 0.3721960625 0.60349829375 0.3359842875 0.5907781265625001
1 0.389008440625 0.51966831875 0.3942770453125 0.47576804843750004 0.363937796875 0.466080034375 0.33772334375 0.5890196078125001 0.4067330328125 0.6152208890625 0.423948046875 0.5323293312499999 0.389008440625 0.51966831875
8 0.4581894703125 0.5385200265625001 0.47738343437499997 0.42537062187499997 0.4103441 0.4056988125 0.390790334375 0.5160724046875 0.4581894703125 0.5385200265625001
3 0.4958018453125 0.6368367640625 0.4932918234375 0.5806187781250001 0.4606609546875 0.578181746875 0.45651451875 0.71962165 0.5353460375 0.7251267109375 0.536618278125 0.6341362687500001 0.4958018453125 0.6368367640625
12 0.5359587015625 0.55317261875 0.5303303640625 0.5032474796875 0.49118873750000003 0.5069455484375001 0.49715968125 0.6332211328125 0.5710524578125 0.632058690625 0.567043271875 0.5490998968749999 0.5359587015625 0.55317261875
5 0.6057608453125 0.5453821109375 0.594062996875 0.428037153125 0.5247491640625 0.4330912890625 0.5364255921875001 0.55135494375 0.6057608453125 0.5453821109375
6 0.72219614375 0.685991228125 0.69570348125 0.547725065625 0.6210653859375 0.56264824375 0.646581428125 0.7063871515625 0.72219614375 0.685991228125
9 0.8667350234375 0.5133721765625 0.8127772343749999 0.4060181359375 0.7547372625000001 0.43734791093750003 0.807401465625 0.5455614921875 0.8667350234375 0.5133721765625
11 0.8085879640625 0.5492954359375 0.7837914515625 0.502157746875 0.7575599546875 0.5165727609374999 0.8110679703124999 0.6432194375 0.8730529499999999 0.6065549484375 0.83997238125 0.5323609546875 0.8085879640625 0.5492954359375
0 0.5221860281249999 0.22696088125 0.5203827890625 0.14042589375 0.4631995265625 0.1350077875 0.46197012187500003 0.22416083437499998 0.5221860281249999 0.22696088125