6 0.1571206734375 0.5234301453125 0.1758323953125 0.48007455625000006 0.14851583906250002 0.462370325 0.0903584078125 0.5842854953125001 0.150022559375 0.6239950328125 0.18784831562499998 0.539098059375 0.1571206734375 0.5234301453125
2 0.21919002031249998 0.46560459062500004 0.23534877656250003 0.42331651406250004 0.21178142968749997 0.41090684375000003 0.16010804843749998 0.521418509375 0.21985778906250003 0.55377249375 0.25376315781250003 0.4782920671875 0.21919002031249998 0.46560459062500004
9 0.28155691875 0.4913743984375 0.3276899578125 0.38394188281249997 0.2704396890625 0.35511760312499996 0.221753684375 0.4636176328125 0.28155691875 0.4913743984375
2 0.30832360312499996 0.592723346875 0.315637915625 0.5463562953125 0.28524839687500003 0.5380192546875 0.2488992734375 0.6779594703125 0.318944328125 0.6988717328125 0.34463438125 0.6016343328125 0.30832360312499996 0.592723346875
1 0.360448553125 0.51618175 0.36519920156249996 0.4718016578125 0.3347882859375 0.4653035046875 0.31003984375 0.5907857453124999 0.3792610125 0.6097245906250001 0.39548819687500003 0.525166771875 0.360448553125 0.51618175
8 0.4297553109375 0.5277650453125 0.44760668593749997 0.41279154062499995 0.38042918281250004 0.400165409375 0.36218619375 0.5124052578125 0.4297553109375 0.5277650453125
3 0.4684608 0.621986890625 0.4653000203125 0.5661229156250001 0.43268495625 0.56710370625 0.4301899359375 0.7087474296875 0.50897881875 0.705996140625 0.50919056875 0.6150205484375 0.4684608 0.621986890625
12 0.5075897859375 0.5342575515625 0.5013881359375 0.48500243281250005 0.4623425140625 0.49278950625 0.469774728125 0.61823508125 0.5435539687500001 0.6093438265625 0.5385848953125 0.5269393671875 0.5075897859375 0.5342575515625
5 0.57720680625 0.5191769734375 0.5641593609375 0.40324665625 0.4949981484375 0.415544225 0.5080348953125 0.5323939859375 0.57720680625 0.5191769734375
6 0.6951206546875001 0.64737593125 0.6670549765625 0.5121062703125 0.59269154375 0.5348138625 0.6198456078125 0.6756495453125 0.6951206546875001 0.64737593125
9 0.8374553062500001 0.45991582500000006 0.7823213703125 0.35838143906250003 0.7247245046875 0.39573244375 0.7785766093750001 0.498260309375 0.8374553062500001 0.45991582500000006
11 0.7798049484375 0.50186405 0.7544935015625 0.45739723281250005 0.7284652406250001 0.47453316250000005 0.7833745046875 0.5953758703124999 0.8448489625000001 0.5522860953125 0.810949840625 0.4816736515625 0.7798049484375 0.50186405
0 0.4900399375 0.210017146875 0.48723221250000004 0.123811521875 0.4300632984375 0.12438477031249999 0.42987294687500005 0.213521475 0.4900399375 0.210017146875