6 0.1912523578125 0.5338927499999999 0.20725538281250003 0.491704328125 0.1787022484375 0.47223577343749995 0.1281409453125 0.5905137218750001 0.190572678125 0.6340776296875 0.223098809375 0.5515421359375 0.1912523578125 0.5338927499999999
2 0.24984750781249998 0.48000299375 0.26335644999999996 0.4387192265625 0.238905834375 0.424789521875 0.19412196406249999 0.53207111875 0.2561682078125 0.568279471875 0.2853628 0.49491623437500004 0.24984750781249998 0.48000299375
9 0.314098715625 0.5097900328125 0.353518896875 0.405234721875 0.2942076640625 0.3727189328125 0.2522934015625 0.478178896875 0.314098715625 0.5097900328125
2 0.34746048906250004 0.6129304484375 0.351830565625 0.5669976921875 0.320793315625 0.5567063234375 0.2932768984375 0.6944207765625 0.3649236171875 0.7198388515625 0.3844778828125 0.624175771875 0.34746048906250004 0.6129304484375
1 0.39487466250000003 0.5396732078124999 0.39679884374999996 0.49556455 0.365857965625 0.48711206875 0.3490589609375 0.6111014203125 0.419752246875 0.634491790625 0.430620921875 0.5509111375 0.39487466250000003 0.5396732078124999
8 0.4651824609375 0.555708028125 0.4757321296875 0.44179311875 0.4074947015625 0.4248511796875 0.3963767625 0.536005290625 0.4651824609375 0.555708028125
3 0.51007084375 0.6524813578125 0.503318096875 0.59637309375 0.4706441484375 0.5952638375 0.477217371875 0.7368532734375 0.556124025 0.739150665625 0.5505061875 0.6481207875 0.51007084375 0.6524813578125
12 0.5437235515625 0.5671949296875 0.5343421265625 0.517505515625 0.4956498140625 0.5227953921874999 0.5111492328125 0.648810978125 0.58463405 0.644642684375 0.5743653531249999 0.5618582171875001 0.5437235515625 0.5671949296875
5 0.6126339562500001 0.5565658765625 0.5921081499999999 0.4397126828125 0.5234769015625 0.44758587031249997 0.544050890625 0.5653585078125001 0.6126339562500001 0.5565658765625
6 0.73920385625 0.6924192859375 0.7023643546875 0.555249584375 0.6291786171875 0.5732070734375 0.6654598109375 0.715888509375 0.73920385625 0.6924192859375
9 0.8700559890624999 0.5139436609375 0.80820919375 0.4087991953125 0.7527910640625 0.4424858359375 0.8134149109375001 0.54854235 0.8700559890624999 0.5139436609375
11 0.8148787890625 0.5522275203125 0.78662310625 0.506104953125 0.7615958859374999 0.5215851328125 0.8244545859375 0.64603791875 0.8833970000000001 0.6068568 0.8448459859374999 0.5340185921875 0.8148787890625 0.5522275203125
0 0.5053285140625 0.24158763906249997 0.4969856265625 0.1551377234375 0.43964005781250004 0.15204660625 0.4451615234375 0.24123759687500002 0.5053285140625 0.24158763906249997