6 0.19045318125 0.5001467609375 0.21137566406250002 0.461605865625 0.185081128125 0.437775734375 0.12072596875 0.5448695734375 0.17810326875 0.5979475515625 0.2202539984375 0.5227528734375 0.19045318125 0.5001467609375
2 0.2553445265625 0.45733365 0.2736667484375 0.41925740625 0.250830859375 0.4015306859375 0.1935359015625 0.4988490671875 0.2513843984375 0.5446733015625 0.2891340890625 0.47788270781250003 0.2553445265625 0.45733365
9 0.3161466828125 0.49725292187500003 0.36775865625000004 0.401696884375 0.31221592343750004 0.3599415890625 0.25800368906250004 0.45596227968749997 0.3161466828125 0.49725292187500003
2 0.337504909375 0.6036680796875 0.347226859375 0.5595110125 0.3173784046875 0.5442323250000001 0.27381149531250004 0.6741984765625 0.34252045937500003 0.711091696875 0.3732243109375 0.6208849734374999 0.337504909375 0.6036680796875
1 0.39346769843749996 0.5400456234375001 0.4005304859375 0.497259928125 0.3705642328125 0.48379467500000006 0.3393169484375 0.602149353125 0.40730837031249995 0.6369004390625 0.42791641875 0.5570414859375 0.39346769843749996 0.5400456234375001
8 0.46193031875 0.5675429656250001 0.4857527359375 0.45798334374999994 0.41946681874999997 0.42994767187500005 0.3953975390625 0.536713459375 0.46193031875 0.5675429656250001
3 0.4955605328125 0.66967406875 0.49534137031250003 0.613701165625 0.462786115625 0.6071212671875 0.45286844375 0.7466085062500001 0.5315328874999999 0.762125984375 0.536516834375 0.6722135328125 0.4955605328125 0.66967406875
12 0.53915864375 0.5919802703125 0.535562259375 0.5418386468749999 0.4962413 0.5405006140624999 0.49706681250000007 0.66626823125 0.5710608296874999 0.6745545515625 0.5704319546875001 0.59191843125 0.53915864375 0.5919802703125
5 0.6093293546874999 0.5931827875 0.6024085593749999 0.4755245421875 0.532838109375 0.47167554999999994 0.5397000046875 0.5902405125 0.6093293546874999 0.5931827875
6 0.7201151484375 0.7472474515624999 0.69924196875 0.6069890124999999 0.6239408984375 0.6122297859375 0.6436135562499999 0.7577811796875 0.7201151484375 0.7472474515624999
9 0.871799096875 0.594824715625 0.8221801203125001 0.48165972031250004 0.7628201703124999 0.505261809375 0.8111095640625001 0.619112490625 0.871799096875 0.594824715625
11 0.8121446484374999 0.6229603953125 0.7892524437499999 0.5731301515625 0.7624139624999999 0.584050025 0.8107960453124999 0.7162561015625 0.8743214375000001 0.6878768015625 0.8442425546875001 0.6102045015625001 0.8121446484374999 0.6229603953125
0 0.538679534375 0.2672917984375 0.5404040593749999 0.1813971953125 0.48340009687499996 0.1687305578125 0.47853395 0.256829571875 0.538679534375 0.2672917984375