6 0.1678975140625 0.4704152546875 0.1920561703125 0.43005825781249996 0.16760246875 0.408087675 0.0942295609375 0.5207006140625 0.1475018265625 0.569727184375 0.1959718734375 0.4908881015625 0.1678975140625 0.4704152546875
2 0.2365537453125 0.42241840625 0.258063540625 0.38272646093749996 0.23658363750000003 0.3666320640625 0.17109890625 0.4688756109375 0.22543729687499997 0.5105701703125 0.26880129531249997 0.440518925 0.2365537453125 0.42241840625
9 0.294340590625 0.45794890781250003 0.35397507031250003 0.3579100546875 0.3016192109375 0.3201329515625 0.239335871875 0.42083685624999995 0.294340590625 0.45794890781250003
2 0.3070863765625 0.5633630203125 0.3204579171875 0.5182084890625 0.2917366984375 0.5051095640625001 0.2373670328125 0.6391482671875 0.3033403421875 0.6710339140625 0.34154405312499997 0.5779651671875 0.3070863765625 0.5633630203125
1 0.3684788078125 0.495113840625 0.379068221875 0.4515408609375 0.3500804703125 0.4402749375 0.3090299703125 0.5616976515625 0.37445793125 0.5914831796875 0.4016786859375 0.5095902625 0.3684788078125 0.495113840625
8 0.4349728953125 0.5175673578125 0.4678492140625 0.40555562187499994 0.40358472343749996 0.38239514531249996 0.370688934375 0.4916154671875 0.4349728953125 0.5175673578125
3 0.4603909828125 0.6177393999999999 0.4647468015625 0.561455640625 0.43259659375000004 0.557312184375 0.41123513906250003 0.6983695765625 0.488952059375 0.7079975593750001 0.5013068359374999 0.617180109375 0.4603909828125 0.6177393999999999
12 0.5105186265625 0.5362765375 0.5110067218750001 0.486114928125 0.47163466718749997 0.4877583546875 0.46218184375 0.6141991203125 0.535800434375 0.6169086921875 0.54192463125 0.5338368499999999 0.5105186265625 0.5362765375
5 0.5808774203125 0.5321515171875 0.5835471296875 0.414330953125 0.5140074 0.4157483796875 0.5112044234375 0.5344854437500001 0.5808774203125 0.5321515171875
6 0.6795203328125 0.6786954109375001 0.670028315625 0.5392031140625 0.5939914749999999 0.550199153125 0.6018453640625 0.6951066421875 0.6795203328125 0.6786954109375001
9 0.8442841609375 0.513849359375 0.8037140921875 0.40379437500000004 0.7421823640625 0.43204727812500004 0.7813613687500001 0.5428930390625 0.8442841609375 0.513849359375
11 0.7820861031249999 0.5466847703125 0.763174171875 0.4983032828125 0.7353334359375 0.5113273890625 0.773104921875 0.6406289046875 0.8392096375 0.6072541671875 0.815357828125 0.5314140640625 0.7820861031249999 0.5466847703125
0 0.5365813671875 0.20972463437500002 0.545334953125 0.12319632968750001 0.48913385624999994 0.11478917968749999 0.477045609375 0.2037736265625 0.5365813671875 0.20972463437500002