6 0.1655075078125 0.5582264234375 0.1814886015625 0.5157807578125 0.1529745984375 0.49661222968749996 0.1024825859375 0.61567774375 0.164828759375 0.658587309375 0.197310315625 0.57553435625 0.1655075078125 0.5582264234375
2 0.22402235468749998 0.503563525 0.237512784375 0.4620530921875 0.2130956765625 0.44838490625 0.16837318125 0.5563682984375 0.23033439375000003 0.5919144625 0.259488975 0.518087975 0.22402235468749998 0.503563525
9 0.288185509375 0.5326519078125 0.3275516671875 0.42746186875000003 0.2683217171875 0.3955825984375 0.226464896875 0.50170786875 0.288185509375 0.5326519078125
2 0.3215015609375 0.63557665 0.3258656484375 0.589515909375 0.2948709328125 0.579568909375 0.2673922265625 0.7178350250000001 0.33894075625000003 0.74246094375 0.3584682234375 0.6464095265625 0.3215015609375 0.63557665
1 0.3688507546875 0.5616440484375 0.3707723 0.517438965625 0.339873825 0.5093328171875 0.32309784218750004 0.633725928125 0.39369424531249997 0.65633185 0.404548025 0.572484328125 0.3688507546875 0.5616440484375
8 0.43906219843749994 0.5768865703125 0.4495974109375 0.46265761875000005 0.3814535 0.4464823328125 0.370350796875 0.557952475 0.43906219843749994 0.5768865703125
3 0.48388906406250004 0.673299240625 0.47714557031249993 0.6171755203125 0.4445164015625 0.6164451078125001 0.45108061718750003 0.7581955078125 0.52987913125 0.7595773640625 0.52426899375 0.668460215625 0.48388906406250004 0.673299240625
12 0.5174956515625 0.5874776125000001 0.508127084375 0.537814140625 0.46948779687500003 0.5435637203125 0.484965975 0.6696101375 0.558350084375 0.66457863125 0.548095459375 0.58177491875 0.5174956515625 0.5874776125000001
5 0.5863116171875 0.5760278078125001 0.565813940625 0.459217721875 0.49727674843749997 0.46790378437499996 0.5178225421875 0.5856342953125 0.5863116171875 0.5760278078125001
6 0.7127080578125 0.7106344015625 0.67591904375 0.573663803125 0.6028336046875 0.5925041531249999 0.6390650765625 0.7350022390625 0.7127080578125 0.7106344015625
9 0.8433808624999999 0.530334696875 0.7816188265624999 0.425734440625 0.7262766453125 0.46012331093750003 0.786817409375 0.56565139375 0.8433808624999999 0.530334696875
11 0.78827928125 0.569325690625 0.7600623203125 0.5234549671875001 0.7350693984375 0.539252725 0.7978419546875 0.6631819078125 0.8567035890625 0.6232482765625 0.8182054093750001 0.5507370468749999 0.78827928125 0.569325690625
0 0.4791532328125 0.261771396875 0.4708217796875 0.175273646875 0.4135548 0.17284551406249998 0.41906869843749994 0.2621218125 0.4791532328125 0.261771396875