6 0.3401109265625 0.695965621875 0.36034926875 0.7177327796874999 0.3823486625 0.6829292546875 0.3614218234375 0.664571440625 0.3401109265625 0.695965621875
1 0.3509156140625 0.7086589937500001 0.3390147421875 0.695403121875 0.3506510890625 0.6788924484375001 0.3438342375 0.6715377218749999 0.31912948281250003 0.7040123484375 0.3401983375 0.7245124890625 0.3509156140625 0.7086589937500001
2 0.39729765 0.7555998625 0.4199130453125 0.77510634375 0.43970928750000005 0.732117334375 0.416184 0.7144955984375 0.39729765 0.7555998625
12 0.41078934218749996 0.76816699375 0.3968381140625 0.7559284500000001 0.4067934765625 0.7336637578125 0.397828534375 0.72548895 0.376105596875 0.7691824796875 0.40112557656250003 0.7901109890625 0.41078934218749996 0.76816699375
11 0.48747795937499994 0.8072370296875 0.469462728125 0.8019434140625 0.47268061875 0.7717062625 0.46207300625 0.7685206250000001 0.4540707234375 0.8217005296875 0.48584928281249995 0.830952525 0.48747795937499994 0.8072370296875
6 0.5044711093750001 0.7600817171875 0.47534445312500007 0.75162613125 0.47029324062500005 0.8006763953125 0.499977165625 0.8106408 0.5044711093750001 0.7600817171875
5 0.5749432718749999 0.8215477890624999 0.5570716625000001 0.8242294156250001 0.552158334375 0.7962162765625 0.5400225328125 0.7964794328125 0.5479300640625 0.8486048765625 0.579731334375 0.8440408171874999 0.5749432718749999 0.8215477890624999
9 0.5765822734375 0.7711228359375 0.547785528125 0.7730897390625 0.5573540796875001 0.82268115 0.5862302078125 0.820096515625 0.5765822734375 0.7711228359375
4 0.6513249234375 0.7409023609375 0.6266504546875 0.7549555875 0.6524722671875 0.7988714031249999 0.6744856546875 0.7827942015625 0.6513249234375 0.7409023609375
2 0.6659316109375 0.7902570734375 0.6513760828125 0.7983089031249999 0.6362811796875001 0.7735371062499999 0.627328628125 0.7782557015625 0.6511810734375 0.8284040359375 0.677684503125 0.8118088875 0.6659316109375 0.7902570734375
12 0.7043453203125 0.6926684468750001 0.687565534375 0.7121837609375 0.72322386875 0.75164645 0.73904030625 0.73248339375 0.7043453203125 0.6926684468750001
5 0.73401295625 0.7397805796875 0.723984178125 0.7522247296875 0.7004481078125 0.7275425078125 0.6941215328125 0.7352077312499999 0.7304699718750001 0.7770939968749999 0.749132178125 0.7565692421875 0.73401295625 0.7397805796875
5 0.738272659375 0.6410335484374999 0.727318846875 0.6645731484375 0.766641071875 0.68851371875 0.7746956640625 0.664803328125 0.738272659375 0.6410335484374999
12 0.7723293906250001 0.6741244875 0.767065503125 0.689107778125 0.7436120265625 0.6754736640625 0.74094498125 0.6838879578125 0.7782962296875 0.7082281265625 0.7884546328125001 0.6850328953125 0.7723293906250001 0.6741244875
11 0.5400477078125 0.59907040625 0.5202911078125 0.5986146734375 0.5244381359375 0.634171121875 0.545516115625 0.6341034671875 0.5400477078125 0.59907040625