6 0.31298625 0.6856693328125 0.333647146875 0.7039569390625 0.3547398796875 0.665237046875 0.33347306875 0.6504866703125 0.31298625 0.6856693328125
1 0.3240415859375 0.6965075265625 0.3118815828125 0.6852967125 0.32308271093749996 0.6667188687500001 0.316122996875 0.6605361015625 0.2922819890625 0.6973935578125 0.3137402640625 0.714266403125 0.3240415859375 0.6965075265625
2 0.371323221875 0.7354672421874999 0.39429824999999996 0.75107444375 0.41300594999999996 0.7045345171874999 0.38916893125 0.6909750625 0.371323221875 0.7354672421874999
12 0.38505119374999996 0.7457103093749999 0.3708733171875 0.7358767234375 0.3802661703125 0.711824825 0.3711483328125 0.7051947109375 0.350538590625 0.7527767765625 0.37594120625 0.769389921875 0.38505119374999996 0.7457103093749999
11 0.46232670625 0.771495840625 0.44426436249999995 0.769331846875 0.44676210781250003 0.7384641890625 0.4361251515625 0.7371211578125 0.4293993875 0.7918185421875 0.46125904531249995 0.7955497421875 0.46232670625 0.771495840625
6 0.47814588281250003 0.7212689046875 0.44894546249999995 0.7178734640625 0.4450617421875 0.7679170875 0.4748523140625 0.772727621875 0.47814588281250003 0.7212689046875
5 0.5497546265625 0.7705859359375 0.5320216296875 0.7763904234375001 0.5264746796875001 0.7491699171875 0.5143966062499999 0.7515500921875 0.5234884 0.8024160124999999 0.555047871875 0.7922955218750001 0.5497546265625 0.7705859359375
9 0.5502085234375 0.7197595406249999 0.5215801250000001 0.7267529515625 0.532266675 0.77478935625 0.5609596828125001 0.76716295625 0.5502085234375 0.7197595406249999
4 0.6239274171875 0.6764350718750001 0.5996861640625 0.694823609375 0.6264242875 0.7343369265625 0.6479684828125001 0.71438385 0.6239274171875 0.6764350718750001
2 0.6396251578125 0.7233556109375 0.6253196203125 0.7339643062500001 0.6097101 0.7117681828125 0.60090584375 0.7180588734375 0.6258285890625 0.7641624453125 0.651831640625 0.7429071953124999 0.6396251578125 0.7233556109375
12 0.675595515625 0.618844103125 0.6593430078125 0.6413304640625 0.6957718015625 0.674665009375 0.7110732859375 0.6526997171875 0.675595515625 0.618844103125
5 0.7062377953125 0.6608903734375 0.696542390625 0.6751120203125 0.6725296734375 0.654477771875 0.6664090796875 0.663263890625 0.7035816703125 0.698907215625 0.721685009375 0.6750808187499999 0.7062377953125 0.6608903734375
5 0.7081722453125 0.561174078125 0.6978149734375 0.5866779328125 0.7375294218749999 0.603815809375 0.7449958031249999 0.57864638125 0.7081722453125 0.561174078125
12 0.742857371875 0.5884015765624999 0.7379659296875001 0.6043372125 0.7142935859375 0.5947619984375 0.71183446875 0.6036607015625 0.7495956546875 0.621542821875 0.7591689421875001 0.5965228375 0.742857371875 0.5884015765624999
11 0.5098093640625 0.5536840796875 0.4901260890625 0.556672746875 0.49508623749999997 0.5915874953125 0.5160730515624999 0.5878438 0.5098093640625 0.5536840796875