6 0.7179960734375 0.7312058578125 0.734205690625 0.7059940140625 0.6918805765625 0.679172903125 0.6753707796875 0.699020525 0.7179960734375 0.7312058578125
0 0.7227989218750001 0.7580269656249999 0.7423105 0.7344243890625 0.7276017718750001 0.718868146875 0.7182962500000001 0.7328151234375 0.6897793296875 0.711358234375 0.6819746984374999 0.7199409906249999 0.7227989218750001 0.7580269656249999
1 0.6504559953125 0.7762653203125 0.6768716703125001 0.7564177 0.6453529687499999 0.7177953031250001 0.6183369375 0.7328151234375 0.6504559953125 0.7762653203125
2 0.6663654359375 0.766609721875 0.65135653125 0.7778745890625001 0.63874905 0.762854765625 0.627642459375 0.7692918328125 0.6597615171875 0.8186426750000001 0.6897793296875 0.799331475 0.6663654359375 0.766609721875
6 0.57931378125 0.809523496875 0.613834265625 0.8009407421875 0.594022509375 0.75266274375 0.5613030953125 0.760709078125 0.57931378125 0.809523496875
7 0.5970242906250001 0.807377809375 0.5787134265625 0.8116691859375 0.5727098640625 0.7945036765625 0.5565002453125001 0.797722209375 0.5700082609375 0.8561922281250001 0.6081308812499999 0.84707305 0.5970242906250001 0.807377809375
5 0.5009672921874999 0.8186426750000001 0.5381893796874999 0.8202519421875 0.5357879546875 0.76714614375 0.499466403125 0.767682565625 0.5009672921874999 0.8186426750000001
10 0.5204788703125 0.8213247859375 0.500066759375 0.819179096875 0.498866046875 0.80308643125 0.482656428125 0.80308643125 0.47815375624999995 0.8620928734375 0.5186778015625 0.8637021390624999 0.5204788703125 0.8213247859375
5 0.32146077812499996 0.7467621 0.3586828640625 0.713503925 0.340372 0.6920470359374999 0.3037502703125 0.7220866796875 0.32146077812499996 0.7467621
6 0.309453653125 0.7333515453125 0.302249378125 0.7231595234375 0.31095454375 0.713503925 0.3037502703125 0.70277548125 0.2623256890625 0.7349608109375 0.2770344171875 0.7590998109375 0.309453653125 0.7333515453125
7 0.47395126249999997 0.6389412390625 0.506070321875 0.6400140828125 0.5072710328125 0.60461021875 0.4775534 0.6040737968750001 0.47395126249999997 0.6389412390625