6 0.6681633359375 0.6993045718750001 0.6509604453125 0.7186718078125 0.6924618015624999 0.7520974093749999 0.7095518359375 0.7273572171875 0.6681633359375 0.6993045718750001
0 0.7024983437500001 0.740039196875 0.69270578125 0.753715409375 0.664938153125 0.7314287625 0.6568338046875 0.739784428125 0.6963280375 0.779058265625 0.7166638359374999 0.75602341875 0.7024983437500001 0.740039196875
1 0.6202870046875 0.73657315625 0.5927464687499999 0.7508068906250001 0.6233482125 0.79519165625 0.6504569828125 0.7761126546875 0.6202870046875 0.73657315625
2 0.6121095750000001 0.7814404640625 0.600778196875 0.7875543625 0.631173884375 0.837839775 0.661866059375 0.819402003125 0.639594834375 0.7859989765625001 0.6241925515625 0.796827128125 0.6121095750000001 0.7814404640625
6 0.567738946875 0.7699470328125 0.5347385484375 0.7770413296875 0.5510445984375 0.82637980625 0.5858647984375 0.8188014953125 0.567738946875 0.7699470328125
7 0.544965184375 0.81116783125 0.528643171875 0.8139147124999999 0.54010936875 0.872777775 0.5785504390625 0.8647678515624999 0.5688300359375 0.8247494421875 0.5503693140625 0.8285080265625 0.544965184375 0.81116783125
5 0.5089986203125 0.78273598125 0.47265833749999997 0.782215553125 0.47237965937500004 0.833219334375 0.50954555 0.835911653125 0.5089986203125 0.78273598125
10 0.47082165 0.81760195 0.45461203125000005 0.8171302984375 0.448048809375 0.8760057265625001 0.48851665781250003 0.878794121875 0.4917975765625 0.8364691750000001 0.47146039531249995 0.833729553125 0.47082165 0.81760195
5 0.316205184375 0.70195085 0.27853444843749997 0.730924909375 0.2953832703125 0.756115653125 0.3337667578125 0.7239405296875 0.316205184375 0.70195085
6 0.2860384375 0.7225517781249999 0.279208809375 0.7116137109375 0.2366602921875 0.742593709375 0.2505260671875 0.7671606890625 0.283844453125 0.7423557265625 0.276996090625 0.7319540828125 0.2860384375 0.7225517781249999
7 0.486157578125 0.6193702984375 0.456458678125 0.61796918125 0.4516389421875 0.6527318125 0.4837205375 0.6547392249999999 0.486157578125 0.6193702984375