6 0.7363713546875 0.634425421875 0.72381521875 0.656841825 0.7716815671874999 0.6811400859375001 0.782949275 0.6534922843750001 0.7363713546875 0.634425421875
0 0.778840665625 0.6673196953125 0.772274675 0.6826730125 0.74026540625 0.666491546875 0.734181684375 0.676300665625 0.7813699749999999 0.7067236109375 0.7961819546875 0.680087403125 0.778840665625 0.6673196953125
1 0.6977802 0.6805475203125 0.6740010203125 0.7000334078125 0.7136242546875 0.7372517515625 0.7359192203125 0.71311495 0.6977802 0.6805475203125
2 0.6996314531250001 0.7260761203125 0.6899041296874999 0.7343452921875 0.73062000625 0.777375521875 0.756555696875 0.7531414734374999 0.7274774484375001 0.7249783296875 0.714807596875 0.7386804125 0.6996314531250001 0.7260761203125
6 0.6537718640625 0.7238052734375 0.623094178125 0.73741310625 0.6498402671875 0.7823652484375 0.6821893218749999 0.7679162640625 0.6537718640625 0.7238052734375
7 0.6405664453125001 0.7687182921875 0.6252261640625 0.7747036109375001 0.649333471875 0.8299481109375 0.685124584375 0.8143451734375 0.6668547921875 0.7771759703125001 0.6496473609375 0.7845829281250001 0.6405664453125001 0.7687182921875
5 0.5992012828125 0.748184678125 0.5635915687499999 0.7550211625000001 0.574503596875 0.8049540515625001 0.6113959859375 0.800074578125 0.5992012828125 0.748184678125
10 0.5695571859374999 0.789996740625 0.5536209171875 0.7928119406249999 0.5601205921875 0.85171279375 0.6002592546875001 0.8462598546875 0.5941827984375 0.8042071515625 0.57371758125 0.8056388046875 0.5695571859374999 0.789996740625
5 0.3931743671875 0.7081540203125 0.36273274375 0.744102065625 0.3847138203125 0.7653304484375 0.41514968906250005 0.7261080171875001 0.3931743671875 0.7081540203125
6 0.3682262328125 0.7343972171875001 0.3591568265625 0.7250813515625001 0.32439066875 0.7639769421875 0.3433212546875 0.7851983031249999 0.3704259 0.75420695 0.361455825 0.7454194390625 0.3682262328125 0.7343972171875001
7 0.5410679468749999 0.5930463203125 0.5117521265625 0.597679165625 0.51466725 0.632647725 0.5464433328125 0.628126165625 0.5410679468749999 0.5930463203125