6 0.68766948125 0.7070060890625001 0.66981268125 0.7250219828125 0.7100951421875 0.7614921125 0.7280266937500001 0.7381091859375 0.68766948125 0.7070060890625001
0 0.713015790625 0.7886724640625 0.7341294875 0.7672354359375 0.7205396671875001 0.750224340625 0.7102823593750001 0.7631241890625 0.68332755625 0.7388003078125001 0.67494195625 0.746521415625 0.713015790625 0.7886724640625
1 0.63855356875 0.7405585609374999 0.610551353125 0.752674003125 0.6395656578125 0.799250625 0.667305709375 0.7822703343749999 0.63855356875 0.7405585609374999
2 0.6561124031250001 0.7913097 0.6403518625 0.8009454671875 0.6288210656250001 0.78468760625 0.617290746875 0.7899292546875001 0.6458933796874999 0.8423750906249999 0.67718991875 0.8263049499999999 0.6561124031250001 0.7913097
6 0.5849077484375 0.769873965625 0.5517016953125 0.7744568093749999 0.56626560625 0.8248941296875 0.6013060390625 0.8199660124999999 0.5849077484375 0.769873965625
7 0.5840853609375001 0.8246114046875 0.5655169234375 0.8269656234375 0.560724659375 0.809263909375 0.544327515625 0.810770675 0.553725396875 0.870341434375 0.5923971640625 0.8652563359375 0.5840853609375001 0.8246114046875
5 0.5257957359375001 0.7781921234375 0.48951971875 0.7749284734375 0.48746183906249996 0.8257740468750001 0.5244866375 0.831266103125 0.5257957359375001 0.7781921234375
10 0.50674173125 0.8304816984375 0.48652593906249997 0.826213465625 0.48645070781250005 0.8100809921875 0.47027811249999996 0.8083863671874999 0.46166901562499996 0.866607775 0.50198823125 0.8724450312500001 0.50674173125 0.8304816984375
5 0.33606555781249997 0.683063396875 0.2974316921875 0.709114434375 0.31338021562499996 0.735509953125 0.35283761406249997 0.7063202921875 0.33606555781249997 0.683063396875
6 0.30233613125000003 0.7209155546875 0.2958593796875 0.7100246546875 0.3052183046875 0.7013305640625 0.2987789796875 0.6899061 0.255203534375 0.7175892828125 0.26819455937500003 0.7431374187500001 0.30233613125000003 0.7209155546875
7 0.50868360625 0.6135406796875 0.4790712734375 0.6099003015625 0.4730447625 0.6442054359375 0.5050156125 0.6486304328125 0.50868360625 0.6135406796875