6 0.6987226953125 0.6177124515625 0.6848754687499999 0.6404363453124999 0.7312799234375 0.6636367375 0.7441443125 0.6357078953124999 0.6987226953125 0.6177124515625
0 0.739235609375 0.6496403203125001 0.7317832656250001 0.66515689375 0.70074768125 0.64970964375 0.6940995937500001 0.6596670359375 0.739470440625 0.6890120468750001 0.7558166640625 0.6620129734375 0.739235609375 0.6496403203125001
1 0.65748805 0.6647641921874999 0.6325996265625 0.6848168593749999 0.6700178453125 0.7211379859375 0.6936940828125 0.6964658078125 0.65748805 0.6647641921874999
2 0.656689275 0.7102805359375 0.6464908546875 0.7187817625 0.6846625625 0.7608932734375 0.7119814843750001 0.7360390265625 0.6845708515625 0.7085337468749999 0.671116890625 0.722540065625 0.656689275 0.7102805359375
6 0.6110083296875 0.7090757625 0.579570296875 0.7234069890625 0.6036746109375 0.76776693125 0.6368312406250001 0.752555075 0.6110083296875 0.7090757625
7 0.5952039734375 0.754326625 0.5795311328125 0.7606731203125 0.600400696875 0.8153938234375 0.637063009375 0.7989471 0.6209736953125 0.762178040625 0.6033529109375 0.769990603125 0.5952039734375 0.754326625
5 0.5550751359375 0.7347420828125 0.519103934375 0.742412190625 0.5271005625 0.792124871875 0.5642393078125 0.7863832390625001 0.5550751359375 0.7347420828125
10 0.5230291578124999 0.7772725828125 0.5069453234375 0.7804606859375001 0.5100124578125 0.8392501234375 0.5504275390625 0.8328590640625 0.5468032265625 0.7909193343750001 0.526275515625 0.7928283875 0.5230291578124999 0.7772725828125
5 0.3515857546875 0.6994806140625001 0.31908413750000003 0.736161690625 0.33980815781249996 0.7568927328124999 0.3724944796875 0.7169351875000001 0.3515857546875 0.6994806140625001
6 0.32513652656250003 0.726322378125 0.3166181828125 0.7172113390625 0.279624978125 0.75694263125 0.2973020140625 0.777737665625 0.3261817375 0.746094321875 0.317731890625 0.7375096828125 0.32513652656250003 0.726322378125
7 0.50602436875 0.58085198125 0.4764688421875 0.5861704375000001 0.47734707812500005 0.6210948187499999 0.5093538953125 0.61583045 0.50602436875 0.58085198125