6 0.683182271875 0.7081659734375 0.6666699609375 0.7275460015624999 0.7093017484375 0.7609936828125 0.7255138343749999 0.73623715 0.683182271875 0.7081659734375
0 0.7141053281249999 0.7879723484375 0.7336198781250001 0.7649222859375 0.718908909375 0.74892750625 0.70960196875 0.762612753125 0.6810807062500001 0.740311384375 0.6732748859375 0.74867256875 0.7141053281249999 0.7879723484375
1 0.6366475781250001 0.7454591765624999 0.6096274312500001 0.7597023125 0.64175138125 0.804116396875 0.6681710796875 0.785024790625 0.6366475781250001 0.7454591765624999
2 0.6576632453125 0.7949176437500001 0.6426520546875001 0.8057529484374999 0.6300426531250001 0.790356121875 0.6189343703125 0.7964740578125 0.6510583203125 0.8467926859375 0.6810807062500001 0.8283427359375001 0.6576632453125 0.7949176437500001
6 0.5853093 0.778855096875 0.5525849015625 0.78595408125 0.57059833125 0.8353251484375 0.6051240734375 0.8277418296875 0.5853093 0.778855096875
7 0.5883115375 0.8336937078125001 0.569997884375 0.8374547734375 0.56399340625 0.8201031234375 0.5477813203124999 0.8228518203125 0.5612913921875 0.8817537640625 0.5994198203125001 0.87373855 0.5883115375 0.8336937078125001
5 0.5270658734375 0.79165249375 0.4907387890625 0.7911317234374999 0.49223990781250004 0.84216919375 0.5294676640625 0.8448632921874999 0.5270658734375 0.79165249375
10 0.5117544578125 0.8454211796875001 0.49133923749999997 0.84267975 0.49013834218749996 0.82654149375 0.47392625468749994 0.8260695296874999 0.46942289531250003 0.8849838484375001 0.5099531140625 0.8877740859375001 0.5117544578125 0.8454211796875001
5 0.3316201515625 0.710814 0.29499284375 0.7398071984375 0.3127060484375 0.76501458125 0.34993380625000003 0.7328182046875 0.3316201515625 0.710814
6 0.3006970953125 0.751245565625 0.29349172343749996 0.74083705 0.3021982140625 0.731428534375 0.29499284375 0.7204832437500001 0.253561953125 0.7514837046875 0.2682729203125 0.7760669124999999 0.3006970953125 0.751245565625
7 0.49854460781250004 0.6281788984375 0.46882244687499997 0.6267768578124999 0.4652197625 0.66156245 0.4973437140625 0.6635711890625 0.49854460781250004 0.6281788984375