6 0.7243527796875 0.709713396875 0.7096266703125 0.72949810625 0.754922490625 0.761985840625 0.7688815734375 0.7368261609375 0.7243527796875 0.709713396875
0 0.7634215109375 0.7496834078125 0.75536205 0.76359955625 0.7250650984375 0.74194048125 0.7180339203125 0.75049215625 0.76204901875 0.7888799375 0.77943984375 0.7653514671874999 0.7634215109375 0.7496834078125
1 0.6813421859375 0.748129453125 0.6557224140625 0.7630170328125 0.691527996875 0.80672730625 0.716128303125 0.7870003265625 0.6813421859375 0.748129453125
2 0.678688971875 0.7932260296875 0.66817926875 0.7996091703125 0.7044994390625 0.8492299875 0.73273714375 0.8300613203125 0.7065445031250001 0.797148221875 0.6925659937499999 0.8083445234375001 0.678688971875 0.7932260296875
6 0.6332166359375 0.7827562593749999 0.601303571875 0.79062541875 0.6235137078124999 0.8396266953125 0.6571753015625 0.8312307109375 0.6332166359375 0.7827562593749999
7 0.61562105 0.8245431890624999 0.5997439546875001 0.827672659375 0.618307875 0.8863194953125 0.655513303125 0.8774071812500001 0.64098045625 0.8375806171875 0.623102396875 0.841772484375 0.61562105 0.8245431890624999
5 0.5764313999999999 0.7969245921875 0.5402727875 0.7972502453125 0.54621305 0.8483046015625 0.5834564421875 0.8501334828125 0.5764313999999999 0.7969245921875
10 0.5427618828125 0.8327100109375 0.5266041046875001 0.8326155500000001 0.527261715625 0.8916947499999999 0.5677965046875 0.893542871875 0.5658961328125 0.8511049171874999 0.545362178125 0.848836675 0.5427618828125 0.8327100109375
5 0.37509109218750003 0.7205606812500001 0.3412062046875 0.7504373078125 0.3610119890625 0.7752573375 0.3952146265625 0.742160278125 0.37509109218750003 0.7205606812500001
6 0.34763894687499997 0.7418821375 0.339522096875 0.731093709375 0.301036840625 0.7630916328125 0.3178036640625 0.7873568484375 0.3478737453125 0.761754309375 0.339803675 0.7515032046875 0.34763894687499997 0.7418821375
7 0.533831103125 0.6339497859375001 0.5041617281249999 0.6332392812500001 0.5036118609375 0.66814423125 0.5357217624999999 0.6694060515625 0.533831103125 0.6339497859375001