9 0.146416146875 0.7282973968750001 0.09605440937500001 0.7028483999999999 0.0455179109375 0.8890465203125 0.1503446625 0.9479097828124999 0.18295235781250002 0.811108496875 0.13630435624999998 0.7869250562500001 0.146416146875 0.7282973968750001
6 0.269776603125 0.649784909375 0.1733511734375 0.61020205 0.139237140625 0.783702853125 0.2387882484375 0.8323250546875001 0.269776603125 0.649784909375
1 0.4599533078125 0.638238475 0.3624110796875 0.6420548484374999 0.3850456078125 0.8345815249999999 0.48558554374999996 0.82865956875 0.4599533078125 0.638238475
0 0.374438759375 0.7684243656249999 0.3169055 0.762734103125 0.32435485000000003 0.9713505078125 0.435642709375 0.9803488609375 0.4272675859375 0.8363049124999999 0.3874552609375 0.840249728125 0.374438759375 0.7684243656249999
12 0.5830016671875 0.80478659375 0.6848475546875 0.7855503046875 0.6266338250000001 0.6071669578125001 0.53632055625 0.62798794375 0.5830016671875 0.80478659375
3 0.6398856890625 0.7993106562500001 0.5857378078125001 0.8071262140625001 0.5650953171875 0.747243246875 0.5223483390625 0.7633219421875 0.5703947109375 0.9546579234375001 0.6754998734375001 0.9288708546875 0.6398856890625 0.7993106562500001
4 0.8303068874999999 0.6578111984375 0.7878158562500001 0.6961797390625 0.7482132734375 0.6321809609375 0.71777986875 0.6543321140625 0.8181525234375 0.82441055 0.8914034484375 0.7605622734375 0.8303068874999999 0.6578111984375
3 0.7875561624999999 0.6917132609375 0.8572881234375 0.6299492859375 0.76003740625 0.486733553125 0.6899827000000001 0.5340027484375 0.7875561624999999 0.6917132609375
5 0.9195593171875001 0.4776492375 0.9492230015625 0.39754024062500004 0.8338487078125001 0.30037148125 0.7903095453125 0.36543251250000003 0.9195593171875001 0.4776492375
2 0.8239185859375 0.4247307703125 0.9568152984375 0.5460081109375 0.9869371906250001 0.4558920875 0.9432887671874999 0.42069138281249996 0.921644353125 0.47773434375 0.8344773546875001 0.409566175 0.8239185859375 0.4247307703125
9 0.9963585734375 0.5821552265625 0.9769440140625001 0.5702230765625 0.9729836859375001 0.502109271875 0.9598130062499999 0.54390253125 0.86854273125 0.46776909062499994 0.85987235625 0.4885806125 0.9841692328124999 0.6050510546875 0.9963585734375 0.5821552265625
0 0.3143771109375 0.04152046875 0.23442971250000003 0.0349153234375 0.2392265625 0.153191909375 0.324323496875 0.1499815203125 0.3143771109375 0.04152046875