9 0 0.8950974468749999 0.0717067453125 0.9339412921875001 0.11723106718750001 0.7953632515625 0.07262153437499999 0.773314203125 0.0882508375 0.714105540625 0.0400282984375 0.690962084375 0 0.8019226265625001 0 0.8950974468749999
6 0.21951333125 0.6296847062500001 0.12633062343749998 0.5945331015625 0.075868671875 0.7699490250000001 0.171348246875 0.8140107000000001 0.21951333125 0.6296847062500001
1 0.41165600468749997 0.60923261875 0.313301909375 0.617612828125 0.31807847499999997 0.8094388171875 0.419640746875 0.7988090859375 0.41165600468749997 0.60923261875
0 0.313594865625 0.74365459375 0.2563237046875 0.7406415015625 0.2443428828125 0.9492964171875 0.3553111578125 0.9531125406250001 0.360336940625 0.8091929656250001 0.3199705140625 0.8150049546875 0.313594865625 0.74365459375
12 0.5197395328125001 0.7703410046875 0.6238561546875 0.7463112625 0.58201449375 0.5703169156250001 0.48933651874999995 0.5953955375 0.5197395328125001 0.7703410046875
3 0.5774002874999999 0.7621975390625 0.522270159375 0.7725571390625 0.507118603125 0.7135275531249999 0.4626716578125 0.7316330015625 0.4930899046875 0.9210789531250001 0.6010922515625 0.8903340343749999 0.5774002874999999 0.7621975390625
4 0.7819138828125001 0.6115402359375001 0.7356443234375 0.6519648671875 0.70182810625 0.5896975828125 0.6691856796875 0.6133114984375 0.7541581515625 0.7790160562499999 0.8337087234375 0.7116275078125 0.7819138828125001 0.6115402359375001
3 0.7358001625 0.6475022453125 0.8116208515625001 0.582366253125 0.727278478125 0.4434283234375 0.6524859734375 0.49405775781249994 0.7358001625 0.6475022453125
5 0.8883933921875 0.42687497968750004 0.9256702656250001 0.345231796875 0.8188232109375001 0.2532728125 0.769010078125 0.320488353125 0.8883933921875 0.42687497968750004
2 0.7972433296875 0.37832640156249997 0.9194452234374999 0.49362006249999996 0.9581161515625001 0.40192990625 0.9175481812499999 0.36870305625 0.8904802296875 0.4268628375 0.809266371875 0.3626404484375 0.7972433296875 0.37832640156249997
9 0.955800559375 0.5279868515625 0.9374086140625 0.5169395625 0.939785146875 0.44888457031250006 0.9226534015625001 0.491370540625 0.8380602921875001 0.41935980781250004 0.8274075812499999 0.4406149328125 0.9414179640624999 0.551494534375 0.955800559375 0.5279868515625
0 0.3210764328125 0.0182097515625 0.2413717640625 0.0153271765625 0.2351552140625 0.13359881093749998 0.3209493234375 0.12640710156249998 0.3210764328125 0.0182097515625