4 0.5077795296875001 0.5130784078125 0.51294934375 0.45808105625 0.4551496640625 0.4509477859375 0.443441803125 0.504606446875 0.5077795296875001 0.5130784078125
6 0.2996162640625 0.5180015546875001 0.24283300156249998 0.4680399421875 0.19585958125 0.514960028125 0.25497324374999997 0.5698591640624999 0.2996162640625 0.5180015546875001
4 0.09038840000000001 0.5461653921875 0.062386898437500005 0.5101738375 0.0310928328125 0.5206432875 0.034338309375 0.5684429828125 0.09038840000000001 0.5461653921875
11 0.10982779218750001 0.6823893812499999 0.1831895515625 0.620017215625 0.13518378125 0.5910203296875001 0.059192445312499994 0.6447772078125 0.10982779218750001 0.6823893812499999
4 0.3491689453125 0.7477903453125 0.38904266718749997 0.668917334375 0.3237076828125 0.64818615 0.2802158953125 0.722099084375 0.3491689453125 0.7477903453125
7 0.29559445625 0.768887125 0.3162792625 0.7386450375 0.2819024625 0.7270253265625 0.30539875312500003 0.6760214984374999 0.27800437968749997 0.6632999171875 0.225598671875 0.738280896875 0.29559445625 0.768887125
3 0.53796570625 0.7608906203125 0.5324720078125 0.677550446875 0.46016336874999997 0.6738355781250001 0.45921874531249995 0.7570629765625 0.53796570625 0.7608906203125
5 0.5061905515625 0.7970593328125 0.5080047765625 0.7640383671875 0.4587743640625 0.7595035453125 0.45889325000000003 0.7056418953125 0.4315531265625 0.7014904937499999 0.42476853906249995 0.7919606578125 0.5061905515625 0.7970593328125
12 0.76215568125 0.74278225625 0.722838065625 0.662522171875 0.6519710640625 0.6686259531250001 0.687625140625 0.751270221875 0.76215568125 0.74278225625
11 0.7494960390625 0.7768374359375 0.7370007562499999 0.7496867093749999 0.6892119828125 0.7549705437500001 0.6628340296874999 0.699420615625 0.6359925359374999 0.701398825 0.672689346875 0.7889580609375 0.7494960390625 0.7768374359375
5 0.872295278125 0.6920718515625001 0.9146709203125001 0.659761340625 0.8366866796875 0.6020833265625 0.790049140625 0.6294224890625 0.872295278125 0.6920718515625001
0 0.881924828125 0.731414140625 0.92860784375 0.6967307218750001 0.8998715578125 0.67541640625 0.8737823953125 0.6945462499999999 0.8165092749999999 0.6543694640625 0.798091846875 0.6650644546875 0.881924828125 0.731414140625
7 0.876187815625 0.5660499390625 0.9675840328125 0.6068244093749999 0.98881294375 0.575367678125 0.898704390625 0.5346157609375 0.876187815625 0.5660499390625
2 1 0.596709578125 0.9827280515625001 0.587502853125 0.9696152546875 0.6080841640625 0.9084879140625001 0.5837541500000001 0.8993833140625 0.5982847859375 0.9943975937499999 0.644019334375 1 0.6352400874999999 1 0.596709578125