4 0.49791863437500006 0.48675515156250004 0.4972316046875 0.43081460156249995 0.43963701874999994 0.4340873375 0.43375339375 0.4898661578125 0.49791863437500006 0.48675515156250004
6 0.2937066421875 0.529161965625 0.23261720156250001 0.4894137578125 0.1913427265625 0.5448025328125 0.25524226875 0.5890697484375 0.2937066421875 0.529161965625
4 0.0908865453125 0.5950063671875 0.059570025000000006 0.564048803125 0.029890985937499996 0.5801555078125 0.038099121875 0.62738150625 0.0908865453125 0.5950063671875
11 0.1243008390625 0.7277605109375 0.18990668125000001 0.6521646296875 0.13964999375 0.631805334375 0.0705538546875 0.699257490625 0.1243008390625 0.7277605109375
4 0.366556265625 0.7500795453125 0.397494975 0.6640090953125 0.33106241875000003 0.65503770625 0.2960448203125 0.7367984515625 0.366556265625 0.7500795453125
7 0.31607968125 0.7808278421875 0.333249521875 0.7468544171875 0.2982205296875 0.7414221078125001 0.315976684375 0.6861760484375 0.28769927968750003 0.6783843421875 0.24402691875000002 0.762818440625 0.31607968125 0.7808278421875
3 0.5536127140625 0.72918738125 0.53946375625 0.6468177765625 0.46795834062499997 0.656122209375 0.47576337031250004 0.7395383203125 0.5536127140625 0.72918738125
5 0.5261574640625 0.771085721875 0.5244764609375 0.7377306953125 0.47558244062500005 0.74205945 0.47004700312500003 0.68816434375 0.4427223265625 0.6889349671875 0.44554382031250006 0.7806470265625001 0.5261574640625 0.771085721875
12 0.7722032953125 0.6707065765625 0.725111734375 0.597508196875 0.6560545609374999 0.616373890625 0.6997932312499999 0.6926166578124999 0.7722032953125 0.6707065765625
11 0.7633263593749999 0.7070489125 0.7481879859375 0.682142053125 0.7017422109375 0.696032075 0.6699699515625 0.6452194203125 0.64377893125 0.6520312406250001 0.68905891875 0.7330023140625 0.7633263593749999 0.7070489125
5 0.8752039625 0.6001527249999999 0.9134896843750001 0.5602046875 0.8307392984374999 0.5165558703124999 0.7877402953125 0.552298859375 0.8752039625 0.6001527249999999
0 0.88880329375 0.6377698890625 0.9310763015625 0.5946728109375 0.9005773828124999 0.578528078125 0.8769262109374999 0.602359903125 0.8163818375 0.572486915625 0.7993906484375 0.586500603125 0.88880329375 0.6377698890625
7 0.8658072562499999 0.4734017171875 0.959974428125 0.497728203125 0.9775519312500001 0.4624418859375 0.884653540625 0.4379060984375 0.8658072562499999 0.4734017171875
2 1 0.48490146718749993 0.9728409265625 0.47567544218749996 0.9621043359374999 0.498622490625 0.8994323328125 0.485293825 0.8920028328124999 0.5014671171875 0.9902488937499999 0.530103309375 1 0.5092991015624999 1 0.48490146718749993