12 0.060606971875000006 0.6060519453125 0.0955937796875 0.5736727984375001 0.0809218921875 0.5527503375 0.11873021718750001 0.5214985078125001 0.10462263281249999 0.5005661906250001 0.0284416796875 0.5619031109375 0.060606971875000006 0.6060519453125
12 0.11252287968750001 0.600438815625 0.1864466203125 0.536788128125 0.1548456328125 0.496159225 0.08487201562499999 0.5550345375 0.11252287968750001 0.600438815625
1 0.1723390359375 0.7182302171875 0.204504328125 0.6811939703125 0.1841894046875 0.6615466640625 0.2163546984375 0.6209806312499999 0.19321825937499998 0.6002060078125 0.126630465625 0.676671115625 0.1723390359375 0.7182302171875
3 0.23384810156250002 0.7030367734375 0.2925356515625 0.6196500765625 0.24513416875 0.5851801156249999 0.1875752265625 0.66031093125 0.23384810156250002 0.7030367734375
11 0.4076535359375 0.74941814375 0.4353044 0.6512777828125 0.3743596375 0.633516703125 0.343322953125 0.7258332203125 0.4076535359375 0.74941814375
7 0.354044715625 0.785652321875 0.3721024234375 0.74062630625 0.3421943453125 0.7282061234375 0.35799484062500003 0.6749833656249999 0.328651065625 0.664906515625 0.289714134375 0.76324399375 0.354044715625 0.785652321875
5 0.5831518796874999 0.7510593203125 0.5825875765624999 0.6487053781250001 0.5148711734375 0.6510646890625 0.5148711734375 0.7475455109375 0.5831518796874999 0.7510593203125
10 0.5385719140624999 0.798901759375 0.541957734375 0.75177880625 0.5143068703125 0.751085153125 0.5126139609375 0.6922849531249999 0.4776271515625 0.6905428296875 0.4685983 0.793064325 0.5385719140624999 0.798901759375
9 0.7513142796875 0.7092945984375 0.722534809375 0.6144930265624999 0.6582042265625 0.627382559375 0.6847264828124999 0.7245767453124999 0.7513142796875 0.7092945984375
2 0.7293064499999999 0.7696853453125 0.7185846859375 0.720455603125 0.6847264843749999 0.729283128125 0.6689259890625 0.6742591124999999 0.6401465187500001 0.6806447421875 0.6598971375 0.7814869875 0.7293064499999999 0.7696853453125
0 0.8902326 0.6103874703125001 0.8360594765625 0.53250175 0.7830149609375 0.5628430953125 0.8349308687500001 0.6442980234375 0.8902326 0.6103874703125001
4 0.8902325984375 0.665687453125 0.8665318578125 0.6284503499999999 0.8354951734375 0.6489945500000001 0.803894184375 0.60248266875 0.780757746875 0.6170059078125 0.8349308687500001 0.700774603125 0.8902325984375 0.665687453125
12 0.97149228125 0.48542569531249996 0.8981328453125 0.4337601796875 0.86427464375 0.4814153515625 0.9381983843749999 0.53189441875 0.97149228125 0.48542569531249996
12 0.9918072015625 0.540370865625 0.9551274828125 0.5139498078125 0.9387626875 0.534237753125 0.8975685421874999 0.50789554375 0.8812037437500001 0.52936008125 0.9573846984375001 0.5868592984375 0.9918072015625 0.540370865625
1 0.4986060671875 0.4666232953125 0.5002989796875 0.391291621875 0.44274003593750005 0.38994374062500003 0.439354215625 0.46765817031249995 0.4986060671875 0.4666232953125