12 0.0434248890625 0.6241251531249999 0.078390384375 0.59239578125 0.063727434375 0.5712428671875001 0.101512728125 0.540688659375 0.0874137375 0.5195357453125 0.0112791921875 0.5794690015625 0.0434248890625 0.6241251531249999
12 0.1376061421875 0.516010259375 0.06767515156250001 0.5735931921875 0.095309171875 0.61942450625 0.1691878796875 0.557140925 0.1376061421875 0.516010259375
1 0.1550888890625 0.73811585625 0.1872345875 0.7016858375 0.166932040625 0.6817080859375 0.19907773906249998 0.64175258125 0.17595539375 0.6205996671875 0.1094081625 0.695810028125 0.1550888890625 0.73811585625
3 0.227839678125 0.606497725 0.1703157984375 0.6805329234374999 0.21656048593750002 0.7240139125 0.275212284375 0.64175258125 0.227839678125 0.606497725
11 0.3569864265625 0.6570296859375 0.3259686484375 0.7486923125 0.3902600421875 0.7733707125 0.4178940625 0.675832275 0.3569864265625 0.6570296859375
7 0.3366838796875 0.8086255687499999 0.3547305875 0.7639694171875 0.324840728125 0.7510426375 0.3406315984375 0.698160353125 0.3113056984375 0.6875838953125 0.2723924859375 0.78512233125 0.3366838796875 0.8086255687499999
5 0.49741236562499996 0.6770074375 0.49741236562499996 0.7733707125 0.565651478125 0.7780713593749999 0.56508751875 0.675832275 0.49741236562499996 0.6770074375
10 0.52109866875 0.8250778359375 0.5244824265625 0.7780713593749999 0.4968484078125 0.7768961984375 0.495156528125 0.7181381046875 0.4601910328125 0.7157877796875 0.45116767968750005 0.8180268640625 0.52109866875 0.8250778359375
9 0.6406581046875 0.6558545234375 0.6671642046875 0.753392959375 0.7337114375 0.7392910171875 0.7049494984375 0.64410290625 0.6406581046875 0.6558545234375
2 0.7117170140625 0.7992242734375 0.70100178125 0.7498674750000001 0.6671642046875 0.7580936078125 0.6513733359375 0.702861 0.622611396875 0.708736809375 0.6423499828125 0.80980073125 0.7117170140625 0.7992242734375
0 0.7653928062500001 0.59357094375 0.8172770890625 0.675832275 0.8725451312500001 0.64292774375 0.818405009375 0.5641918968749999 0.7653928062500001 0.59357094375
4 0.8725451312500001 0.698160353125 0.8488588281249999 0.6605551703125 0.81784105 0.6805329234374999 0.7862593125 0.6335264484375001 0.76313696875 0.647628390625 0.8172770890625 0.732240046875 0.8725451312500001 0.698160353125
12 0.8466029890625 0.5136599359375 0.920481696875 0.565367059375 0.9537553125 0.5195357453125 0.880440565625 0.4666534609375 0.8466029890625 0.5136599359375
12 0.9740578578125 0.5747683546875 0.9374004843750001 0.5477396296875 0.9210456562499999 0.5677173828125001 0.8798766062500001 0.540688659375 0.8635217765625001 0.561841571875 0.9396563234374999 0.6205996671875 0.9740578578125 0.5747683546875
1 0.42532516875 0.4149463375 0.42194141093750004 0.49250702031250004 0.48115716875 0.49250702031250004 0.4828490484375 0.4172966609375 0.42532516875 0.4149463375