12 0 0.63626769375 0.015007078125 0.6556718609375001 0.0496596546875 0.621580709375 0.0347263125 0.6015021593750001 0.07221697031249999 0.5683866109375 0.0578485046875 0.5482687203125 0 0.59810773125 0 0.63626769375
12 0.0669209859375 0.6473633999999999 0.1401939734375 0.5800780203125 0.10808147812499999 0.5412505765625 0.0387078453125 0.6035713796875 0.0669209859375 0.6473633999999999
1 0.12818130625 0.7615956015625 0.159954709375 0.723011953125 0.1393862921875 0.7044990999999999 0.171118609375 0.6623985546875 0.1477121078125 0.6429101015625001 0.0819331875 0.7225793546875 0.12818130625 0.7615956015625
3 0.189588553125 0.7432399671875001 0.2473770171875 0.657087678125 0.19951644531249998 0.625223246875 0.14276185937500002 0.7030907609375 0.189588553125 0.7432399671875001
11 0.3641459546875 0.7803598671875001 0.39068812343750003 0.6811313765625 0.3294622515625 0.6666232921875 0.2994623375 0.7602263234375 0.3641459546875 0.7803598671875001
7 0.310893521875 0.8192661296875 0.328449125 0.7734598828125 0.298359975 0.7626496031250001 0.31356019375 0.708794621875 0.2840633140625 0.7002896 0.24622360312499997 0.8003048859374999 0.310893521875 0.8192661296875
5 0.53987751875 0.7728143765625 0.5381210484375 0.67086368125 0.47034949218750005 0.6767567609375 0.47147260312499994 0.7728853 0.53987751875 0.7728143765625
10 0.4958000875 0.82281419375 0.498641490625 0.775686184375 0.4709488171875 0.7764415375 0.4685693609375 0.7179445953125 0.4335195875 0.7180390640625001 0.4256731484375 0.8206585375 0.4958000875 0.82281419375
9 0.7077589109375 0.72240523125 0.6778407640624999 0.629455325 0.613581740625 0.64566305625 0.6412677718750001 0.741114921875 0.7077589109375 0.72240523125
2 0.686427228125 0.7837267453125001 0.6751193093750001 0.735237634375 0.6413225578125 0.74580411875 0.6248622625 0.6918075703125 0.5961220140625 0.6996753984375 0.6170706109374999 0.7991162390625 0.686427228125 0.7837267453125001
0 0.8456953625000001 0.6165921437499999 0.79054949375 0.5418247171874999 0.7377934578125 0.5748301437500001 0.79072090625 0.653271825 0.8456953625000001 0.6165921437499999
4 0.846339096875 0.671690209375 0.8221759703125 0.6358289046875 0.7913405703125 0.6579216828125001 0.7591595921875001 0.61323274375 0.7361639890625 0.6289132687500001 0.7913783375000001 0.709542190625 0.846339096875 0.671690209375
12 0.925599534375 0.4878357859375 0.8515491687500001 0.4401964984375 0.8182043999999999 0.48944885937500004 0.892805946875 0.5358765078125 0.925599534375 0.4878357859375
12 0.94657884375 0.54151761875 0.9095468125 0.5171118234375001 0.8933982171875 0.538181765625 0.8518471703125 0.514090690625 0.8357122703125001 0.53633293125 0.9126555046875 0.5896370171875 0.94657884375 0.54151761875
1 0.45191749843749995 0.49383968281249996 0.45273555625000006 0.4186945125 0.3950906984375 0.4203625765625 0.39260540312500003 0.4979703640625 0.45191749843749995 0.49383968281249996