2 0.227975846875 0.7913722109375 0.183191921875 0.8377534109375 0.21292474687500001 0.8599935750000001 0.2577786390625 0.809735365625 0.227975846875 0.7913722109375
1 0.1919354625 0.8473282843750001 0.18219129218750002 0.8396061109374999 0.192740553125 0.82616341875 0.1764319 0.8137320109375 0.1233549125 0.859072928125 0.15140420937500002 0.8858355078125 0.1919354625 0.8473282843750001
10 0.280484534375 0.8445177015625 0.24467178125000003 0.8995838671874999 0.28140422656249997 0.91916953125 0.3200362796875 0.8602886281250001 0.280484534375 0.8445177015625
5 0.199689925 0.9318101046875 0.24155587031249998 0.9550070421875001 0.26768245625 0.9141276890625001 0.244784403125 0.9017175156249999 0.2569745375 0.8777417515625 0.24650241875 0.8718358328125 0.199689925 0.9318101046875
10 0.345081871875 0.9185875328125 0.39274887812500003 0.9268277078124999 0.40948111562499995 0.858841128125 0.3644033859375 0.8528333203124999 0.345081871875 0.9185875328125
9 0.309296428125 0.9637660312499999 0.3623945359375 0.970850565625 0.3748443984375 0.9257828296874999 0.34601253593750003 0.9206118421875 0.35054506875 0.8972298234375 0.33602777968750003 0.89272405 0.309296428125 0.9637660312499999
1 0.4612345453125 0.9236905390624999 0.5135217875 0.9154128140625 0.50334866875 0.852741259375 0.45519669531250007 0.8613257624999999 0.4612345453125 0.9236905390624999
4 0.4389657609375 0.9752275156250001 0.493909853125 0.9704623437500001 0.49316078281250003 0.9198531453125 0.4621201609375 0.9248613953125 0.457949415625 0.9030723625 0.43908935624999995 0.9047336421875001 0.4389657609375 0.9752275156250001
4 0.56597626875 0.8894933953124999 0.6090920109375 0.8635329359374999 0.5751232625 0.8130663515625001 0.534691675 0.8326516984375001 0.56597626875 0.8894933953124999
2 0.5672256515625 0.9391762437500001 0.6126603828125 0.9103274000000001 0.5894992203125 0.8773248703125001 0.567112040625 0.8902010718750001 0.5524442609375 0.8672365937500001 0.5317156953125 0.88032085 0.5672256515625 0.9391762437500001
7 0.6795683765625 0.8304776453124999 0.66379073125 0.8489165421875 0.64226086875 0.8260097406250001 0.6287121140624999 0.83985333125 0.6726775843749999 0.8924217171875 0.7118205140625 0.8588271859375001 0.6795683765625 0.8304776453124999
1 0.664840203125 0.7907613796875 0.6466309484375 0.809955015625 0.624895978125 0.7883648484375 0.6146419234375 0.802197821875 0.6636781093749999 0.8467828953125001 0.69382255625 0.81439106875 0.664840203125 0.7907613796875
4 0.626053284375 0.7426577296875 0.5968668140625 0.7671861984375 0.64538255625 0.8071136890625 0.6750041625 0.7752214859375 0.626053284375 0.7426577296875
0 0.7828259046875 0.76295915625 0.717561590625 0.728278390625 0.69773159375 0.7635890265625 0.762588084375 0.7957458609375 0.7828259046875 0.76295915625
7 0.46201455625000004 0.6627341328125 0.42347639062500003 0.66616603125 0.42209384375000003 0.707605853125 0.4631086625 0.704272675 0.46201455625000004 0.6627341328125