2 0.31117401093749997 0.8292769765625 0.27306599375 0.875154278125 0.3060764109375 0.8977506109375 0.34369086875 0.847995534375 0.31117401093749997 0.8292769765625
1 0.2809439609375 0.86367103125 0.26280372343749997 0.85104416875 0.21623903281249998 0.8957839515625 0.24822086250000003 0.9228848875000001 0.2832145515625 0.8848351265625001 0.27233321093749996 0.876996053125 0.2809439609375 0.86367103125
10 0.3714872109375 0.8830571171875 0.34362635468749997 0.9377276562500001 0.38326093437500003 0.9577501171874999 0.413390728125 0.8992962 0.3714872109375 0.8830571171875
5 0.3687857125 0.9525460328124999 0.3440493265625 0.9398634859375001 0.3527721328125 0.91602025625 0.34142579687499996 0.9099896796875001 0.303262303125 0.9694419125 0.348563046875 0.9931370484375 0.3687857125 0.9525460328124999
10 0.446949025 0.9579112515625001 0.49588511718749995 0.966711246875 0.5027586453125 0.898892284375 0.45674023124999996 0.8923557921875 0.446949025 0.9579112515625001
9 0.47325427343750004 1 0.47780200937500006 0.9654569296875 0.44817536718750006 0.9599472515624999 0.449315459375 0.9366086140625001 0.43412146093750004 0.931931528125 0.41830329062500005 1 0.47325427343750004 1
1 0.564016940625 0.9643723015625 0.61517884375 0.9567016 0.595879540625 0.8938857359375 0.5489036765625 0.901911615625 0.564016940625 0.9643723015625
4 0.6016921921875 1 0.59543296875 0.96090605 0.5650740953125 0.9655539718749999 0.5577295015625 0.9437073671875 0.5390828015625 0.9451491531249999 0.546957490625 1 0.6016921921875 1
4 0.6639435390624999 0.9313839671874999 0.7033495890625 0.9059162562499999 0.661993453125 0.85503255 0.6243487734375 0.8741538828125 0.6639435390624999 0.9313839671874999
2 0.68573258125 0.9194850875 0.6651838859375 0.932105190625 0.64715570625 0.9089601187499999 0.6282983468750001 0.9218077265625 0.6724175296875 0.9811016546875001 0.713726125 0.952771453125 0.68573258125 0.9194850875
7 0.73111295 0.8687649765625001 0.719556509375 0.8824560437500001 0.7712298421875 0.935559109375 0.8055473296875 0.9024078375 0.769125678125 0.8736702281250001 0.756005071875 0.8919324546875 0.73111295 0.8687649765625001
1 0.7082494359375 0.8309020203124999 0.699991071875 0.8446209281250001 0.7555821 0.8897966234375 0.78106251875 0.8577434984375 0.7486016875 0.8337658359375 0.7331555640625 0.852754721875 0.7082494359375 0.8309020203124999
4 0.7027637078125 0.785189778125 0.67709954375 0.8093875265625 0.7314922453125 0.8498976656250001 0.7565216765625 0.8183382609375001 0.7027637078125 0.785189778125
0 0.8627217093749999 0.8073296390625 0.7923181859375 0.77187284375 0.7775919421874999 0.806966378125 0.847220109375 0.839893453125 0.8627217093749999 0.8073296390625
7 0.526861059375 0.7033186171875 0.4887642875 0.706302021875 0.49340407343750003 0.7477425984375 0.53399555 0.7448868656250001 0.526861059375 0.7033186171875