2 0.21196545156250002 0.847546540625 0.2591752828125 0.8032449875 0.23052191562500002 0.7808791546875 0.18358497499999998 0.8213096984374999 0.21196545156250002 0.847546540625
1 0.19177165000000002 0.832062503125 0.1824934171875 0.823030146875 0.193681875 0.8109870062500001 0.178127190625 0.7963631921875 0.123003571875 0.8346431750000001 0.149473825 0.8651811390624999 0.19177165000000002 0.832062503125
10 0.27691308124999997 0.915934375 0.31839223906249997 0.8621703546875 0.2799148609375 0.8410948578124999 0.241437484375 0.89141798125 0.27691308124999997 0.915934375
5 0.1950463203125 0.9176548234374999 0.23543392187499998 0.9464723375 0.263541509375 0.9090525796875 0.241437484375 0.8935685421875 0.25480905625 0.8712027093750001 0.24471215468750002 0.8638908015625001 0.1950463203125 0.9176548234374999
10 0.40735411718750003 0.8726868 0.362873178125 0.8606436593750001 0.340223375 0.9238701468749999 0.3871603171875 0.9384939609374999 0.40735411718750003 0.8726868
9 0.302291775 0.9643006906249999 0.3546865015625 0.9784943921875 0.36942251875 0.9350530640624999 0.3410420421875 0.9260207078124999 0.346772715625 0.9032247625000001 0.3325824765625 0.8967730812499999 0.302291775 0.9643006906249999
1 0.5009551125 0.8791384828125001 0.4526537234375 0.8812890437500001 0.45538261562500004 0.9445155296875001 0.5077773421875 0.94322519375 0.5009551125 0.8791384828125001
4 0.4305496984375 0.9931182062499999 0.485400428125 0.995698878125 0.48731065156250003 0.94494564375 0.4562012828125 0.94580586875 0.453199503125 0.9234400359375 0.4343701484375 0.9225798109375001 0.4305496984375 0.9931182062499999
4 0.5743623062500001 0.84903063125 0.5331560375 0.8632243328125 0.561263625 0.924300259375 0.605471675 0.9040849874999999 0.5743623062500001 0.84903063125
2 0.559899178125 0.9741932703125 0.60656323125 0.9513973265625 0.585277875 0.9152679031250001 0.56235518125 0.9251604828125 0.5489836109375 0.9002139781249999 0.527698253125 0.9105366703125 0.559899178125 0.9741932703125
7 0.677241534375 0.8804288187499999 0.6605952937499999 0.8967730812499999 0.6404014921875001 0.8709663515624999 0.6262112546874999 0.883009490625 0.6671446343749999 0.941504746875 0.7078051249999999 0.9131173421875 0.677241534375 0.8804288187499999
1 0.66468863125 0.8387079390625001 0.6455863875000001 0.8554823140625001 0.625119696875 0.8309659203124999 0.6142041296875 0.843439171875 0.6605952937499999 0.8946225203125 0.692250440625 0.8662351171875 0.66468863125 0.8387079390625001
4 0.6444948312500001 0.8524715281249999 0.6756041984375 0.8245142375000001 0.62866725625 0.7853740296875 0.5983765562500001 0.806019415625 0.6444948312500001 0.8524715281249999
0 0.69879978125 0.81591199375 0.7615642968749999 0.8567726499999999 0.7833954328125 0.8266647984375 0.7203580281249999 0.7832234703125 0.69879978125 0.81591199375
7 0.42782080625 0.7230077671874999 0.4687541875 0.725158328125 0.46984574375 0.6834374484375 0.431368365625 0.6817169984375 0.42782080625 0.7230077671874999