2 0.1679051015625 0.73555194375 0.11498871718749999 0.772660703125 0.1387581515625 0.8008519890624999 0.19257234843749998 0.7598954140624999 0.1679051015625 0.73555194375
1 0.1266357203125 0.7630543140625 0.113647846875 0.7473595734375 0.052995523437500004 0.7817482078125 0.0741803328125 0.81410259375 0.121328403125 0.7839738921875 0.113631465625 0.7743030671875 0.1266357203125 0.7630543140625
10 0.20691084218750003 0.79915360625 0.16074326875 0.8467353078125001 0.191798953125 0.8737035921875 0.2414895296875 0.822894346875 0.20691084218750003 0.79915360625
5 0.179710453125 0.86589510625 0.1603942046875 0.848883575 0.1772299625 0.8274756375000001 0.1684452734375 0.8194662421875 0.1106696984375 0.8697036312499999 0.145878259375 0.9013115624999999 0.179710453125 0.86589510625
10 0.25303488281250003 0.8860532609374999 0.29701525625 0.9039401203124999 0.32763958125000003 0.8396137546875 0.2856658328125 0.8244763718750001 0.25303488281250003 0.8860532609374999
9 0.2800562546875 0.8992638718749999 0.25349431875 0.8882587140625 0.2628538859375 0.865887390625 0.2498870734375 0.8584513734374999 0.209011996875 0.9237910625 0.25845218281250004 0.94162950625 0.2800562546875 0.8992638718749999
1 0.3634128828125 0.91472074375 0.415366321875 0.9170916703125 0.419030896875 0.8525967890624999 0.37098033125 0.8513710984375 0.3634128828125 0.91472074375
4 0.3948745703125 0.9173806421874999 0.36401194375 0.916066890625 0.36467769843750003 0.893515240625 0.34622182343749996 0.8913406609375001 0.3309995578125 0.9615369296875 0.3847501875 0.9679462921875001 0.3948745703125 0.9173806421874999
4 0.471260078125 0.9019230625000001 0.5182002703124999 0.8848173890625001 0.4964132796875 0.8276487156250001 0.4534149625 0.8389489250000001 0.471260078125 0.9019230625000001
2 0.49644214375000006 0.8945777921875001 0.47219845156250007 0.902858615625 0.46304208124999996 0.87700469375 0.44034557812499997 0.8858295437500001 0.46181431875 0.95166753125 0.5115988875 0.932155496875 0.49644214375000006 0.8945777921875001
7 0.558071840625 0.8541740140625 0.5421030890625 0.8652130843749999 0.5730335796875 0.926505215625 0.6177967125 0.9009883234375 0.5929184656250001 0.8661997421875001 0.5738260875 0.8813637906249999 0.558071840625 0.8541740140625
1 0.5494724109375 0.8131487953125 0.5366678453125 0.8248462609375 0.5741751500000001 0.8792155234375001 0.6100447828125 0.8530695906249999 0.5872932859375 0.8236465296875 0.5657055953125 0.8390686734375 0.5494724109375 0.8131487953125
4 0.56037604375 0.767853353125 0.5271105390625 0.7863608390625 0.5651162843749999 0.8359848515625 0.6003771015625 0.81023045 0.56037604375 0.767853353125
0 0.7064805437499999 0.8199081703125 0.6512771125000001 0.7721098890625 0.6246808546875 0.8032576453125 0.6800336625 0.848458946875 0.7064805437499999 0.8199081703125
7 0.42007261875 0.6549315 0.3823523671875 0.65052515625 0.372146859375 0.6915240640625 0.4122228 0.6965316171875 0.42007261875 0.6549315