2 0.2346920703125 0.7721944078125 0.1875175171875 0.8126311109375 0.215746784375 0.8388719484375 0.2632167640625 0.7945636484375 0.2346920703125 0.7721944078125
1 0.1976749890625 0.8023068453125 0.18220459687499999 0.7876808046875 0.1268554609375 0.8259666187500001 0.153149384375 0.856509234375 0.1956420453125 0.8233855531250001 0.18641589375 0.8143518203125 0.1976749890625 0.8023068453125
10 0.28373718124999997 0.832419284375 0.24496506562499998 0.8827500718750001 0.2802998234375 0.9072701999999999 0.3220938921875 0.853497990625 0.28373718124999997 0.832419284375
5 0.2669676125 0.9003873578125001 0.244952553125 0.8849009609375 0.2584549296875 0.862531721875 0.2484000578125 0.8552187 0.1984188953125 0.9089909125 0.238640884375 0.937812815625 0.2669676125 0.9003873578125001
10 0.3435671609375 0.9152071828125001 0.3904214015625 0.9298332234375 0.410999103125 0.8640160375000001 0.3665859734375 0.8519710640625 0.3435671609375 0.9152071828125001
9 0.372702721875 0.926391803125 0.34437335625 0.9173580703124999 0.3502369515625 0.8945586515624999 0.336083528125 0.8881059890625 0.305398403125 0.9556438843749999 0.357713209375 0.9698397484375001 0.372702721875 0.926391803125
1 0.4586121296875 0.9358557093750001 0.5110170234375 0.9345651765625 0.5045673125000001 0.8704687046874999 0.456250959375 0.8726195921875 0.4586121296875 0.9358557093750001
4 0.49053928437499994 0.9362858890625001 0.45942333125 0.93714624375 0.4565515265625 0.9147770046874999 0.4377262203125 0.91391665 0.433495175 0.9844657890624999 0.4883336765625 0.9870468546875 0.49053928437499994 0.9362858890625001
4 0.56461613125 0.915637359375 0.608944040625 0.8954190093750001 0.5781534046875 0.8403562656249999 0.5368624625 0.8545521296875 0.56461613125 0.915637359375
2 0.5886841515625 0.9066036265624999 0.5657027375 0.9164977140625 0.5524756296875 0.8915474109374999 0.5311291312499999 0.901871675 0.56296133125 0.9655379703125 0.60976038125 0.9427385546875 0.5886841515625 0.9066036265624999
7 0.64406831875 0.862295328125 0.6298072921875 0.8743403015625001 0.67040241875 0.9328444687499999 0.7112301328124999 0.9044527390624999 0.6808551765625 0.8717592359375 0.6641129984374999 0.8881059890625 0.64406831875 0.862295328125
1 0.629018475 0.8222888046874999 0.6180297828125 0.8347639546875 0.6641255109374999 0.8859551 0.6959474265625001 0.857563371875 0.668544375 0.8300320015624999 0.649343565625 0.84680893125 0.629018475 0.8222888046874999
4 0.6328314734375 0.7766899671874999 0.60241911875 0.7973384984375 0.6482694703125 0.8437976875000001 0.6795430765625 0.8158361375000001 0.6328314734375 0.7766899671874999
0 0.7873272703125 0.8179870265625 0.7245394140625 0.77453908125 0.7027898859375 0.8072325843750001 0.76531985625 0.8480994640624999 0.7873272703125 0.8179870265625
7 0.47459497656250005 0.6747378578125 0.43612565625000005 0.6730171453125 0.43233767968750003 0.7143142046875 0.4732606296875 0.71646509375 0.47459497656250005 0.6747378578125