2 0.224225571875 0.8224963234375 0.18016287343749998 0.8666481703125 0.2103457703125 0.8905088203125 0.254410671875 0.842473375 0.224225571875 0.8224963234375
1 0.18909192187499999 0.8767076125000001 0.1791926578125 0.8684532203125 0.1895279390625 0.8555290093749999 0.17296834375 0.8422081390624999 0.12057748125000001 0.8848813859375 0.1491526359375 0.9131879984375001 0.18909192187499999 0.8767076125000001
10 0.2777720171875 0.8785403281249999 0.24285087500000002 0.9318713109375001 0.28000114531250003 0.9534380640625001 0.3176805125 0.896430321875 0.2777720171875 0.8785403281249999
5 0.19834190937500001 0.9618203296875001 0.2406993875 0.9872775375 0.2661631328125 0.9476621875 0.243001096875 0.9340165218750001 0.25479609999999997 0.9106175390625 0.24419921718749998 0.9041459765625 0.19834190937500001 0.9618203296875001
10 0.34379822187500003 0.9561989750000001 0.391706590625 0.9669645093750001 0.4072820703125 0.899676775 0.36200735 0.8912855109375 0.34379822187500003 0.9561989750000001
9 0.364556940625 1 0.37374736406250003 0.96497649375 0.3447662375 0.958277525 0.34889844999999997 0.9350716703125 0.3342726859375 0.929791496875 0.30873125625000003 0.9996175515625 0.310793115625 1 0.364556940625 1
1 0.46027672031250005 0.9674160140625 0.5125254109374999 0.9618625859375 0.5012338625 0.898490834375 0.45313422968749995 0.9045690421874999 0.46027672031250005 0.9674160140625
4 0.4933210984375 1 0.492200734375 0.9652452796875 0.46118464687499994 0.9686364812500001 0.45662376718750003 0.94657071875 0.4377544125 0.9472458359375 0.43858362968750003 1 0.4933210984375 1
4 0.564632678125 0.938629553125 0.607381478125 0.9148648859374999 0.572459634375 0.8624806250000001 0.5322887921875 0.8799942812499999 0.564632678125 0.938629553125
2 0.5667548250000001 0.9885095296875 0.6117767421875 0.961970628125 0.5879903765625001 0.92766428125 0.5657831578125 0.9393987546875 0.5506832875 0.915603115625 0.530141703125 0.9276333093750001 0.5667548250000001 0.9885095296875
7 0.677422328125 0.885423628125 0.6619355312499999 0.9030826640624999 0.63996061875 0.8789844484374999 0.6266267625 0.8921530796875 0.671602490625 0.9471697484374999 0.710236675 0.9155421453124999 0.677422328125 0.885423628125
1 0.6619685234375 0.8448286875000001 0.6440583875 0.86311675 0.6219010109374999 0.840327878125 0.6118683734375 0.8536589078124999 0.661785309375 0.9009374546875 0.6914237609375 0.8700431234374999 0.6619685234375 0.8448286875000001
4 0.622260090625 0.794560559375 0.593443834375 0.8176210328125 0.6427576859374999 0.8602023359375 0.6718809828125 0.8297814875 0.622260090625 0.794560559375
0 0.7797074312500001 0.82314966875 0.7137028125 0.7849493187500001 0.6944509328125 0.8193119187500001 0.7600026875 0.8549602359374999 0.7797074312500001 0.82314966875
7 0.4564875375 0.7058098312500001 0.41793103593750003 0.707226728125 0.4172715125 0.748703628125 0.458311440625 0.7475157890624999 0.4564875375 0.7058098312500001