2 0.2166298109375 0.7682530812499999 0.1685335609375 0.80952176875 0.196140809375 0.8352749953125 0.2446224484375 0.7901287625 0.2166298109375 0.7682530812499999
1 0.1789271265625 0.7990180359375 0.163803328125 0.78465916875 0.1075858609375 0.8239192765625001 0.13315845937499998 0.8540089500000001 0.1764045640625 0.820136525 0.16739235 0.811262065625 0.1789271265625 0.7990180359375
10 0.26425372812500003 0.827633759375 0.22432629375 0.8786518203125 0.2590761828125 0.902559909375 0.3021044171875 0.848046959375 0.26425372812500003 0.827633759375
5 0.24590953125 0.8959084765625001 0.224263740625 0.8808033640625 0.2382811078125 0.8581937999999999 0.22840047343749997 0.851054871875 0.1771884734375 0.9057107890625 0.21672351562499997 0.9338361859375001 0.24590953125 0.8959084765625001
10 0.3221331515625 0.9093937203125 0.3686280546875 0.92320455625 0.390728790625 0.857014665625 0.3466139546875 0.84574279375 0.3221331515625 0.9093937203125
9 0.35099664375 0.9200718437500001 0.322888975 0.9115309671875 0.3292806703125 0.888624525 0.31528313125 0.8824177000000001 0.28303904062499996 0.9505051468750001 0.33500230000000003 0.963790365625 0.35099664375 0.9200718437500001
1 0.4366509609375 0.928037509375 0.48906459843750005 0.9258316125 0.4841088625 0.8618347421875001 0.4357620875 0.8648297749999999 0.4366509609375 0.928037509375
4 0.46855514062500003 0.927910259375 0.43743180625000005 0.929314140625 0.43508163906249997 0.9069905046875 0.4162839984375 0.9064587046874999 0.41041317812500006 0.9770960625 0.46516935156250006 0.9787200531250001 0.46855514062500003 0.927910259375
4 0.5430823375 0.9059639921875 0.587862671875 0.884967471875 0.5583657078125001 0.8304312125 0.516761234375 0.8453509890625 0.5430823375 0.9059639921875
2 0.5673507734375 0.8965081453125 0.544148484375 0.906805546875 0.5315072765625 0.8820811468749999 0.50992923125 0.892780265625 0.5402671531250001 0.9559036390625 0.58757768125 0.9322823781249999 0.5673507734375 0.8965081453125
7 0.6237433875 0.851223715625 0.6092078984375 0.863520165625 0.648425296875 0.921327340625 0.6898970328125 0.892216903125 0.6602951046875 0.8600471687500001 0.6431793796874999 0.8766895968749999 0.6237433875 0.851223715625
1 0.609630503125 0.811471865625 0.5983560078125 0.8241414375 0.6432419328125001 0.874538053125 0.6757115265625 0.8455848765624999 0.648960184375 0.8185264296874999 0.6293768187500001 0.8356420546875001 0.609630503125 0.811471865625
4 0.6145029171874999 0.7657971796874999 0.583622478125 0.7869809734375 0.6283732234375 0.8326489562500001 0.6602847203125 0.80413561875 0.6145029171874999 0.7657971796874999
0 0.7679750953125 0.8044048 0.7062236578125 0.7620444390625 0.6837222703125 0.7951243781249999 0.74527598125 0.834907653125 0.7679750953125 0.8044048
7 0.4587028453125 0.66658750625 0.42028918437499996 0.6655382015625 0.4155418734375 0.7069097984375 0.45639815468749995 0.7083465203125 0.4587028453125 0.66658750625