2 0.5190614171875 0.590924540625 0.504450725 0.5896793734375 0.50987960625 0.682533525 0.5439848953124999 0.682074525 0.5411480921875 0.64112334375 0.5217441859374999 0.6369339859375 0.5190614171875 0.590924540625
3 0.54640118125 0.5473353984375 0.5170394359375 0.5465389296875001 0.52282605625 0.633476215625 0.5559761640625001 0.6381455093749999 0.54640118125 0.5473353984375
5 0.6331389015625 0.5035986390625 0.60598554375 0.5177435046875 0.6248575796875 0.6035368921875001 0.655102515625 0.5840769734375 0.6331389015625 0.5035986390625
3 0.6139596265625 0.5590864015625 0.6026665390625 0.5625960125 0.6248561796875001 0.65314418125 0.6534851484375 0.6371887203125 0.6431076203125 0.5960559265625001 0.6238527265625 0.6044655359375 0.6139596265625 0.5590864015625
9 0.6925332281250001 0.47150095625 0.68344853125 0.48995190781250003 0.71450549375 0.5662721281249999 0.7374681046875 0.53231441875 0.7232748703125 0.4940375828125 0.7096503328125 0.5128853921875 0.6925332281250001 0.47150095625
1 0.6895697390625 0.42887925156250006 0.6807657625 0.443942459375 0.70927026875 0.5078738203125 0.731608090625 0.4798563234375 0.7179849515625001 0.44909685 0.7069812390625 0.46351155312500003 0.6895697390625 0.42887925156250006
9 0.6861988359375 0.3879747578125 0.677064465625 0.40222605156249996 0.7068682234375 0.4584766390625 0.7264311875 0.4399505046875 0.7148674265625 0.4115334046875 0.7055430265625 0.423278909375 0.6861988359375 0.3879747578125
6 0.68220314375 0.3530104765625 0.673743234375 0.3655212109375 0.7054933546875 0.41907925468749996 0.7235173671874999 0.40152845312499996 0.7088757015625 0.37506201093749997 0.6987501546875 0.386877553125 0.68220314375 0.3530104765625
8 0.68959123125 0.3086430625 0.670689053125 0.3287930296875 0.698370090625 0.3818659796875 0.718326790625 0.364987028125 0.68959123125 0.3086430625
10 0.7483286609375 0.3547750390625 0.741883921875 0.3736578671875 0.7779463609375 0.42041007500000005 0.7904718796875 0.3858347640625 0.775574346875 0.362500571875 0.7681058703125 0.38652653125 0.7483286609375 0.3547750390625
10 0.7810532125 0.3468607 0.7458306453125 0.3031936 0.7330195796875 0.33400364374999997 0.7676196859375 0.3827788015625 0.7810532125 0.3468607
11 0.4859321890625 0.1288914375 0.45766210625000003 0.1304378578125 0.4616132046875 0.205932565625 0.491003665625 0.199663809375 0.4859321890625 0.1288914375