2 0.4893694015625 0.5971910593749999 0.4748673359375 0.5955211874999999 0.47434285625 0.6885128218750001 0.5084099734375 0.68904593125 0.508199640625 0.6480212453124999 0.48910228125 0.6432684140625 0.4893694015625 0.5971910593749999
3 0.5194446968750001 0.554406728125 0.49019207500000006 0.5527563984375 0.4904033046875 0.6398428734375 0.5231889234375 0.6454753671875 0.5194446968750001 0.554406728125
5 0.6088097546875 0.513202503125 0.5808049109375 0.5265544578125 0.59414884375 0.6128778968749999 0.625579303125 0.5943019828125 0.6088097546875 0.513202503125
3 0.5861172812500001 0.568120196875 0.5746219484374999 0.5713005578125 0.5909726125 0.6624742312499999 0.6205660203125001 0.647355 0.61284151875 0.6059294078125 0.59308655 0.6137771078125 0.5861172812500001 0.568120196875
9 0.6701406796875 0.48283946718750004 0.6598931234375 0.5010221140625 0.6860041296875 0.5782288890625 0.7110945359375 0.54494655625 0.69937910625 0.5062653078125 0.6845753046875 0.524712678125 0.6701406796875 0.48283946718750004
1 0.6699108218750001 0.440140940625 0.6601602453125001 0.45494475625 0.6845167296875 0.5196911546874999 0.7086034140625 0.4923295546875 0.69697584375 0.4611805953125 0.6850713921875 0.47527206718750004 0.6699108218750001 0.440140940625
9 0.66916445625 0.399147396875 0.65913610625 0.4131298671875 0.6852808296874999 0.4702349703125 0.7059907125 0.4522819359375 0.696268528125 0.4235347359375 0.686210890625 0.43500643906249997 0.66916445625 0.399147396875
6 0.667414371875 0.3640745859375 0.6581705390625 0.376336496875 0.6864300937500001 0.4308062625 0.7055416484375 0.41378358281249994 0.69262281875 0.3868970859375 0.6817611375 0.3984155109375 0.667414371875 0.3640745859375
8 0.6776273140625 0.319931828125 0.6574729859375 0.339527559375 0.6817025640625001 0.39339398281250004 0.70269998125 0.3770992203125 0.6776273140625 0.319931828125
10 0.7332959921875 0.3677621328125 0.7256555296875 0.38645335 0.75865443125 0.4342442109375 0.7733679421875 0.40004083125 0.7599932890625001 0.3762784515625 0.7510019578125 0.4000818921875 0.7332959921875 0.3677621328125
10 0.7664622453125001 0.36080138281249996 0.73410410625 0.31611938125 0.7193465890625 0.3465500171875 0.7507565875 0.396320846875 0.7664622453125001 0.36080138281249996
11 0.4858756234375 0.134295978125 0.4575625609375 0.1350197765625 0.4566742171875 0.2106128 0.4864076671875 0.20520029375 0.4858756234375 0.134295978125