2 0.522551909375 0.5849222796875 0.5079324890625 0.5838471078125 0.5139021125000001 0.6766443515625 0.5480081953125 0.6757883078125 0.544932865625 0.6348673765624999 0.525502615625 0.6309036125 0.522551909375 0.5849222796875
3 0.5496408625 0.5410119296875 0.5202715015625 0.5405572015625 0.5265644796875 0.6274330124999999 0.55974511875 0.6317167296874999 0.5496408625 0.5410119296875
5 0.636132946875 0.4962625140625 0.6090591203125 0.5107244234375 0.6284321875 0.5963039359375 0.6585669843749999 0.576490625 0.636132946875 0.4962625140625
3 0.61727453125 0.5519772953125 0.606000715625 0.5556186046875 0.6287193859375 0.6459146 0.6572584375 0.6296247953125 0.6466405609375 0.5886100187500001 0.6274326343750001 0.5972443390625 0.61727453125 0.5519772953125
9 0.6953465734375001 0.46347126093749996 0.68636829375 0.4820292140625 0.7178724125 0.557993075 0.740639803125 0.5237657640625 0.7262224453125 0.48565155625 0.712706175 0.5046592421875 0.6953465734375001 0.46347126093749996
1 0.692134825 0.4208811671875 0.6834175859375 0.43604787968750003 0.7122969171875 0.4996517546875 0.7344740109375001 0.47137233125 0.7206705421875 0.44076935937500006 0.7097495703125001 0.45531313124999995 0.692134825 0.4208811671875
9 0.6885256125 0.38001314375 0.6794732234375 0.3943717328125 0.709607253125 0.450279190625 0.729064425 0.4315240734375 0.71733416875 0.40323966093749997 0.708077153125 0.415094503125 0.6885256125 0.38001314375
6 0.6843261046875 0.34509300625 0.6759381203125 0.3577030671875 0.7080030453124999 0.4108951421875 0.7259267828125 0.3931333390625 0.711129659375 0.3668355453125 0.7010718218750001 0.37876975625 0.6843261046875 0.34509300625
8 0.6914568296875 0.30063658437499996 0.67266995625 0.32100795312499997 0.7006625640624999 0.3737622671875 0.7205230953124999 0.3566498609375 0.6914568296875 0.30063658437499996
10 0.7504686031250001 0.3460879359375 0.7441330625 0.365047065625 0.78047115 0.41138264375 0.7927967953125 0.376659184375 0.777762 0.35349682968749996 0.7704325390625 0.37761135625 0.7504686031250001 0.3460879359375
10 0.783150434375 0.337792121875 0.7476702515625 0.2945320828125 0.7350371265625 0.32549334375 0.769924503125 0.3738690328125 0.783150434375 0.337792121875
11 0.4867313765625 0.12324353750000001 0.4584674203125 0.125119146875 0.4628581203125 0.2005729734375 0.492215096875 0.19396166406249998 0.4867313765625 0.12324353750000001