2 0.4840835296875 0.5770799515625 0.46972424999999995 0.5752385453125 0.46432572499999997 0.6683674468749999 0.49823515937499996 0.6692982890625 0.5001767671875 0.6282078984374999 0.48140134687499997 0.623225240625 0.4840835296875 0.5770799515625
3 0.5162877046875 0.53458005625 0.48723301562500004 0.5325863640625 0.48287703593750003 0.619809575 0.5152424640625 0.6258327328125 0.5162877046875 0.53458005625
5 0.6074730109375001 0.494353478125 0.5788746984375 0.5073997390625 0.5876414249999999 0.59401174375 0.6199262265625001 0.57577338125 0.6074730109375001 0.494353478125
3 0.581987328125 0.5490914609375 0.57036900625 0.5521427953125 0.5818766906249999 0.64364754375 0.6121501859375 0.6288497890625 0.6066272609375 0.587270328125 0.586536025 0.5948999640625 0.581987328125 0.5490914609375
9 0.6701624796875 0.4646581828125 0.6590005359375 0.48274947343749997 0.68096375 0.5603795046875 0.7077037796875 0.5273381796875001 0.6980612234375 0.48846079531250003 0.6823465015625 0.5067641328125 0.6701624796875 0.4646581828125
1 0.67217240625 0.42189114375000003 0.6616827187500001 0.43660418125 0.68255145625 0.5017341828124999 0.7079811296875 0.474611025 0.6980311421875001 0.44327856875 0.6854331328125001 0.45725307031250007 0.67217240625 0.42189114375000003
9 0.6735783921875 0.38082569843749997 0.662855053125 0.3947128875 0.685905896875 0.4522106484375 0.7074782859375001 0.43447121875 0.69930049375 0.40556642343749993 0.6886796328125 0.4169386359375 0.6735783921875 0.38082569843749997
6 0.6736740234374999 0.34567842031249996 0.663822434375 0.3578515390625 0.6891182375 0.4127345375 0.7090496046875 0.395908275 0.6975897718749999 0.36882980781249997 0.6861654796875001 0.3802394453125 0.6736740234374999 0.34567842031249996
8 0.6861627125 0.3015865890625 0.665057625 0.3209777203125 0.686370434375 0.37520949375 0.7081423140625 0.3591342421875 0.6861627125 0.3015865890625
10 0.7391114062499999 0.350139228125 0.730519959375 0.368770246875 0.7608872718749999 0.41701925937500006 0.7773382171875001 0.3829345671875 0.76526048125 0.3589797234375 0.7550552500000001 0.382715109375 0.7391114062499999 0.350139228125
10 0.7725163484375 0.3435541609375 0.74262434375 0.29842626562499996 0.7263273859375 0.3287318828125 0.7550080265625 0.37894540625 0.7725163484375 0.3435541609375
11 0.5048750890625 0.11343044843750001 0.4766318921875 0.113825490625 0.47178319062499996 0.18952471875000002 0.50168721875 0.18445028593749999 0.5048750890625 0.11343044843750001