2 0.5294585203125 0.6211252390625 0.515225240625 0.616052778125 0.5060374046875 0.707385078125 0.5397890515625 0.7159672484375 0.5434041359374999 0.6755701234375 0.5248987640625 0.6663786828125 0.5294585203125 0.6211252390625
3 0.5632869640625 0.586160953125 0.5344163859375 0.5776187765625 0.5265089203125 0.663317425 0.5585137687499999 0.676611678125 0.5632869640625 0.586160953125
5 0.655795334375 0.5667744328125 0.6267644828125001 0.573281990625 0.6319583859375 0.6613364671874999 0.6648750328124999 0.6505014578125 0.655795334375 0.5667744328125
3 0.6281612015625 0.615418015625 0.6164591203125 0.6158268875 0.6241842234375 0.7093627031249999 0.6549559625 0.7014927875 0.6511528703125 0.658924059375 0.630820565625 0.6619695703125 0.6281612015625 0.615418015625
9 0.7194778125 0.5514192312499999 0.707615459375 0.566877840625 0.7263265624999999 0.6489859515624999 0.7543233578125 0.622187715625 0.74630468125 0.5813740484375 0.72989695625 0.596015328125 0.7194778125 0.5514192312499999
1 0.7232295359375 0.5093712828125 0.7121752171875 0.5216243953124999 0.7303068781250001 0.5910628531250001 0.7567559312500001 0.5698501890625 0.74812236875 0.5364652390625 0.7349973703125 0.5475083125 0.7232295359375 0.5093712828125
9 0.7263098703125 0.46887800156250004 0.7150564953125 0.48025762656250004 0.7356746671875001 0.5426039171875 0.7578963187500001 0.529845771875 0.7509294203125 0.49927360624999995 0.739881009375 0.5081769921875 0.7263098703125 0.46887800156250004
6 0.7278424609374999 0.43397029062500003 0.717527853125 0.4438433234375 0.7404899859375 0.50409800625 0.7610390671875 0.49187680624999996 0.750727028125 0.4623785234375 0.7388764906249999 0.471137678125 0.7278424609374999 0.43397029062500003
8 0.7420901265625 0.39297198125 0.7202665828125 0.40747710625 0.739286415625 0.4661852015625 0.7616387984374999 0.455125959375 0.7420901265625 0.39297198125
10 0.7928663874999999 0.45317987187500003 0.7835433859375 0.46975530781249997 0.811830409375 0.5245623453125 0.8296171156250001 0.49440383125 0.8185616203125001 0.467870271875 0.8074217953125 0.4891540109375 0.7928663874999999 0.45317987187500003
10 0.8264226765625 0.45417882499999995 0.79848165 0.40258087812500004 0.781002925 0.42901852500000004 0.8075288953124999 0.485397021875 0.8264226765625 0.45417882499999995
11 0.569136940625 0.165046115625 0.5409773062500001 0.1590611015625 0.533050115625 0.23319597656250002 0.5630560734375 0.2349056546875 0.569136940625 0.165046115625