2 0.5418014531249999 0.6156472046875 0.5272246328125 0.61246076875 0.5294113203124999 0.7053786125 0.563555190625 0.709475009375 0.5621479890625001 0.6684366749999999 0.542877703125 0.661687240625 0.5418014531249999 0.6156472046875
3 0.570682971875 0.5760174390625 0.5413296640625 0.5713076421875 0.5440811578125 0.65839848125 0.5770899515625 0.6674591828125 0.570682971875 0.5760174390625
5 0.65900685625 0.5441691203125 0.6313411109375 0.5545890703125 0.64722665 0.642290703125 0.6781718078125001 0.627006175 0.65900685625 0.5441691203125
3 0.63787529375 0.5967020187500001 0.6264520640625 0.598679328125 0.6454911937500001 0.691544709375 0.6746968140625 0.67952400625 0.6657502531249999 0.6372988687500001 0.646188671875 0.643078615625 0.63787529375 0.5967020187500001
9 0.7195624265625 0.520227434375 0.7098267593750001 0.53733449375 0.73823641875 0.61725674375 0.76240121875 0.586605625 0.7495365984375 0.546706825 0.7352442203125 0.5636019734375 0.7195624265625 0.520227434375
1 0.7180868484375 0.47751355625 0.708750509375 0.49129445625 0.7350390875 0.5585753453125 0.7583710406249999 0.5337387640625 0.7458141171875 0.5013799109375 0.7342992578125 0.514223315625 0.7180868484375 0.47751355625
9 0.7161435625 0.43645028906250005 0.7065049937500001 0.4493809546875 0.734362165625 0.509209153125 0.7545856515625 0.4934260109375 0.7440075875 0.463667728125 0.7342664531249999 0.4740850765625 0.7161435625 0.43645028906250005
6 0.71336743125 0.401201559375 0.704464609375 0.41249407656250003 0.7343635515625 0.469908684375 0.7530129734375001 0.45488852187499995 0.7392867875 0.42665619843749997 0.728741528125 0.43703615625000003 0.71336743125 0.401201559375
8 0.72231129375 0.358136053125 0.7026922671875 0.3756196671875 0.7285363953124999 0.4320095234375 0.7490962984375 0.417914390625 0.72231129375 0.358136053125
10 0.7794749609375 0.41177952500000004 0.7723659015625 0.42966775 0.8068179140625 0.48090054374999996 0.8205603124999999 0.44824315 0.8064686 0.423086628125 0.7981553453125 0.44594473749999997 0.7794749609375 0.41177952500000004
10 0.8124977890625 0.408289359375 0.7787783593750001 0.360231815625 0.7648818421875 0.389112628125 0.79779984375 0.4421587921875 0.8124977890625 0.408289359375
11 0.524801015625 0.1524809078125 0.49645819687500004 0.1502430296875 0.4977729359375 0.225727746875 0.5274019484375 0.223426440625 0.524801015625 0.1524809078125