11 0.912709315625 0.21425664375000003 0.84447735625 0.2939868609375 0.88707426875 0.5428537 0.9543548546875 0.440874884375 0.912709315625 0.21425664375000003
9 0.9175242109375 0.504975603125 0.8888499109374999 0.545540525 0.8686811328124999 0.4569002359375 0.8297096015625 0.5084332703125 0.8654840625 0.7785489796875 0.9455766499999999 0.6708424 0.9175242109375 0.504975603125
7 0.7700263359374999 0.3729172921875 0.6892118828125 0.44365395156250004 0.7013502203125 0.7476070859374999 0.7866932296875 0.652868084375 0.7700263359374999 0.3729172921875
5 0.7456486765625 0.7041345234375 0.7041623718750001 0.7504272078125 0.693577596875 0.5966406875 0.652906928125 0.6405797890625 0.658741065625 0.9658484421875 0.7448059375 0.9080793625 0.7456486765625 0.7041345234375
2 0.6309291765625 0.46811879687499997 0.5471841015625001 0.477016759375 0.5267488734375 0.7718639140625 0.6165686359375 0.75637175 0.6309291765625 0.46811879687499997
11 0.5698686015625001 0.7722603203125 0.5268448 0.7839366671875 0.5329799265624999 0.6568850875 0.48988825468749997 0.6562603390625 0.45514549375 0.9861445984375001 0.546587890625 0.9831534703125 0.5698686015625001 0.7722603203125
9 0.445802040625 0.7194279765625 0.48970311562499996 0.434974009375 0.41345175625 0.4128755375 0.367256784375 0.6945760359375 0.445802040625 0.7194279765625
10 0.3941974125 0.715249971875 0.36688290156250003 0.70190336875 0.38159885312499997 0.5907061437500001 0.33926358125 0.5582185281250001 0.267512471875 0.8636756406250001 0.34944736875000004 0.9209236421875 0.3941974125 0.715249971875
11 0.299095809375 0.6201105546875 0.3834322265625 0.3582894703125 0.3155497765625 0.291450278125 0.23277373125 0.528887303125 0.299095809375 0.6201105546875
10 0.2627993296875 0.57878915 0.2335734390625 0.53815354375 0.2651709296875 0.42666885 0.238171065625 0.376485628125 0.13933495625 0.6538748187500001 0.20562843125 0.7484468546875 0.2627993296875 0.57878915
11 0.2852161625 0.1190406359375 0.2462544671875 0.0033988078125000002 0.14976405625 0.1802922890625 0.1796772734375 0.32673060625 0.2852161625 0.1190406359375