11 0.8887826796875 0.490239409375 0.943085971875 0.380432778125 0.8741625624999999 0.1608195109375 0.8162042406250001 0.24866481875000002 0.8887826796875 0.490239409375
9 0.9143678843749999 0.44875690312499994 0.89087126875 0.49267955625 0.8600645921875 0.4072743984375 0.8276914765625 0.4633977890625 0.8960927390625001 0.7269337078125 0.9624054125000001 0.6098066328125 0.9143678843749999 0.44875690312499994
7 0.72952783125 0.71717311875 0.8026284171875 0.61224678125 0.7519801546875 0.336510125 0.680446009375 0.41703498906250003 0.72952783125 0.71717311875
5 0.7681667125 0.6683701703125 0.7326607140625 0.7196132671875 0.7034204796875 0.568324128125 0.668436628125 0.6171270734375 0.7138634203125 0.9392265312499999 0.7921854765624999 0.8709024062499999 0.7681667125 0.6683701703125
2 0.5593078953124999 0.7635359203125 0.6465064515625001 0.7366942984375 0.6256205703125 0.44875690312499994 0.543643484375 0.4682780828125 0.5593078953124999 0.7635359203125
11 0.602123953125 0.75842540625 0.5608743375 0.775506440625 0.551475690625 0.648618775 0.5086596328125 0.65349906875 0.51440325 0.9853591171874999 0.6047346890624999 0.9707182296875001 0.602123953125 0.75842540625
9 0.4031859296875 0.421685065625 0.3916986953125 0.7071823125 0.4726314875 0.7218231953124999 0.48150798593750005 0.4338858046875 0.4031859296875 0.421685065625
10 0.4209389296875 0.72426334375 0.39222084218750003 0.714502753125 0.3932651359375 0.602255975 0.347316196875 0.5754143515625 0.3133766390625 0.88775321875 0.4016194890625 0.9341160203125 0.4209389296875 0.72426334375
11 0.29128509375 0.31366147187500004 0.23812103125 0.559894528125 0.31501904999999997 0.6419722125 0.3667590765625 0.37133768125 0.29128509375 0.31366147187500004
10 0.273983040625 0.6055918328125001 0.2400434828125 0.568989621875 0.25779648125 0.45430269375 0.2249012171875 0.40793989531249997 0.16067713125 0.6958772875 0.23795489375 0.7812824453125 0.273983040625 0.6055918328125001
11 0.11330590781250001 0.224493559375 0.16082128906249998 0.36602211093750003 0.2401876390625 0.14640884375000002 0.18745078906249998 0.036602210937500004 0.11330590781250001 0.224493559375