11 0.898770865625 0.17568048125 0.8397454249999999 0.260735571875 0.9095660562500001 0.5054294421875001 0.9651894203125 0.39826638124999997 0.898770865625 0.17568048125
9 0.93565381875 0.4651815328125 0.911627821875 0.5079641609375 0.8817922046875 0.421216728125 0.8487408656250001 0.4757740984375 0.9141254 0.7422115359375 0.98185254375 0.6282945859375 0.93565381875 0.4651815328125
7 0.77444944375 0.3454991421875 0.7019230796875 0.4226099625 0.7475472203125 0.724711734375 0.821925371875 0.6232983328125 0.77444944375 0.3454991421875
5 0.7867838546875 0.6777585265625 0.7506540765625 0.72729504375 0.7231533078125 0.5748067421874999 0.687574490625 0.621930003125 0.729285078125 0.9457996390625001 0.8084624484375 0.881192365625 0.7867838546875 0.6777585265625
2 0.6466864625000001 0.4517472484375 0.5644195812499999 0.46743354375 0.576657675 0.7631054453125 0.66423525 0.7403494453125 0.6466864625000001 0.4517472484375
11 0.6195658734375 0.7599924437500001 0.578085915625 0.7751360859374999 0.570157703125 0.6479463984375 0.5272521875 0.650829425 0.5291356953124999 0.9826029453125 0.619706465625 0.972180434375 0.6195658734375 0.7599924437500001
9 0.49040095624999996 0.7174044703125 0.5026372265625 0.4301870046875 0.42439756093750003 0.4143552515625 0.40957698125 0.6990137062499999 0.49040095624999996 0.7174044703125
10 0.43864059062500005 0.7174369656249999 0.4100142796875 0.7063506375 0.4123664734375 0.5942721 0.3666950875 0.5653212640625 0.329092503125 0.8757481078125 0.416862709375 0.9261670828125 0.43864059062500005 0.7174369656249999
11 0.333598265625 0.630305515625 0.38852923906250003 0.36236673750000004 0.3136693765625 0.3012405 0.2575974359375 0.544737559375 0.333598265625 0.630305515625
10 0.29295463125 0.5920546718749999 0.259415440625 0.553912403125 0.2785174875 0.44017370624999996 0.24613704687500002 0.3923298421875 0.178511009375 0.6769722015624999 0.254853125 0.7658817515624999 0.29295463125 0.5920546718749999
11 0.26448062656250004 0.1317887953125 0.21298227656250002 0.019645575000000002 0.1365929125 0.2038869625 0.18249641562500002 0.3474753515625 0.26448062656250004 0.1317887953125