5 0.0792950921875 0.2123971890625 0.0291248640625 0.45695445156250003 0.0971233765625 0.5689111953125 0.154934796875 0.3235066203125 0.0792950921875 0.2123971890625
2 0 0.5980799953125 0.048873309375 0.651356390625 0.0663172328125 0.5299250828125001 0.028136401562500003 0.46091879843749994 0.0516181359375 0.3233990015625 0.0222012984375 0.284258825 0 0.38369564375 0 0.5980799953125
10 0.2272607046875 0.3964360953125 0.20044220156249998 0.6692418546875001 0.2830011453125 0.7526008375 0.3054376546875 0.464862021875 0.2272607046875 0.3964360953125
0 0.2521152640625 0.73289726875 0.2009500828125 0.680749759375 0.2142785171875 0.513517915625 0.184460834375 0.47056744375 0.149039975 0.775165034375 0.240923228125 0.853635315625 0.2521152640625 0.73289726875
8 0.4995736984375 0.76713289375 0.4767506640625 0.476703353125 0.3872200421875 0.46735753750000003 0.40825292500000004 0.7541308484375 0.4995736984375 0.76713289375
11 0.47649280781250003 0.908462984375 0.46732580781250005 0.7745635453124999 0.40974926875 0.7616744062499999 0.3943828203125 0.5822055109375001 0.36400481875 0.5740098515625001 0.378733378125 0.907739134375 0.47649280781250003 0.908462984375
10 0.6694427984375 0.7251679578125 0.6277570765625 0.42912058125 0.5434101390625 0.44232840468749995 0.5786572078125001 0.750653978125 0.6694427984375 0.7251679578125
9 0.6553629484375 0.7382934718749999 0.580554396875 0.762007825 0.557145909375 0.5795759656249999 0.5385770265625001 0.5700708125 0.577217628125 0.8972937859375 0.673373678125 0.8827764703125001 0.6553629484375 0.7382934718749999
10 0.8508523468750001 0.6125379765625001 0.7785221124999999 0.339162425 0.7022718171875 0.409293546875 0.7752967046875 0.6825920703125 0.8508523468750001 0.6125379765625001
12 0.8300400281250001 0.64182900625 0.7788770109375001 0.68990454375 0.72738855625 0.5144411578125 0.7042782062499999 0.5285680515625 0.7749526234374999 0.8329651453125001 0.8575618390624999 0.7698383718749999 0.8300400281250001 0.64182900625
4 0.9083054031250001 0.1590170984375 0.8567961390625 0.25724266562500003 0.954106615625 0.5008650140625 0.9703774656249999 0.4952060203125 0.94450930625 0.23595208125 0.9083054031250001 0.1590170984375
5 0.8610732625 0.36470114531250003 0.968862028125 0.6407236453125 0.9746411937499999 0.5304505953125 0.9722746531249999 0.5065598703124999 0.9562976125 0.5083315359375 0.8839695437499999 0.33517902187500004 0.8610732625 0.36470114531250003