5 0.1213690078125 0.5038295359375 0.204374246875 0.2663981703125 0.1408996515625 0.147682484375 0.0655671640625 0.38511385625 0.1213690078125 0.5038295359375
2 0.06486964218749999 0.5804203 0.0948631328125 0.4617046203125 0.06417211874999999 0.38894339218749996 0.1018383625 0.25490955625 0.0767275328125 0.212784634375 0.000697521875 0.4387273859375 0 0.492340921875 0.06486964218749999 0.5804203
10 0.2866819640625 0.7067950656249999 0.3389961921875 0.4234092359375 0.268546365625 0.3468184703125 0.213442046875 0.61488614375 0.2866819640625 0.7067950656249999
0 0.2434355375 0.4617046203125 0.2183247078125 0.41575015625 0.151362496875 0.7144541375 0.2343677375 0.802533515625 0.2580835203125 0.6838178359375 0.2127445234375 0.6263747578125 0.2434355375 0.4617046203125
8 0.4199088625 0.43489785000000003 0.41084106406250004 0.7221132156250001 0.5001240124999999 0.74509044375 0.5077967640625001 0.45404554218750004 0.4199088625 0.43489785000000003
11 0.41153858750000005 0.72977229375 0.41502620312499994 0.54978399375 0.385730234375 0.5382953796875001 0.3655020671875 0.8714652031250001 0.4624577671875 0.8829538171875001 0.467340428125 0.7489199796875 0.41153858750000005 0.72977229375
10 0.5775490671875 0.42723877187500003 0.580339159375 0.737431365625 0.6731097218750001 0.7221132156250001 0.662646878125 0.4234092359375 0.5775490671875 0.42723877187500003
9 0.5768515437499999 0.56510215 0.5594134687500001 0.5536135359375 0.5635986078124999 0.8829538171875001 0.6605543078125 0.87912428125 0.657764215625 0.7336018296875 0.5810366828125 0.7489199796875 0.5768515437499999 0.56510215
10 0.7386768874999999 0.4119206203125 0.7826208375 0.6914769078125 0.8649285546875 0.6302043 0.8216821281250001 0.3506480125 0.7386768874999999 0.4119206203125
12 0.752627346875 0.5191476921875 0.7282140421875 0.5306363078125 0.7665778078125001 0.8408289015625 0.8551632328125001 0.787215365625 0.841212771875 0.657011065625 0.7854109296875 0.6991359875 0.752627346875 0.5191476921875
4 0.9693089875 0.18597786875 0.9079269609375 0.27788678437500003 0.9790743093750001 0.5306363078125 0.9958148625 0.5268067640625 0.9972099078125 0.2663981703125 0.9693089875 0.18597786875
5 0.996512384375 0.5382953796875001 0.9804693546875001 0.5382953796875001 0.9267600828125 0.358307084375 0.9009517296875 0.38511385625 0.9804693546875001 0.6761587578125 0.9958148625 0.6531815296875 0.996512384375 0.5382953796875001