5 0.20647935468749998 0.10034393125 0.088493234375 0.3157111796875 0.121359415625 0.4439125703125 0.24688621406250003 0.2302296234375 0.20647935468749998 0.10034393125
2 0.0042061390625 0.4060489328125 0.051655040625 0.5063177640625 0.10310741718750001 0.39694985156249996 0.086413328125 0.3191453296875 0.14824189062499998 0.1965001625 0.1313609265625 0.1498436734375 0.0148159203125 0.35383663906249996 0.0042061390625 0.4060489328125
10 0.295067353125 0.32286456406249997 0.1912902109375 0.5725953109375 0.2462564359375 0.6784419484375 0.3501270171875 0.41313718125000004 0.295067353125 0.32286456406249997
0 0.24912247031249998 0.429563921875 0.2329503828125 0.3791670421875 0.1118484484375 0.6562178828125 0.177120784375 0.7604677765625001 0.222403509375 0.649721803125 0.188478065625 0.5836633531250001 0.24912247031249998 0.429563921875
8 0.448935784375 0.762699825 0.5103510453125 0.4801147546875 0.42752032343749996 0.442119990625 0.3654429015625 0.7206584421875 0.448935784375 0.762699825
11 0.3647106671875 0.7282923343750001 0.40145542812499996 0.553259759375 0.374790353125 0.5356076562500001 0.293238153125 0.8565808578125 0.3863983421875 0.889085378125 0.41600762187500007 0.7592436765625 0.3647106671875 0.7282923343750001
10 0.6231971749999999 0.778230696875 0.6682067593750001 0.48418379375000004 0.583864846875 0.46924381718749997 0.529187953125 0.7728275859375 0.6231971749999999 0.778230696875
9 0.5576597921875 0.6037446125 0.542648503125 0.5886955125 0.4857982640625 0.91128744375 0.5817939562500001 0.9288304187499999 0.60598918125 0.7860832656250001 0.5277468421875 0.7842018625 0.5576597921875 0.6037446125
10 0.828727290625 0.7305687921875 0.8379732093750001 0.4480272890625 0.74505470625 0.4896524609375 0.7364943046875 0.7723470828125001 0.828727290625 0.7305687921875
12 0.738916509375 0.5974456359375 0.712796796875 0.603307678125 0.6930812546875 0.9147004484375 0.7900661375 0.8817809859375 0.800457590625 0.75154549375 0.73781861875 0.780440328125 0.738916509375 0.5974456359375
4 0.99392055625 0.569041846875 0.996628978125 0.3362806640625 0.9362021703125001 0.39589209531249997 0.95933905 0.6583756046875 0.976500328125 0.6583100375 0.99392055625 0.569041846875
5 0.9750592171875001 0.669684315625 0.9592923328125 0.6661626078125 0.9398247234375001 0.478574384375 0.909498471875 0.49909173906250004 0.93377279375 0.800816521875 0.9531074171875 0.7817427921875 0.9750592171875001 0.669684315625