5 0.1589297984375 0.140722025 0.084918534375 0.37246126562500004 0.14145696562500001 0.4948548578125 0.22314721875000001 0.2636511734375 0.1589297984375 0.140722025
2 0.12046109375 0.24502665937499998 0.0950845765625 0.20122602500000003 0.020308328125 0.421448959375 0.01992240625 0.474915809375 0.085357628125 0.567362025 0.11468426875 0.450956859375 0.0835446515625 0.3761864296875 0.12046109375 0.24502665937499998
10 0.287839753125 0.3484036234375 0.23425148281250002 0.6121350718749999 0.308086078125 0.7089880671875 0.35879279999999997 0.429771715625 0.287839753125 0.3484036234375
0 0.2793306015625 0.6840566953125 0.2336202859375 0.623554 0.2633774453125 0.4613270640625 0.2379786296875 0.4137038890625 0.172701209375 0.707187978125 0.25628677031249997 0.8009000374999999 0.2793306015625 0.6840566953125
8 0.5219246046875 0.7621114859375 0.5279089671875 0.4721341328125 0.4398381359375 0.4468869546875 0.43243529531249997 0.732944396875 0.5219246046875 0.7621114859375
11 0.48503046093749996 0.8970937937500001 0.48913667031249997 0.7636457609375 0.43317798124999995 0.7406381625 0.435620440625 0.5612222921875001 0.4062337625 0.54770985 0.3879290546875 0.8788587703124999 0.48503046093749996 0.8970937937500001
10 0.69491714375 0.7512504875 0.6827065734375 0.45236220937500005 0.5975618859375 0.45024500156249997 0.6021603625 0.76006534375 0.69491714375 0.7512504875
9 0.6796260562499999 0.7616469984375 0.6029253453125001 0.7715816453125 0.5976665140625 0.5878076953125 0.580147371875 0.575122921875 0.5862535156249999 0.9041533234375001 0.68326573125 0.9070981984375001 0.6796260562499999 0.7616469984375
10 0.88635675625 0.67289833125 0.8414474421874999 0.390834484375 0.75873149375 0.4462014109375 0.8043388968749999 0.72831394375 0.88635675625 0.67289833125
12 0.8627777796875 0.698000759375 0.8071758515624999 0.73615376875 0.7733176281249999 0.5542062109375 0.7489513703124999 0.563969803125 0.7891524375000001 0.8762731515625 0.8774977015625 0.8289407890625 0.8627777796875 0.698000759375
4 1 0.270838684375 0.9882355015625001 0.2367695453125 0.927338725 0.32422605937500004 1 0.5814245328125 1 0.270838684375
5 1 0.5843479796875 0.9466554078125 0.40581389218749997 0.9209821609375 0.4307702671875 1 0.7186045015625 1 0.5843479796875