5 0.14298680625 0.14917832656250002 0.056652803125 0.3810942328125 0.1068921890625 0.50358113125 0.20089387812499998 0.27220119062500003 0.14298680625 0.14917832656250002
2 0 0.5047453203125001 0.046865203125 0.5761435703125 0.082364515625 0.45964966562500004 0.0550804328125 0.38482223437499996 0.09896041718750001 0.2535624765625 0.07582686875 0.20972845312500002 0 0.40293370937499995 0 0.5047453203125001
10 0.26128047187500003 0.35701825 0.19373531875 0.6209507515625 0.2626489875 0.71787758125 0.3281188765625 0.43844837343750004 0.26128047187500003 0.35701825
0 0.23083884375000002 0.47002777656249994 0.207883540625 0.42236829687500005 0.12706235625 0.7160761171875001 0.2059131484375 0.80985961875 0.23513889687499998 0.692927203125 0.1925035171875 0.632378384375 0.23083884375000002 0.47002777656249994
8 0.47416768125 0.771041496875 0.495382053125 0.480843084375 0.4084433984375 0.45557665781249995 0.38601314531250003 0.7418521734375 0.47416768125 0.771041496875
11 0.386353715625 0.7495518046874999 0.3982165859375 0.569999159375 0.36947469375 0.5564764140625 0.3337524890625 0.8878777812499999 0.4301094484375 0.9061267078125 0.4412274921875 0.7725769421875001 0.386353715625 0.7495518046874999
10 0.648108675 0.7601722171875 0.651555915625 0.4610560875 0.5663360328125 0.4589372671875 0.55468636875 0.768993796875 0.648108675 0.7601722171875
9 0.5592221187499999 0.5966048296875 0.5423302921875 0.583910384375 0.531183525 0.91319161875 0.6282534671875 0.9161387390625 0.6322385609375 0.77057665625 0.55484869375 0.7805188765625 0.5592221187499999 0.5966048296875
10 0.844078784375 0.68176033125 0.8138728546875 0.399481459375 0.7280704734375 0.45489059374999996 0.7589734671875 0.7372181906249999 0.844078784375 0.68176033125
12 0.7370208390624999 0.5629777296875 0.7120889125 0.5727487640625 0.7359894390624999 0.8852901921875 0.8270118296875 0.837921746875 0.8191309375 0.7068818968749999 0.7614052250000001 0.7450639921875 0.7370208390624999 0.5629777296875
4 0.97969133125 0.5876158125 0.9904504703124999 0.3806038046875 0.9921026812499999 0.3238210453125 0.9690668359375 0.24529907031249998 0.903447428125 0.33282225468750004 0.9627835828125001 0.59027190625 0.97969133125 0.5876158125
5 0.9798536562500001 0.59914089375 0.9638212156250001 0.598020253125 0.9185249531249999 0.41447228437500006 0.8914859171874999 0.43944768593749994 0.9574043640625 0.7357365390624999 0.9738092171874999 0.71385574375 0.9798536562500001 0.59914089375