8 0.22013113281250002 0.4775224640625 0.205258228125 0.4632870984375 0.1700314 0.5297875015625 0.2056420953125 0.5743421671875 0.22849199062499997 0.52026024375 0.20620395781249998 0.50507691875 0.22013113281250002 0.4775224640625
9 0.27536327968749996 0.4612488015625 0.244207690625 0.43059773281249997 0.2158039859375 0.500637221875 0.2449577921875 0.5316990828125 0.27536327968749996 0.4612488015625
8 0.298278703125 0.5544848625000001 0.2805346875 0.5458800187499999 0.25385756875 0.6350365765625 0.2973147546875 0.658774984375 0.3128197359375 0.5943623859375 0.29308343125 0.5841253625 0.298278703125 0.5544848625000001
5 0.29654349999999996 0.57933325625 0.333721146875 0.6064013390625 0.356600275 0.52006520625 0.3149840390625 0.5020720859375001 0.29654349999999996 0.57933325625
8 0.42135695625 0.6231147234375001 0.3905293484375 0.6131127609375 0.3910994484375 0.586462434375 0.3747071234375 0.585744309375 0.36141626875 0.6680717734375 0.41115299843750003 0.6884805093749999 0.42135695625 0.6231147234375001
5 0.3931622359375 0.6084904046874999 0.43925230937500004 0.6276064609375 0.44656629687500005 0.540382453125 0.3998356265625 0.5275209359375 0.3931622359375 0.6084904046874999
6 0.5284574140625 0.523577290625 0.48014287656250004 0.5314510593749999 0.49467357031250003 0.6162332687500001 0.5444911375 0.612133109375 0.5284574140625 0.523577290625
10 0.48896412656250005 0.592912615625 0.4661409265625 0.59963726875 0.48187197656249997 0.6964193046875 0.5323301375 0.686064609375 0.5215165984375 0.6229708703125 0.49369505 0.6205161265625 0.48896412656250005 0.592912615625
1 0.5734528812499999 0.5612872046875 0.5584122484375 0.5684557953125 0.6004618171875 0.6639189640625001 0.6443833546875 0.630413365625 0.61687481875 0.5748277171875 0.5904402109375 0.590457584375 0.5734528812499999 0.5612872046875
8 0.5704219125 0.49863740468750006 0.5535755765625 0.5102586015624999 0.5894264421875001 0.5845425468750001 0.6295852375 0.5640552671875 0.6083914906250001 0.5153378421875 0.5816189609375 0.5289960296875 0.5704219125 0.49863740468750006
7 0.581921634375 0.5207698140625 0.6227562765625 0.5042258921875 0.587243334375 0.43191362499999997 0.5477603859375 0.456344265625 0.581921634375 0.5207698140625
0 0.6969954828125 0.5726730578125 0.727611590625 0.521487653125 0.6729221046875 0.45719272499999997 0.6401271203125 0.5006611609375 0.6969954828125 0.5726730578125
9 0.738012475 0.41730196875000003 0.7549043984375 0.3709739796875 0.69599815625 0.3320366921875 0.679408909375 0.3701384671875 0.738012475 0.41730196875000003
6 0.697596596875 0.411308671875 0.7566894234375 0.45633074531249995 0.774408528125 0.4098330078125 0.75083898125 0.39221851406249997 0.74083195 0.41876440156249994 0.7019999359375 0.39203581875000004 0.697596596875 0.411308671875
0 0.4355017765625 0.2609915 0.39827854218750003 0.2686302109375 0.41206288906250005 0.329073271875 0.45142974999999996 0.318953634375 0.4355017765625 0.2609915