8 0.2149028828125 0.4495843171875 0.20261524375 0.4327517796875 0.1572487546875 0.491989959375 0.18497035 0.5426470703125 0.21617368906249998 0.4933971171875 0.19676195624999998 0.47425360000000005 0.2149028828125 0.4495843171875
9 0.2717538953125 0.44372183125 0.24614874062499997 0.40763944687500003 0.2069048125 0.471641353125 0.2304785625 0.50775918125 0.2717538953125 0.44372183125
8 0.2791152609375 0.5401691953125 0.2630959328125 0.52837295 0.2224443875 0.6115998578124999 0.2612452828125 0.6431248578125001 0.2869160421875 0.582298209375 0.26920615312499996 0.5685188375 0.2791152609375 0.5401691953125
5 0.273379846875 0.5644207640625 0.305477065625 0.5980753562500001 0.3419432046875 0.5169341000000001 0.3040168703125 0.491431715625 0.273379846875 0.5644207640625
8 0.3887791359375 0.630836525 0.3601450265625 0.615235134375 0.3650293046875 0.588985790625 0.3490568265625 0.5852392281250001 0.322652059375 0.6641923078125 0.36815663593750003 0.69358771875 0.3887791359375 0.630836525
5 0.3634792953125 0.6111517078125 0.4056144625 0.638593284375 0.42694754843749994 0.5536908203124999 0.383168671875 0.5323157984375 0.3634792953125 0.6111517078125
6 0.510050503125 0.5522408421875 0.4613522109375 0.551077903125 0.46185585781249994 0.6376119859375 0.5114169984375 0.64278511875 0.510050503125 0.5522408421875
10 0.4600364578125 0.61349223125 0.436544303125 0.6159147468749999 0.4362788 0.7145379984375 0.48748365156249995 0.7136445796875 0.4871088453125 0.6492471203125 0.460200434375 0.64166611875 0.4600364578125 0.61349223125
1 0.548093965625 0.597867434375 0.5321683390625 0.6021705515625 0.5579484 0.704364609375 0.6064944265625 0.67936608125 0.5885151468750001 0.6193010375 0.5600333015625 0.6298611125 0.548093965625 0.597867434375
8 0.5552856875 0.5353505796875 0.5368652140625 0.5437224796875 0.5599981625 0.6238238515625001 0.6027385015625 0.6110023703125 0.5898426140625 0.558899128125 0.5613490546875 0.567446784375 0.5552856875 0.5353505796875
7 0.562981053125 0.5593678093750001 0.605744815625 0.5505711703125 0.582623578125 0.47248221562500003 0.539906665625 0.48932853906249996 0.562981053125 0.5593678093750001
0 0.6675029718750001 0.6320112359375 0.7058587859375 0.5870642546875 0.6626148046875 0.51335165625 0.6233727140624999 0.550263596875 0.6675029718750001 0.6320112359375
9 0.7329741375000001 0.4859599046875 0.7570714609375 0.44327433125000004 0.7055737921875 0.3938572375 0.6831084671875 0.42846383593750004 0.7329741375000001 0.4859599046875
6 0.6942786546875 0.47254668750000006 0.7449720375 0.5280156859375 0.769908784375 0.4853154703125 0.7496337734375 0.463530353125 0.735504121875 0.48792838749999995 0.7017280546875 0.4543030859375 0.6942786546875 0.47254668750000006
0 0.46142642343749996 0.2753469984375 0.4236523515625 0.2760060796875 0.42737313906249996 0.33833253124999996 0.46765376875 0.3356170921875 0.46142642343749996 0.2753469984375