1 0.250478184375 0.608307028125 0.23519389687499997 0.59246928125 0.18457115156249998 0.6435774750000001 0.21896860468749998 0.6711154765625 0.2381129703125 0.650428021875 0.22129085312500002 0.6359755265625 0.250478184375 0.608307028125
0 0.2572889171875 0.6648257328125 0.274832671875 0.6428260734375 0.260395775 0.629667515625 0.28402805625 0.5994293984375 0.2680847234375 0.5890048234374999 0.2503526171875 0.6029121187500001 0.2259671203125 0.634517225 0.2572889171875 0.6648257328125
1 0.3223173546875 0.65926380625 0.3048989796875 0.6529219328125 0.268681740625 0.7158399546875 0.3107369390625 0.735102975 0.3251108625 0.7118276375 0.30515030468750004 0.6974481875 0.3223173546875 0.65926380625
9 0.3541096546875 0.6423303390624999 0.33590666874999997 0.636006728125 0.3082573515625 0.6960264140625 0.35276055624999997 0.7192808312500001 0.36305446875 0.6893531671875001 0.34168165625 0.681753878125 0.3541096546875 0.6423303390624999
2 0.40884398749999995 0.6329596343749999 0.363744525 0.6178158453125 0.34554191875 0.6789651125 0.386749725 0.695548940625 0.40884398749999995 0.6329596343749999
9 0.413300890625 0.6895331234375 0.39359146875 0.68594349375 0.3693003359375 0.7553312203125 0.421492678125 0.77165938125 0.4302487640625 0.74311696875 0.4041682890625 0.7356272515625 0.413300890625 0.6895331234375
4 0.43878491875 0.6713970265625 0.4198287140625 0.6664404046875 0.4087189890625 0.72877404375 0.458526109375 0.7438082625 0.46339053906250005 0.7167058890625 0.4396952859375 0.7105101109375 0.43878491875 0.6713970265625
10 0.49248350625 0.6512547703125 0.44433978124999995 0.6402302093750001 0.4419235453125 0.70506041875 0.48705440156249996 0.7215529359375 0.49248350625 0.6512547703125
10 0.5431696046875001 0.7040533484375 0.4913853578125 0.705258640625 0.4931433078125 0.7807873562500001 0.5496666046875001 0.78082121875 0.5431696046875001 0.7040533484375
0 0.5745226046874999 0.701974140625 0.5455234328125 0.7039985640624999 0.5519890421875 0.7794177062500001 0.6069117296875 0.778139365625 0.6054364953125 0.7484856328125 0.5818354171875 0.7463360390625 0.5745226046874999 0.701974140625
7 0.5700658921875 0.6791370890625 0.58246306875 0.739574140625 0.6351261015625 0.7423967671875 0.621724571875 0.6725368890625 0.5700658921875 0.6791370890625
0 0.6644702031249999 0.6877354687499999 0.6363498187500001 0.6937878078125 0.66472171875 0.7659981609375001 0.7154074359375 0.7513238609374999 0.702100271875 0.7192466015625001 0.6810099828125 0.7237858593750001 0.6644702031249999 0.6877354687499999
12 0.6941282265625001 0.6465614375000001 0.6497821734375 0.6637870968749999 0.68251641875 0.72105188125 0.7285572625000001 0.70918460625 0.6941282265625001 0.6465614375000001
3 0.7459124734375 0.6453561453125001 0.7273643671875 0.6579329796875 0.770361325 0.717657809375 0.812196590625 0.693743303125 0.795186121875 0.67119844375 0.77265218125 0.6811691296875 0.7459124734375 0.6453561453125001
10 0.7653705703125 0.6044195234374999 0.729780790625 0.62683920625 0.7733426140625 0.6771046859375 0.8145188390625 0.6586033515625 0.7653705703125 0.6044195234374999
11 0.8341338953124999 0.6244103609375 0.8371153734375 0.617593678125 0.874148996875 0.623479 0.8824343921875 0.60844211875 0.8624424421875 0.59271394375 0.8486019921875 0.6051812046875 0.8135141062500001 0.5817076453125 0.8004268765625 0.5928079171875 0.8341338953124999 0.6244103609375
8 0.8228036671875 0.542357153125 0.796660596875 0.5659064218750001 0.814204540625 0.5776432015624999 0.8476918171875001 0.5998045578125 0.87709889375 0.58157715 0.8228036671875 0.542357153125
5 0.5014901609375 0.53229285625 0.4889677953125 0.5339337765625001 0.49574713593749997 0.5891037531250001 0.539559715625 0.5826861734375 0.5347890843750001 0.5463618515625 0.5253423749999999 0.54523226875 0.5159898390625 0.548148865625 0.511752871875 0.5347529062499999 0.5014901609375 0.53229285625
5 0.5403441375 0.548931471875 0.537205696875 0.5490045203125 0.5411603281249999 0.5839983765625 0.588174134375 0.5802052015625 0.5766557421875 0.523796071875 0.545334134375 0.5272240046875 0.5488178859375 0.5419869546875 0.5466210140625 0.5487853765625 0.5403441375 0.548931471875
6 0.3363977109375 0.5997894234375 0.30028097656249997 0.578896896875 0.2669216234375 0.6270911296875 0.29972999843750003 0.65398788125 0.3363977109375 0.5997894234375