1 0.2346504578125 0.6355090999999999 0.219562978125 0.6184656296875 0.1683880015625 0.6653262578125 0.202436765625 0.6955976359375 0.22180577812500002 0.67651985 0.2051656390625 0.660733009375 0.2346504578125 0.6355090999999999
0 0.2407984328125 0.692443709375 0.25858341875 0.6719266015625001 0.24431147812499998 0.657624753125 0.2682757265625 0.6293851859374999 0.2524668140625 0.617687940625 0.2345877171875 0.6301172046875 0.209854984375 0.659659071875 0.2407984328125 0.692443709375
1 0.3058376203125 0.6921906296875 0.2885074203125 0.684445959375 0.2515886984375 0.7442604578124999 0.29338506875000003 0.766900725 0.30801768281249997 0.744852953125 0.28824085625 0.7288834203125 0.3058376203125 0.6921906296875
9 0.33780043593750003 0.6778875281250001 0.3196860625 0.670097184375 0.2913618578125 0.7277181374999999 0.3355577984375 0.75453934375 0.34619112812499997 0.7255233390625 0.3249243859375 0.71620233125 0.33780043593750003 0.6778875281250001
2 0.392598334375 0.6729967796875 0.34771233281249997 0.6542177453125 0.328813871875 0.7137347468749999 0.3697947015625 0.733633390625 0.392598334375 0.6729967796875
9 0.39639379531249996 0.7297943703125 0.37674245 0.724608628125 0.35166472656250003 0.7918480906250001 0.40362395781249993 0.8123861546875 0.41270463125 0.7846267796874999 0.3867328578125 0.775031734375 0.39639379531249996 0.7297943703125
4 0.42206755156250003 0.7137779140625 0.4031846921875 0.7072898703125 0.3913594625 0.7685659015625 0.44095049375000006 0.787618971875 0.44612599218750004 0.7609792078125001 0.42252242031250004 0.752869153125 0.42206755156250003 0.7137779140625
10 0.47595580000000004 0.698057703125 0.4279801671875 0.6831398984375 0.42481219374999996 0.7476142765625 0.46971388125 0.7677412859375 0.47595580000000004 0.698057703125
10 0.5259860140625 0.7548540421875 0.4742306890625 0.7518396375 0.4751090546875 0.82732616875 0.53158509375 0.831962584375 0.5259860140625 0.7548540421875
0 0.55733719375 0.7553329796875 0.528338528125 0.7549910609375 0.5339219234375 0.8307516296875 0.5888139359375 0.833948725 0.5876846921875 0.804247628125 0.5641281734375 0.8001814968750001 0.55733719375 0.7553329796875
7 0.5531496890625001 0.7321890609375 0.5648339203125 0.7934873015624999 0.617420471875 0.8005912984375 0.6048422734375001 0.7298115703125 0.5531496890625001 0.7321890609375
0 0.647375759375 0.7484535859375 0.619208321875 0.7522012609375001 0.6467171515625 0.8265447203124999 0.6975314546875 0.8160337140625 0.6846082671875 0.7829515781249999 0.6634826890625 0.785762334375 0.647375759375 0.7484535859375
12 0.6774878984375 0.7097956109375 0.6329783390625 0.7233679484375 0.6650196609375 0.7831577328125 0.7111603046874999 0.7750686375 0.6774878984375 0.7097956109375
3 0.7292432234375 0.712810015625 0.710564271875 0.723845634375 0.7528311953125 0.7869251109375 0.7949098140624999 0.7664758890625001 0.7781755640625 0.74260120625 0.7555443828125 0.7507125109375 0.7292432234375 0.712810015625
10 0.7491611328125 0.6735582953125 0.7133402 0.6930249265625 0.7562814999999999 0.7467142609375 0.7976386890625 0.7316112609375 0.7491611328125 0.6735582953125
11 0.817635021875 0.699099409375 0.8206932828125 0.69254223125 0.8576277734375 0.7014287218749999 0.866081125 0.6871034093749999 0.8462886140625001 0.669785903125 0.8323146906250001 0.681095559375 0.7975288093749999 0.6548224281249999 0.7843233734374999 0.66482978125 0.817635021875 0.699099409375
8 0.8072681718749999 0.616324934375 0.780872984375 0.6376876140625 0.798265925 0.6508241796875 0.8314677796875 0.675657990625 0.8610623937499999 0.6598698984375 0.8072681718749999 0.616324934375
5 0.4863380859375 0.5801211015625001 0.473807025 0.5807383109375001 0.479939315625 0.6363249468750001 0.5237901843749999 0.633490728125 0.5194458281250001 0.596867071875 0.510020084375 0.5949710234375 0.5006413953125 0.597118896875 0.49656368593750005 0.583410796875 0.4863380859375 0.5801211015625001
5 0.5249664 0.599882728125 0.5218297125 0.5997000359375 0.5253742124999999 0.634930046875 0.5723931375 0.634974465625 0.5615401328125 0.5777658203125 0.5302046390624999 0.5786348578125 0.5335138625 0.593645259375 0.5312397718749999 0.6002481109375 0.5249664 0.599882728125
6 0.32059777500000003 0.6340087343749999 0.2847538890625 0.6102265250000001 0.25086187031249996 0.65558608125 0.28333033125 0.6850883859375 0.32059777500000003 0.6340087343749999