1 0.2526229578125 0.589166628125 0.238176025 0.57230128125 0.1849018625 0.619753715625 0.2178393859375 0.64962408125 0.2380576703125 0.6303224640625 0.222001128125 0.6147317203125 0.2526229578125 0.589166628125
0 0.26141662656250003 0.6111669 0.286620825 0.5826509453125001 0.271231634375 0.5711396125 0.2527800453125 0.5837761015625 0.226751409375 0.6136031734375 0.2564697171875 0.646022746875 0.2751569375 0.62530046875 0.26141662656250003 0.6111669
1 0.321756496875 0.6450105234375 0.304679153125 0.6374690562499999 0.2651845734375 0.697707425 0.30620940937499996 0.7198571453125 0.3217952296875 0.697641178125 0.30259801249999996 0.681904378125 0.321756496875 0.6450105234375
9 0.35441965625 0.630336025 0.336557146875 0.62275804375 0.3057779578125 0.6807028046875 0.349040484375 0.7070049609375 0.3608968203125 0.6778682671875 0.3399329109375 0.668796596875 0.35441965625 0.630336025
2 0.4096170625 0.6248062203125 0.3653337375 0.6065533421875 0.34393729375 0.666283903125 0.384255509375 0.6857018453125 0.4096170625 0.6248062203125
9 0.4111083171875 0.6815527984374999 0.3915969265625 0.6765970515624999 0.3636835078125 0.744121290625 0.414994078125 0.7640504296875 0.42524080625 0.7361883406249999 0.39956588437499996 0.7268975859375 0.4111083171875 0.6815527984374999
4 0.43752940156250003 0.6652385562500001 0.4188424515625 0.6589716906249999 0.40447325312500004 0.7203785125 0.453467590625 0.7388504765625 0.45974920468749997 0.71215345 0.43639051875 0.704319865625 0.43752940156250003 0.6652385562500001
10 0.492255815625 0.6488911890625 0.4447140015625 0.6345351453125 0.4389031109375 0.699038884375 0.483147165625 0.718639396875 0.492255815625 0.6488911890625
10 0.5401505390625 0.7050968359375 0.4883294375 0.7026869046875001 0.4861302125 0.778154265625 0.542623053125 0.7821309109375 0.5401505390625 0.7050968359375
0 0.571596540625 0.70520976875 0.54250604375 0.7052063796875 0.545017828125 0.780892821875 0.5999796046875 0.783448809375 0.6000584171875001 0.7537644046875001 0.5765819140625 0.74997371875 0.571596540625 0.70520976875
7 0.568338321875 0.6821174625 0.5775634421875 0.7432720765624999 0.6300518984375 0.7497614140625 0.6203165125 0.67913686875 0.568338321875 0.6821174625
0 0.6622443328125 0.69728020625 0.6338211890625 0.7013562249999999 0.658396228125 0.7753698015625 0.70982488125 0.7642669046874999 0.698204715625 0.7313395234375 0.6768873578125 0.7343965375 0.6622443328125 0.69728020625
12 0.69404405 0.6582753140625 0.6488181984375 0.6723655875000001 0.6785362359375 0.7317743046875 0.7251753390625 0.723147584375 0.69404405 0.6582753140625
3 0.745865153125 0.6606852453125 0.72666766875 0.671937590625 0.76651435 0.73451625 0.8095810562500001 0.7135782796875 0.7937601453124999 0.6899017484375001 0.7707153640625 0.6982762578124999 0.745865153125 0.6606852453125
10 0.767457684375 0.6212056687499999 0.730711596875 0.641088121875 0.7716183484375 0.694269878125 0.8137428 0.6786859171875 0.767457684375 0.6212056687499999
11 0.865093446875 0.616299996875 0.850606971875 0.6277714265625 0.8167664640625001 0.6019074390625 0.8031044296875001 0.6120677515625 0.8351389703125 0.6459444984375 0.8384760015625 0.6393523984375 0.8751825500000001 0.6478067171874999 0.884251390625 0.633384425 0.865093446875 0.616299996875
8 0.84997889375 0.6223443859375 0.88032581875 0.6062127125 0.8281125359375 0.5633008109375 0.80074919375 0.584969065625 0.8176694484375 0.597901059375 0.84997889375 0.6223443859375
5 0.540034340625 0.547204871875 0.53065159375 0.5454190703124999 0.5211510296874999 0.5476761640625 0.5176179078125 0.5340172812499999 0.5074892656250001 0.530847334375 0.4948873015625 0.5316107390625 0.49877333124999995 0.587119228125 0.542899840625 0.5837734921875 0.540034340625 0.547204871875
5 0.5830617734375 0.52761453125 0.5515765015625 0.5288492312499999 0.5542851843750001 0.5438192328125 0.5517333203125 0.550447846875 0.545451975 0.550155734375 0.5423113015625 0.5500096765625 0.54443090625 0.5851941515625 0.59161954375 0.5846897328125 0.5830617734375 0.52761453125
6 0.33894504375 0.5866632140625 0.3039410125 0.5633022046875 0.26807411718749996 0.6090520078125 0.2994569609375 0.6381718375000001 0.33894504375 0.5866632140625