1 0.23688091562500002 0.6176478484375 0.2215164546875 0.6023531640625001 0.171230221875 0.65519693125 0.20576098593749997 0.6815177046875001 0.22477018593750003 0.660174721875 0.20787714687499997 0.646318115625 0.23688091562500002 0.6176478484375
0 0.2469149609375 0.63864920625 0.2703530640625 0.6076047531250001 0.254361540625 0.5977429421875 0.2367240828125 0.6122606078125 0.212541296875 0.644697503125 0.24401490781250001 0.6738944328125 0.261417115625 0.65129590625 0.2469149609375 0.63864920625
1 0.3089603953125 0.66606643125 0.291518709375 0.6603363171875001 0.255695421875 0.7244799734375 0.29782986718750004 0.742263553125 0.3120572953125 0.7185007515625 0.292028684375 0.7048266765625 0.3089603953125 0.66606643125
9 0.3406295078125 0.6480337453125 0.3224039296875 0.6423492640624999 0.295125046875 0.703297334375 0.3397287953125 0.7249844453125001 0.3498407171875 0.6947157609375 0.3284403609375 0.6878670015624999 0.3406295078125 0.6480337453125
2 0.3952667609375 0.6367585499999999 0.35011436875 0.623197934375 0.332281409375 0.6849452125 0.37355354531249996 0.7000808078125 0.3952667609375 0.6367585499999999
9 0.400049071875 0.6931420328125 0.3803341234375 0.6902424375 0.3564652703125 0.76043564375 0.408711909375 0.7749323703125001 0.417295253125 0.7461017625 0.3911915390625 0.739526803125 0.400049071875 0.6931420328125
4 0.42540783437499996 0.674127603125 0.4064375703125 0.6698355640625 0.39569885625 0.7325189546875001 0.4455546078125 0.7458057703125001 0.4502576953125 0.7185501421875 0.42654486875000003 0.713185090625 0.42540783437499996 0.674127603125
10 0.4789475296875 0.6521235625 0.4307771890625 0.642785909375 0.4287397125 0.7076609515625 0.47393131562499996 0.722568378125 0.4789475296875 0.6521235625
10 0.5299011078125 0.703121059375 0.478164175 0.7061328609374999 0.4803598296875 0.7815542140625 0.5368393265625 0.779615421875 0.5299011078125 0.703121059375
0 0.5612176171875001 0.6999489140625 0.5322527859374999 0.7029841593749999 0.5391517968749999 0.7781317125 0.594024303125 0.774937378125 0.59237783125 0.7453531921875001 0.5687826265625 0.744028575 0.5612176171875001 0.6999489140625
7 0.556631615625 0.6772813109375 0.5693704796875 0.7372488921875 0.622008928125 0.7382318859375 0.608211715625 0.6688822703125 0.556631615625 0.6772813109375
0 0.6510124265624999 0.6825797890625 0.622949115625 0.6896098296875001 0.6517187109375 0.7607860296875 0.7022796687499999 0.7443517625 0.6887963874999999 0.7127584578125 0.6677489046875 0.7180309890625 0.6510124265624999 0.6825797890625
12 0.6804080078125 0.640395790625 0.6361966109375 0.6591586109375001 0.6692382734375 0.7152461031249999 0.7151742921875 0.70177925625 0.6804080078125 0.640395790625
3 0.732144940625 0.6373839890624999 0.7136843828125 0.6506004812499999 0.756995071875 0.70878835625 0.7986587515625 0.6834283875 0.7815304640625 0.66149091875 0.759072025 0.6722419546875 0.732144940625 0.6373839890624999
10 0.7513499140625 0.595793225 0.71591816875 0.6194413171875001 0.75973829375 0.668155890625 0.8007749125 0.648228796875 0.7513499140625 0.595793225
11 0.8482781781250001 0.5807070171875 0.834520978125 0.593649709375 0.7993239437499999 0.5714149984375 0.7863114296875 0.5829652453125 0.8201759265625 0.61337208125 0.8231154578125001 0.6064554984375 0.8601544656250001 0.611044778125 0.8683459984375 0.595727903125 0.8482781781250001 0.5807070171875
8 0.8335802546875 0.5883081015625 0.8628584796875 0.5690655046875001 0.8083775171875001 0.5317642765625 0.7823916953125 0.5562115796875 0.7999902125 0.567328934375 0.8335802546875 0.5883081015625
5 0.520610403125 0.5458181 0.5111644796875 0.5450188890625001 0.5018361812500001 0.5482601078125 0.4975246359375 0.5350201796875 0.4872556140625 0.5329197906250001 0.47475253281249996 0.5349967343750001 0.48184731562499994 0.5898965078125 0.5255884875 0.5819538 0.520610403125 0.5458181
5 0.562313290625 0.5218049406249999 0.5310359890624999 0.5263238953125 0.5346028515625 0.5409562703125 0.5324472124999999 0.54782721875 0.5261760703125 0.5481922859374999 0.523040496875 0.5483748187499999 0.5271954812499999 0.58320934375 0.5741506390625 0.5777777203125 0.562313290625 0.5218049406249999
6 0.32268404687499996 0.6061368828125 0.2864739703125 0.586517540625 0.2534207515625 0.6358466390624999 0.2863599484375 0.661582009375 0.32268404687499996 0.6061368828125