3 0.10294705156249999 0.845619390625 0.1216740328125 0.8812306 0.16191305 0.8536871734375 0.1489482125 0.8396038765625 0.1702681703125 0.828061546875 0.15893594375 0.8125128953124999 0.10294705156249999 0.845619390625
6 0.2259689515625 0.830731678125 0.202248103125 0.8045017765625 0.1522134328125 0.840837346875 0.1797757109375 0.8717027640625 0.2259689515625 0.830731678125
10 0.3873552203125 0.9875515625 0.4369097078125 0.992798909375 0.43979079062500004 0.939018025 0.3942698078125 0.9325999046875 0.3873552203125 0.9875515625
2 0.3643066234375 0.9847235703124999 0.38543450468749996 0.987315896875 0.38783540156249996 0.9751179296875 0.3665154484375 0.9700035250000001 0.3643066234375 0.9847235703124999
9 0.48598401874999997 0.9938231546875 0.533041575 0.987104421875 0.5168115265625 0.9259816421875 0.4726350453125 0.928889690625 0.48598401874999997 0.9938231546875
7 0.5128488109375 1 0.5109533328125 0.9927226296875 0.4838712296875 0.9910654125 0.4784932265625 0.97041746875 0.45822966562499995 0.9770923953124999 0.4632235265625 0.99686036875 0.488812034375 1 0.5128488109375 1
11 0.589894796875 0.8924740640625 0.55090425 0.9051796140624999 0.5800991343749999 0.9595647734374999 0.622162828125 0.9497347984375001 0.589894796875 0.8924740640625
3 0.6211054640625 1 0.599882515625 0.9569951140624999 0.580771384375 0.962145765625 0.569823303125 0.9433128999999999 0.5499438859375 0.9550319796875 0.5728605234375 1 0.6211054640625 1
8 0.6637463515625 0.877383159375 0.6917888171875 0.85833729375 0.6478044140625 0.8137972187500001 0.6207223046875 0.8329609171874999 0.6637463515625 0.877383159375
5 0.67930415625 0.8692980140625 0.6640344609375 0.87908418125 0.6394492890625 0.856079578125 0.6281170609375 0.865516025 0.6742142531249999 0.9086496593750001 0.6993756421875 0.88925029375 0.67930415625 0.8692980140625
2 0.68929188125 0.9005055953125 0.67402218125 0.9102917640625 0.6461717953125 0.886053690625 0.634839565625 0.8954901390625001 0.6813209015624999 0.943667925 0.7077307562499999 0.9219232312500001 0.68929188125 0.9005055953125
8 0.4356612734375 0.7328006921875 0.3960945125 0.72961164375 0.389179928125 0.7720707531250001 0.4298030828125 0.7787207609375 0.4356612734375 0.7328006921875