3 0.2096121078125 0.8778395421875 0.1952503765625 0.8652599375 0.21523910625 0.8514250375 0.2023472453125 0.8372075375 0.150146553125 0.876320096875 0.1724877375 0.9096800359375001 0.2096121078125 0.8778395421875
6 0.27089412031250004 0.84793514375 0.244569096875 0.8244588437499999 0.1986255171875 0.866126709375 0.22925424218749998 0.8937905859375 0.27089412031250004 0.84793514375
10 0.4477357421875 0.9861330796875001 0.49754979062500004 0.98588521875 0.4947908140625 0.93206565625 0.448864325 0.9307037546875 0.4477357421875 0.9861330796875001
2 0.42452591718750005 0.9858630078124999 0.445801590625 0.9861105734375 0.446913078125 0.9737110171875001 0.42518274843750004 0.9709756609375001 0.42452591718750005 0.9858630078124999
9 0.5464449 0.9814891703124999 0.592525428125 0.9696128734375 0.5699991546875001 0.9105983015625 0.5263844546875001 0.9183657921874999 0.5464449 0.9814891703124999
7 0.5171031171875 0.9679077578124999 0.52413475625 0.9870220625 0.5619535390625 0.9874621234375001 0.57473758125 0.9871645718750001 0.5711534781250001 0.9776391828125 0.544056090625 0.9789788765624999 0.5365505421875 0.95903155625 0.5171031171875 0.9679077578124999
11 0.6391525625 0.86920050625 0.6017179546875 0.8861424031249999 0.6364289546874999 0.9370237640625 0.6772194453125 0.9226034140625 0.6391525625 0.86920050625
3 0.624513796875 0.9219901281249999 0.6059756828125 0.9358419078125 0.63843191875 0.9856820703125001 0.6521852359375 0.9853619578125 0.6843206390625001 0.9773010046874999 0.655828240625 0.9322844984374999 0.637367146875 0.9395171781249999 0.624513796875 0.9219901281249999
8 0.71099539375 0.84603899375 0.736882853125 0.8239977375 0.6884980046875 0.7845422578125001 0.66357761875 0.806594765625 0.71099539375 0.84603899375
5 0.68461260625 0.8275270140625001 0.67433315 0.8381648937499999 0.7246714078125 0.8759881046875 0.7476576390624999 0.853913090625 0.7256170640625 0.8362791390625001 0.7114596765625001 0.8476993937499999 0.68461260625 0.8275270140625001
2 0.69442994375 0.8566037281250001 0.6841504859375 0.8672416078125 0.7353980546875001 0.9100403937499999 0.7593802453125 0.8854944703125 0.7388095406249999 0.8662226234375 0.7246521515625 0.8776428781250001 0.69442994375 0.8566037281250001
8 0.469123603125 0.7273746484375 0.429454228125 0.72856805 0.42701944375 0.7715696875 0.468100925 0.7737027109375 0.469123603125 0.7273746484375