3 0.107224828125 0.8500342046875 0.0951621828125 0.8362507609375 0.11722155625 0.824210640625 0.10688539374999999 0.80892364375 0.0487756609375 0.843337778125 0.0652213453125 0.878517934375 0.107224828125 0.8500342046875
6 0.172751284375 0.8255846828125 0.15071075625000002 0.7999033390625 0.0983483859375 0.8374083984375 0.1239333875 0.8676364765625 0.172751284375 0.8255846828125
10 0.32409148593750003 0.9786694953125 0.373309821875 0.9827641593750001 0.379636171875 0.928908934375 0.334526340625 0.9235494578125 0.32409148593750003 0.9786694953125
2 0.3012240515625 0.9763775828125001 0.32218586562499996 0.978478503125 0.3253681796875 0.9662230031249999 0.3043758609375 0.9616041328125 0.3012240515625 0.9763775828125001
9 0.4223185171875 0.9826463265625 0.46980648281250004 0.9748314062500001 0.45749203437499997 0.914078109375 0.41312925937499995 0.9180147703125 0.4223185171875 0.9826463265625
7 0.39563595625 0.966559290625 0.3993634578125 0.9862137078125001 0.4247508375 0.9887581843750001 0.44878761406249995 0.9881987234375 0.4473583328125 0.9809644843750001 0.4203823921875 0.9799373859375 0.41632712187500004 0.9594118203124999 0.39563595625 0.966559290625
11 0.5327218390625 0.8788649609375 0.492917359375 0.8924797468750001 0.5186282656250001 0.9461927515624999 0.5613216796875 0.935382403125 0.5327218390625 0.8788649609375
3 0.48876339375000005 0.942361215625 0.5087993265625 0.986801934375 0.5570442671875 0.985679021875 0.5385762625 0.94316228125 0.519135175 0.9487584468750001 0.5093935484375 0.9301778515624999 0.48876339375000005 0.942361215625
8 0.6075401359375 0.8620531 0.6368027015625 0.842351959375 0.5956715890625001 0.7988296015625 0.5673618312500001 0.8186262375 0.6075401359375 0.8620531
5 0.58460780625 0.8413121531250001 0.57267106875 0.8510136390625 0.61600506875 0.893080190625 0.6424092046875 0.873092559375 0.623615884375 0.8536047468750001 0.607719275 0.8637476453125 0.58460780625 0.8413121531250001
2 0.5894101359375 0.87113385625 0.5774733953125 0.8808353437499999 0.620868403125 0.9279377890625 0.64867125 0.9055754546875001 0.6316044140625 0.8845840875000001 0.6157078015625 0.8947269875 0.5894101359375 0.87113385625
8 0.388717184375 0.72275979375 0.3493547171875 0.7204912390625 0.3397201515625 0.7631170375 0.3799172984375 0.76882243125 0.388717184375 0.72275979375