3 0.1411157421875 0.92684034375 0.1653723875 0.958565409375 0.2006022625 0.9242075765625 0.18552497031249998 0.9126586796874999 0.2046861546875 0.8974608234374999 0.190981778125 0.8841752250000001 0.1411157421875 0.92684034375
6 0.2600750265625 0.8900960140624999 0.2324140671875 0.8685099515625 0.188946709375 0.9132880015625 0.2211501140625 0.938751815625 0.2600750265625 0.8900960140624999
10 0.493187946875 1 0.4886123171875 0.9584137500000001 0.4426586765625 0.9602591171875 0.44416375625000004 1 0.493187946875 1
9 0.5554847281249999 1 0.5884205015624999 0.9890565499999999 0.5624864640625 0.9317483578125 0.5193731125000001 0.9425409796875 0.541496590625 1 0.5554847281249999 1
7 0.539754553125 1 0.531893496875 0.9824046046875001 0.5129845171875 0.9926173234375 0.5162171812499999 1 0.539754553125 1
11 0.6291530390625 0.8856204812499999 0.592746515625 0.9051353875 0.6303782953125 0.9534788515624999 0.6702835953124999 0.9362456031249999 0.6291530390625 0.8856204812499999
3 0.6507968640625 1 0.680558896875 0.9903228359374999 0.6494798671875001 0.947396978125 0.631460484375 0.9559011156249999 0.617602034375 0.9393108390625 0.5998908015625 0.95442433125 0.633806115625 1 0.6507968640625 1
8 0.6995669312499999 0.8574996015625 0.7241427328125 0.8337025953125 0.6735173359375 0.7977129 0.649908165625 0.8214536640625001 0.6995669312499999 0.8574996015625
5 0.71360421875 0.8467419265625 0.7001272843749999 0.8591238171875 0.67213708125 0.84087055625 0.6624881640625 0.8522013046874999 0.71496979375 0.8864261765625001 0.7366456953125 0.862797896875 0.71360421875 0.8467419265625
2 0.7285237671875 0.8756966203125 0.71504683125 0.8880785124999999 0.6836348906249999 0.8691959296875 0.6739859734375 0.8805266828124999 0.7276653484375 0.9196523234375 0.750192328125 0.8934892937500001 0.7285237671875 0.8756966203125
8 0.45106583906250003 0.755980975 0.411510875 0.7599392703125 0.4115805734375 0.8030125609375001 0.45273956093749995 0.802274575 0.45106583906250003 0.755980975