3 0.14314403281250002 0.8920313343749999 0.1658657046875 0.9251201078125 0.2026071359375 0.8928585546875001 0.1881039390625 0.8804502640624999 0.2079249734375 0.8663875359375 0.194872096875 0.8523248078125001 0.14314403281250002 0.8920313343749999
6 0.19148801875000002 0.8812774843750001 0.22242816875 0.908575721875 0.2635205578125 0.8622514390625 0.236931365625 0.8390892984375 0.19148801875000002 0.8812774843750001
10 0.48832009374999996 0.9437490859375 0.44239330624999995 0.9429218671875 0.441909865625 0.9983455609374999 0.49170417187500004 0.9975183421875 0.48832009374999996 0.9437490859375
2 0.4409429859375 0.985937271875 0.4191881921875 0.9834556125 0.418704753125 0.9983455609374999 0.43997610624999994 0.9983455609374999 0.4409429859375 0.985937271875
9 0.5632532718750001 0.9214141640625 0.5197436843750001 0.9296863578125001 0.5405315984375 0.9925550265625 0.586458384375 0.9801467359375 0.5632532718750001 0.9214141640625
7 0.5690545499999999 0.9983455609374999 0.56518703125 0.9884189296875 0.5381143984375 0.9900733687500001 0.5303793609375 0.9702201046875001 0.511041765625 0.9793195171875 0.5182933640625 0.9983455609374999 0.5690545499999999 0.9983455609374999
11 0.629967971875 0.9470579640624999 0.6705769203124999 0.9321680156250001 0.6319017312499999 0.8792259796874999 0.5946768625 0.8965975859374999 0.629967971875 0.9470579640624999
3 0.6343189312499999 0.9983455609374999 0.678311959375 0.9867644921875 0.6493055671875 0.9420946484374999 0.6309348515625001 0.9495396218750001 0.617881975 0.9321680156250001 0.5995112609375 0.9462307437499999 0.6343189312499999 0.9983455609374999
8 0.68024571875 0.7940223890625 0.655590284375 0.8163573109375 0.70345083125 0.8552366203125 0.72907314375 0.8329016984375001 0.68024571875 0.7940223890625
5 0.7179540265625 0.8453099875 0.703934271875 0.8568910578125 0.6768616390625 0.8370377953125001 0.6667094015624999 0.8477916453125 0.7174705875 0.885016515625 0.7401922609375 0.86268159375 0.7179540265625 0.8453099875
2 0.73149034375 0.8750898828125001 0.7174705875 0.8866709531250001 0.6870138765625 0.8659904703124999 0.6768616390625 0.876744321875 0.7285897046875001 0.9189325078125 0.7522782578125 0.8941159265625 0.73149034375 0.8750898828125001
8 0.418704753125 0.7840957578125 0.459797140625 0.7857501953125 0.46028058125 0.739425915625 0.42063851249999995 0.741080353125 0.418704753125 0.7840957578125