3 0.16204735625 0.87144694375 0.1485195125 0.858699146875 0.16935208906250002 0.8450956859375 0.15739585312499998 0.830726959375 0.1028007 0.8692353671875 0.1229627265625 0.9028581156250001 0.16204735625 0.87144694375
6 0.22511636249999997 0.84225315625 0.200346578125 0.818468521875 0.1518323109375 0.8596052703125 0.1806291875 0.887627915625 0.22511636249999997 0.84225315625
10 0.392757990625 0.9825207031250001 0.4424859203125 0.9828525109375 0.4431744453125 0.928996284375 0.397429065625 0.92709981875 0.392757990625 0.9825207031250001
2 0.369612946875 0.9819805171875 0.3908292375 0.9824756875 0.39273142499999997 0.9700880156249999 0.37122050624999997 0.967099553125 0.369612946875 0.9819805171875
9 0.49156207656250006 0.9790250828125 0.5383077875 0.9676840234374999 0.5196017109375 0.908402315625 0.47557954531249996 0.91566291875 0.49156207656250006 0.9790250828125
7 0.4631489109375 0.9651010687499999 0.4689437625 0.9842988203124999 0.49524368125 0.9849126390625 0.5191813953125 0.9842161234375 0.516466290625 0.9754623046875001 0.489338696875 0.9764867781250001 0.4831241765625 0.9564504265625 0.4631489109375 0.9651010687499999
11 0.5912610218750001 0.8678057578124999 0.552819578125 0.8843134609375 0.5842055734375 0.9356030609375001 0.6258347718749999 0.9216561703125 0.5912610218750001 0.8678057578124999
3 0.5732762328125001 0.920429496875 0.5538902234374999 0.9340667187499999 0.5819877828125 0.98238864375 0.607340525 0.9816509546875001 0.6294234234375 0.9764410281250001 0.6038682343749999 0.9310891453125001 0.5849823875 0.9381076046875 0.5732762328125001 0.920429496875
8 0.664438009375 0.8454783203125 0.691682053125 0.8237364515625 0.64591949375 0.7837145750000001 0.6196398249999999 0.8054789515625 0.664438009375 0.8454783203125
5 0.6392931 0.826657759375 0.6283543734375 0.8371769140625 0.676170728125 0.8755891171875 0.7005216437499999 0.8537797234375001 0.679653909375 0.8358877921874999 0.6647951562500001 0.8471442640625 0.6392931 0.826657759375
2 0.6472308328125 0.8558511765624999 0.6362921078125 0.8663703343750001 0.684697715625 0.9097691156250001 0.7102005703125001 0.8855001937500001 0.6909044421874999 0.865987334375 0.6760456875 0.8772438062499999 0.6472308328125 0.8558511765624999
8 0.43065012343750003 0.7239892593749999 0.3909856296875 0.724721128125 0.3858058015625 0.767698071875 0.42666677656249996 0.7703093421875 0.43065012343750003 0.7239892593749999