7 0.29984487656250003 0.77687870625 0.2863493390625 0.77348550625 0.2489089921875 0.8242583703124999 0.28477375625 0.8381517562499999 0.3118956421875 0.8036785125 0.292452496875 0.7977233046875 0.29984487656250003 0.77687870625
1 0.2954740265625 0.7957403328125 0.3329709359375 0.8057269171874999 0.35729401875 0.7580047578125 0.32358698750000003 0.7473457765625 0.2954740265625 0.7957403328125
1 0.38381607500000003 0.818409384375 0.3636882515625 0.8161928828124999 0.3423430953125 0.8756852859375 0.3854929984375 0.8868392546875 0.3989720390625 0.8482755015624999 0.3776339546875 0.842656490625 0.38381607500000003 0.818409384375
5 0.4091266953125 0.7893216187500001 0.392609625 0.7879113906249999 0.38021357031249997 0.8385815875 0.42398451093749995 0.85034881875 0.43372553125 0.8196827234375 0.4037129234375 0.8148792968749999 0.4091266953125 0.7893216187500001
0 0.405492371875 0.8116698031249999 0.45015893125 0.8160436750000001 0.46397618906250004 0.7651213296875 0.4246680140625 0.7605202234374999 0.405492371875 0.8116698031249999
11 0.476127121875 0.8389273671874999 0.456293909375 0.8381054875 0.45158130781250005 0.9018814125000001 0.5038594375 0.902734503125 0.5028836875 0.8725228796875 0.4791451140625 0.8695001031249999 0.476127121875 0.8389273671874999
6 0.4804508296875 0.8663746578125 0.5287599578125 0.8693788187499999 0.5245870921875 0.8100731328125 0.478877609375 0.8123953140625 0.4804508296875 0.8663746578125
6 0.608469909375 0.7930203515625001 0.5631068875 0.8039624203125 0.575544184375 0.858184603125 0.6248125671875 0.8494434343749999 0.608469909375 0.7930203515625001
9 0.56934556875 0.8404747578125 0.5505753140625 0.8423580734374999 0.5576424390625 0.908384721875 0.6127111234375 0.9015082515625 0.6040837390625 0.8560149171875 0.5729963875 0.860083525 0.56934556875 0.8404747578125
4 0.6847010921875001 0.760685859375 0.6471688296875 0.785430965625 0.6864616828125001 0.8341650062499999 0.72778381875 0.8087475 0.6847010921875001 0.760685859375
7 0.6667675296875 0.8130619609374999 0.6524600406250001 0.822111403125 0.6873938296875 0.8781298421875 0.730726390625 0.855249434375 0.70882265625 0.82368671875 0.6850086609375 0.8365931375000001 0.6667675296875 0.8130619609374999
8 0.7511747578125 0.71706050625 0.7196219203124999 0.7421916390625001 0.77565456875 0.7771040218749999 0.8011961640624999 0.7537628468750001 0.7511747578125 0.71706050625
12 0.744642640625 0.7652434328125 0.7358726609375 0.7725869671875001 0.7864514703125 0.8142545359375 0.8196046359375 0.78739258125 0.7978364203125 0.76810440625 0.7746116468750001 0.783800071875 0.744642640625 0.7652434328125
8 0.801712328125 0.6538356953125 0.781055384375 0.677033684375 0.8398467703125 0.706392490625 0.8556827 0.67898571875 0.801712328125 0.6538356953125
5 0.8195398234375 0.7056546609375001 0.813727740625 0.7153671921875 0.8741194531250001 0.742995175 0.8940716890625 0.7141346453125 0.8762606875 0.7042726312500001 0.862888884375 0.724731203125 0.8195398234375 0.7056546609375001
5 0.801350546875 0.6893487453125 0.7987391125000001 0.6955996328125 0.8593417671875001 0.7195729609375 0.8734300671874999 0.6931996984375 0.8538396140625 0.6865471796875 0.8442576859375001 0.706333353125 0.801350546875 0.6893487453125
3 0.5435908296874999 0.6068805640625 0.5032079125 0.61115149375 0.5064887015624999 0.6452948359375 0.5491248015625 0.6377303624999999 0.5435908296874999 0.6068805640625