7 0.1869523125 0.688931640625 0.1754967921875 0.6813010078125 0.12147973906250001 0.716229190625 0.150121671875 0.74105241875 0.1883995265625 0.717900390625 0.17228951718750002 0.7059127359375 0.1869523125 0.688931640625
1 0.17586760625 0.7050648171875 0.20748997187499998 0.726787009375 0.24802700312499998 0.69035955625 0.22022210000000003 0.66926535625 0.17586760625 0.7050648171875
1 0.2506867609375 0.7554411234375 0.2325506828125 0.7467115046874999 0.190469465625 0.79509546875 0.22698413125 0.8197772703125 0.2539253703125 0.7882959046875 0.2359066296875 0.775994253125 0.2506867609375 0.7554411234375
5 0.28526919375 0.7367090468749999 0.2702355875 0.729926334375 0.239841428125 0.773050215625 0.276714371875 0.7985092218750001 0.2972175640625 0.7731514296875 0.2707284375 0.7587380875 0.28526919375 0.7367090468749999
0 0.273589965625 0.7563357578125001 0.3140378625 0.775200196875 0.34586356875 0.7323118140625 0.310545778125 0.7150095734375 0.273589965625 0.7563357578125001
11 0.3300383703125 0.8051265093750001 0.31166448281250003 0.797794303125 0.2836640734375 0.8556773046874999 0.332580790625 0.8737801093750001 0.34282376718749996 0.8452979234375 0.32158521875 0.834621396875 0.3300383703125 0.8051265093750001
6 0.3239695640625 0.8321405671875001 0.368353828125 0.8509342921874999 0.3863349671875 0.7942761328125 0.342431021875 0.7813075578124999 0.3239695640625 0.8321405671875001
6 0.47163020937500005 0.8061528625 0.4248678640625 0.801333271875 0.41654771874999996 0.8559893796875 0.466174725 0.8641532937499999 0.47163020937500005 0.8061528625
9 0.41725330937500005 0.8374305140624999 0.39888099062500004 0.832971634375 0.38114235937499996 0.8968523562499999 0.435542759375 0.908674584375 0.4442258859375 0.8634156578125 0.41344681562499996 0.8569157984375 0.41725330937500005 0.8374305140624999
4 0.555365596875 0.8012528515625 0.5108780984375 0.8118910874999999 0.5298762734375 0.87032294375 0.578181234375 0.8603127 0.555365596875 0.8012528515625
7 0.51912634375 0.844133446875 0.5023091765625 0.8478313312499999 0.514511021875 0.911609559375 0.5637719140625 0.9046296406250001 0.554805546875 0.86795954375 0.5276108296875 0.872105065625 0.51912634375 0.844133446875
8 0.6340835171875 0.7825986328125001 0.5950844015625 0.7955762734375 0.634953446875 0.8466674984375 0.66763028125 0.8333680765624999 0.6340835171875 0.7825986328125001
12 0.61013054375 0.8253455875 0.5991584734375001 0.8292867578124999 0.6313957265625 0.884868646875 0.6725413812500001 0.870807590625 0.6591677312499999 0.8456230093749999 0.6314973968750001 0.8525633609375 0.61013054375 0.8253455875
8 0.705035075 0.7404005312499999 0.6770111640625001 0.7551836515625 0.7215299984375 0.8020119234375 0.746568775 0.7817098640625 0.705035075 0.7404005312499999
5 0.702678928125 0.79460121875 0.6936171578125 0.8017297109375001 0.7402825296875 0.8474745671875 0.76973485625 0.8271802921875 0.7566052796875 0.8120916015624999 0.7364541015625 0.82673329375 0.702678928125 0.79460121875
5 0.69157385625 0.7733811687500001 0.6868051609375 0.7783428265625 0.73501941875 0.8207511453125 0.7580305625 0.8008337953125 0.7420394546875 0.7881474359375 0.7257057390625 0.803417121875 0.69157385625 0.7733811687500001
3 0.4793021171875 0.611179346875 0.43969438125 0.6017905890625 0.430169528125 0.6347005140624999 0.47311597499999997 0.6417654374999999 0.4793021171875 0.611179346875