7 0.2953205359375 0.767355265625 0.28184475937500003 0.7644292015625 0.24410872499999997 0.8165714265625 0.2798925765625 0.8292293296875 0.3072152265625 0.79376693125 0.2878067640625 0.7884834296875 0.2953205359375 0.767355265625
1 0.2908398421875 0.7863925265625 0.328278590625 0.7950818671875 0.3528795953125 0.7464521328125 0.3192346390625 0.736957228125 0.2908398421875 0.7863925265625
1 0.3790498703125 0.80600425 0.35893495625 0.8044879234375 0.33724332968750004 0.8647982656250001 0.3803282765625 0.8744590078125001 0.394031903125 0.8353775296875 0.3727265421875 0.8304968078125 0.3790498703125 0.80600425
5 0.404529890625 0.7759971453125 0.3880210328125 0.7751619875 0.3753298890625 0.8263268531250001 0.4190323 0.8365799203125001 0.4289519109375 0.8055362640625001 0.3989672765625 0.80177504375 0.404529890625 0.7759971453125
0 0.40076541718750003 0.798499496875 0.44540650312499996 0.8013189109375001 0.4595203203125 0.749851959375 0.420238940625 0.7466179140625 0.40076541718750003 0.798499496875
11 0.4712414265625 0.8233236796875 0.45141299999999995 0.8231933890625 0.446328984375 0.8872116546875001 0.49860214531249997 0.8862401921874999 0.497802340625 0.8560258015625 0.47408137031250003 0.8538283078125 0.4712414265625 0.8233236796875
6 0.4754052875 0.8506534546875001 0.5236969218749999 0.8519742875 0.5198694359375 0.792742 0.4741464296875 0.7966632234375 0.4754052875 0.8506534546875001
6 0.6038515640625 0.7727391703125 0.55842481875 0.7852786953125 0.5705463390625 0.8391326796874999 0.619865628125 0.8286603609375 0.6038515640625 0.7727391703125
9 0.5644508609375001 0.8216176984375 0.5456696390625 0.8241587812500001 0.552352240625 0.8900191578125 0.6074609718749999 0.8812112609374999 0.5990985296875 0.835963725 0.567987484375 0.8411228875000001 0.5644508609375001 0.8216176984375
4 0.6802710546874999 0.737703196875 0.6425946828125 0.763789134375 0.681603721875 0.8112104671875 0.7230738828125001 0.7843189640625 0.6802710546874999 0.737703196875
7 0.6620324671875 0.790769421875 0.6476722765625 0.800329528125 0.682279828125 0.8551963656250001 0.7257456390625 0.8307748484375 0.70402571875 0.7999385390625 0.6801365578125 0.8136922999999999 0.6620324671875 0.790769421875
8 0.7469987828125 0.6917033328125 0.7152995875 0.7179669609375 0.7711289156250001 0.750965215625 0.7968064453125 0.72670364375 0.7469987828125 0.6917033328125
12 0.7401860609375001 0.7401731218750001 0.7313733140625 0.7478318671874999 0.7817094625000001 0.787783996875 0.815019065625 0.7597315499999999 0.7933631796875 0.7411800171875 0.7700469984375 0.75770585 0.7401860609375001 0.7401731218750001
8 0.7979045578124999 0.6266366109375 0.777112515625 0.6505842453125 0.8357329234374999 0.6779258125000001 0.8517284640625 0.6499326171875001 0.7979045578124999 0.6266366109375
5 0.8154302734375 0.6778962171875 0.8095616265625001 0.6878235546875 0.8697924421875 0.7133763046875 0.8899127531250001 0.6837838328125 0.8721591859375 0.6745317656250001 0.8586682375000001 0.695482240625 0.8154302734375 0.6778962171875
5 0.7973359578125 0.6622056015625 0.7946881203125 0.6685553046875 0.855151159375 0.690441575 0.8693930515625 0.663544178125 0.849841340625 0.6575676609375 0.8401441828125 0.6777125703125 0.7973359578125 0.6622056015625
3 0.5400565140625 0.5886380203125 0.499648725 0.5943243609375 0.502730671875 0.628394771875 0.545410825 0.6193321890625 0.5400565140625 0.5886380203125