7 0.2537647640625 0.755881078125 0.24076014843750002 0.7508821578125 0.1969942453125 0.7965046078125 0.23093158125 0.8146088812500001 0.262341084375 0.7838399468749999 0.24374144687500002 0.775583690625 0.2537647640625 0.755881078125
1 0.2470033828125 0.773991928125 0.28306491875 0.7884334953125001 0.3133798015625 0.74422765 0.28117787656250004 0.7295833984375 0.2470033828125 0.773991928125
1 0.33207345781250003 0.8071667734375 0.31231452656249997 0.8025225546874999 0.2834614859375 0.8587255624999999 0.3250028171875 0.8750100546875 0.3433500890625 0.83853499375 0.32282065000000004 0.8303800812500001 0.33207345781250003 0.8071667734375
5 0.360991534375 0.7815002953125 0.34472498281249997 0.7780931359375 0.32590975 0.826666703125 0.3679911421875 0.843633065625 0.38160756875 0.8145087546875001 0.3523364015625 0.8061026765625 0.360991534375 0.7815002953125
0 0.354518209375 0.8031471734375 0.3984357421875 0.8129148015625001 0.41869832812499996 0.764265228125 0.380145365625 0.754926115625 0.354518209375 0.8031471734375
11 0.42137037031249996 0.8386991890625 0.4017266609375 0.8354693796875001 0.388888165625 0.8979337046874999 0.44083453281249996 0.9051490062499999 0.4437218140625 0.87516766875 0.42047050468749997 0.8692863875000001 0.42137037031249996 0.8386991890625
6 0.42216986093750003 0.866356221875 0.469889390625 0.87521395625 0.4733093109375 0.8160851671874999 0.4274980265625 0.8128090718750001 0.42216986093750003 0.866356221875
6 0.5590127546875 0.8094538015625 0.5124454515625 0.814740184375 0.517904046875 0.8698515640625001 0.5680789500000001 0.8672166562499999 0.5590127546875 0.8094538015625
9 0.51399389375 0.8515908921875001 0.4950630828125 0.8511645718749999 0.493666628125 0.9172894125 0.5493789390625 0.9172046328125001 0.5465991 0.8711855843749999 0.5151245640625 0.8714179906249999 0.51399389375 0.8515908921875001
4 0.639049078125 0.786784725 0.598516125 0.8066690703124999 0.6314168140625 0.859629115625 0.6758093734374999 0.83954208125 0.639049078125 0.786784725
7 0.6145020437500001 0.8363695218749999 0.5990996640625 0.84357045 0.6267294421875 0.903199375 0.6727998000000001 0.885865159375 0.6550208625 0.8519974796875 0.6296598437500001 0.8618520734375 0.6145020437500001 0.8363695218749999
8 0.7108116296875 0.751765975 0.6761833125 0.7727607062499999 0.72751786875 0.8140992359375 0.7559319343750001 0.794141075 0.7108116296875 0.751765975
12 0.6981530359375 0.798595765625 0.6884824578125001 0.8047854624999999 0.733523590625 0.8521363375 0.769966490625 0.8296258515625 0.7507546890625 0.8079073484375 0.725624115625 0.820590765625 0.6981530359375 0.798595765625
8 0.769209403125 0.6954319046874999 0.745677459375 0.7158439140625 0.8004683453125001 0.75202931875 0.8197374015625 0.7268695515625 0.769209403125 0.6954319046874999
5 0.7803421828125 0.7488248468750001 0.77331430625 0.7577166859375 0.829919771875 0.7923863359375 0.8534732765624999 0.7662913421875001 0.8369978390625 0.754372378125 0.8210698875 0.7729646078125 0.7803421828125 0.7488248468750001
5 0.764313146875 0.730490359375 0.76091443125 0.7363506906249999 0.8181967406249999 0.767433640625 0.8355936046875 0.7430824203124999 0.8169363578125 0.734118959375 0.8048680140625001 0.752508503125 0.764313146875 0.730490359375
3 0.5181854593749999 0.6175576421875 0.477429128125 0.6168570140625 0.47633486875 0.6510055796875001 0.519755459375 0.6487253703125 0.5181854593749999 0.6175576421875