7 0.511156871875 0.601477515625 0.5081205515625 0.562144353125 0.4792276859375 0.56391619375 0.48135716406249995 0.602412578125 0.511156871875 0.601477515625
5 0.42279081874999996 0.7267201890625 0.3937075921875 0.7122333578125 0.36592710624999997 0.7605810468749999 0.3963219015625 0.7795521578125 0.42279081874999996 0.7267201890625
3 0.366214278125 0.762396890625 0.3733368359375 0.745763671875 0.3613133796875 0.7392068421875 0.32867291875000004 0.78892884375 0.3586764328125 0.8097790390625 0.38095825625 0.7714640593750001 0.366214278125 0.762396890625
6 0.503189353125 0.7511647499999999 0.5100873546875 0.6964717890625 0.4771887171875 0.694317584375 0.4700164171875 0.7447366796875 0.503189353125 0.7511647499999999
9 0.47402602031249996 0.7115030046874999 0.4650102515625 0.70927235625 0.4572899265625 0.75912833125 0.490841275 0.7661353328125 0.49461077343750004 0.7504288609375 0.47060362343750006 0.7459103546875 0.47402602031249996 0.7115030046874999
5 0.4616258859375 0.7283210515625 0.4536865703125 0.726911371875 0.444426865625 0.779367653125 0.47953104062499996 0.789300934375 0.48230188281249997 0.7660099953125 0.4573487046875 0.760044159375 0.4616258859375 0.7283210515625
2 0.44452483125000003 0.7808940328125 0.449552109375 0.7475654953124999 0.43906860937500003 0.7463929640625 0.42600578593750005 0.8007392484375 0.46301488125 0.811109175 0.46670543125 0.7861969984375 0.44452483125000003 0.7808940328125
1 0.42601634375 0.7663428203125 0.4081131359375 0.8223686953125 0.44612703593749997 0.8351017781250001 0.452661809375 0.8093102828125 0.42608415781250003 0.801960353125 0.4335576546875 0.766868290625 0.42601634375 0.7663428203125
0 0.5505754265625 0.8333671609375 0.5420545703124999 0.7689896187499999 0.5033196140625 0.775233365625 0.507435525 0.8393631984375001 0.5505754265625 0.8333671609375
3 0.669079953125 0.7085902265625 0.644448234375 0.7317325921875 0.6842019031250001 0.7778949625 0.7098491328125001 0.7493441515625 0.669079953125 0.7085902265625
11 0.6559422484375 0.7020485046875 0.640650546875 0.68671499375 0.63131716875 0.6969862921875001 0.6563602671875 0.71917716875 0.6678468718749999 0.7070701546875 0.6806724078124999 0.719363515625 0.6930188203125 0.7100376265625 0.6678453328125 0.6858151375 0.6559422484375 0.7020485046875
2 0.6557857796875 0.699610571875 0.6758502625 0.6760764203125 0.637886265625 0.6436448359375 0.616137190625 0.665700996875 0.6557857796875 0.699610571875
7 0.715199965625 0.6593284796875001 0.727553790625 0.6324255187500001 0.6837380875 0.607896934375 0.6721136828125001 0.635549409375 0.715199965625 0.6593284796875001
4 0.7236906640625 0.6430044328125 0.7163287359375 0.6592232640625 0.688420890625 0.645474475 0.6850092734375 0.656011303125 0.7286685078125 0.6781019546875 0.74082265625 0.6516263609374999 0.7236906640625 0.6430044328125
2 0.736134746875 0.6635084109375 0.7295715234375 0.6780177843749999 0.701038575 0.6651447671875 0.6968021734375001 0.6769847328124999 0.7441606546874999 0.703635609375 0.75525531875 0.6748062531250001 0.736134746875 0.6635084109375