7 0.4781708546875 0.62157881875 0.48110770468749997 0.5821204921875001 0.45240209687500005 0.57918833125 0.44869871874999995 0.617670575 0.4781708546875 0.62157881875
5 0.372326384375 0.731315403125 0.34588273593749996 0.7122455671875 0.3112554890625 0.7556346281249999 0.33831454375000003 0.7793596359375 0.372326384375 0.731315403125
3 0.29670723906249996 0.8031967140624999 0.32441085625 0.7688545625 0.31126459375 0.7574801 0.320780940625 0.74215779375 0.30993425625 0.7337115828125 0.27031639531249996 0.77767365625 0.29670723906249996 0.8031967140624999
6 0.44777858125 0.768575115625 0.46280750625 0.7155121765625 0.43075054375 0.7080407656250001 0.4160954796875 0.7568252640625001 0.44777858125 0.768575115625
9 0.4394457125 0.76645435 0.4164966453125 0.758083240625 0.425048621875 0.7245525453125 0.4165106203125 0.7208800546874999 0.40140097968750005 0.7690177828125 0.43336932812500006 0.7814025499999999 0.4394457125 0.76645435
5 0.42498305312499995 0.779892990625 0.4013208671875 0.7699345921875 0.4103098171875 0.739201740625 0.40270766875 0.7365171890625 0.38569111718750004 0.7869811921875 0.4187470484375 0.802516825 0.42498305312499995 0.779892990625
2 0.3992051578125 0.8214418328124999 0.40659064999999994 0.797361115625 0.385557596875 0.7885092046875 0.3955267078125 0.7563076140625 0.385384640625 0.7534452390624999 0.3643400296875 0.8051645875 0.3992051578125 0.8214418328124999
1 0.36423321249999996 0.8063869984375 0.3768757609375 0.7728352203125 0.3695321546875 0.7710911890625 0.3434702234375 0.823689153125 0.3789683578125 0.842470496875 0.38928583125 0.8179801078125 0.36423321249999996 0.8063869984375
0 0.4820361875 0.857697328125 0.48334758593749994 0.792538790625 0.4442809203125 0.7924400234375 0.438671134375 0.8566385249999999 0.4820361875 0.857697328125
3 0.6174752078125 0.7533116640624999 0.5897443484375 0.7722417015625 0.62191886875 0.8244222999999999 0.6514640421875 0.8002990921875 0.6174752078125 0.7533116640624999
11 0.61649050625 0.7516057421875 0.6272624671875 0.765865021875 0.640819721875 0.7586292796875 0.619691003125 0.7305490328124999 0.6055295140625 0.74469965 0.5927881453125 0.7270285203125 0.5820541390625 0.7356896625 0.6033605750000001 0.7617361218750001 0.61649050625 0.7516057421875
2 0.6057427734374999 0.7422591062499999 0.6290372140625 0.7221999765625 0.5965557265625 0.6839122421875 0.5718258328125 0.702233890625 0.6057427734374999 0.7422591062499999
7 0.67029139375 0.711992409375 0.686503884375 0.6873449953125 0.647072109375 0.6559370828125 0.631464659375 0.6814453453125 0.67029139375 0.711992409375
4 0.680720040625 0.7327755875 0.6966716109375 0.7085191531249999 0.6811077984375 0.6971983484375001 0.6714182703125 0.7120713046875 0.64602034375 0.6939233046875 0.64107500625 0.7038082171875 0.680720040625 0.7327755875
2 0.6921220796875 0.7605840921875 0.7073854093749999 0.7338239984375 0.69026739375 0.7195296609375 0.681621540625 0.732838703125 0.6554764015625001 0.71545688125 0.6495229359375 0.7264989468749999 0.6921220796875 0.7605840921875