7 0.47093445625 0.6329608984374999 0.47433067968750003 0.593554896875 0.4456592078125 0.5899534140625 0.44150782031249997 0.6283650953125 0.47093445625 0.6329608984374999
5 0.3638124375 0.7402785078125 0.3375907984375 0.7205854421875 0.30245841875 0.7631861718749999 0.3292412671875 0.787550625 0.3638124375 0.7402785078125
3 0.3024460375 0.7650326062499999 0.3121407671875 0.7499255703125 0.3013924125 0.74122346875 0.261262746875 0.7842812859375 0.287356453125 0.8104289671875 0.3154598796875 0.776717671875 0.3024460375 0.7650326062499999
6 0.4388308578125 0.779309528125 0.45447753906250005 0.7265748328125 0.4225075578125 0.7183542515625 0.40728454843749995 0.7668174703124999 0.4388308578125 0.779309528125
9 0.4166134078125 0.7347400265624999 0.40811816093750003 0.7308673203125 0.3924481015625 0.7786729234374999 0.42427226874999996 0.79180679375 0.4305226796875 0.7769939515625001 0.40767106875000003 0.7680852953125 0.4166134078125 0.7347400265624999
5 0.4017040578125 0.7490521234374999 0.3941331625 0.7461895390625 0.3765291109375 0.7962779796875 0.40940417656249994 0.8125893109375 0.41590356718750005 0.7901014296875 0.3923573171875 0.779588240625 0.4017040578125 0.7490521234374999
2 0.3763778015625 0.79780350625 0.38672180156249997 0.7658208656250001 0.376613059375 0.76272126875 0.3549663328125 0.8139718109375 0.3896419625 0.8310671640624999 0.3973078015625 0.8071485624999999 0.3763778015625 0.79780350625
1 0.36055513906250003 0.7800054171874999 0.3338808640625 0.832018153125 0.369160346875 0.8516333546875 0.3797629359375 0.8273731578125 0.35484528437499996 0.8151922328125 0.3678784421875 0.7819210812499999 0.36055513906250003 0.7800054171874999
0 0.47205090624999996 0.8692653031249999 0.47412087812500003 0.8041108156250001 0.4350553625 0.803102721875 0.42869817968749996 0.8671967359374999 0.47205090624999996 0.8692653031249999
3 0.6087051812500001 0.7679896078125 0.5807539390625001 0.78628189375 0.612320975 0.8392325609375 0.6421469890625 0.815787225 0.6087051812500001 0.7679896078125
11 0.6077403390625 0.7662600734375 0.6183462937499999 0.7807758671875 0.6319877875000001 0.7738527328125 0.611185978125 0.7452693015625 0.5968597484375 0.75909605625 0.58432410625 0.7411211875 0.5734892671875 0.7495360125 0.5944924703125001 0.7760889671875 0.6077403390625 0.7662600734375
2 0.5971014203125 0.756659484375 0.6206293875 0.7371343890625 0.5885936453125 0.698075084375 0.5636504515625 0.71582858125 0.5971014203125 0.756659484375
7 0.6620024046874999 0.7278828765625 0.6785018390625 0.7036027984375 0.6394357140625 0.6712643421875 0.6235312984375 0.6964197000000001 0.6620024046874999 0.7278828765625
4 0.672991040625 0.713334559375 0.6631283625 0.7279880328125 0.6379417140625 0.709241515625 0.632881296875 0.719015340625 0.67218909375 0.7489172281250001 0.6884230578125 0.725022215625 0.672991040625 0.713334559375
2 0.68189065625 0.7358881375 0.673089859375 0.7490013515625 0.6471470796875 0.7310039328125 0.6410650609374999 0.7419119171874999 0.6832673875 0.7770024156249999 0.6988422578125 0.7505867078125 0.68189065625 0.7358881375