7 0.468127084375 0.581610471875 0.46778718750000003 0.620210453125 0.49752820781249996 0.622048546875 0.49701836093749996 0.58252951875 0.468127084375 0.581610471875
5 0.342704953125 0.767258003125 0.3717661796875 0.7890087859375 0.4015072 0.7387675390624999 0.37346566718749996 0.7216119921875 0.342704953125 0.767258003125
3 0.342874903125 0.769096096875 0.35103243906250003 0.7531659453125 0.339475928125 0.74550721875 0.3037867046875 0.7920722765625 0.3323380828125 0.815661153125 0.35698064375 0.779511965625 0.342874903125 0.769096096875
6 0.4577602140625 0.7115024734375 0.4473933453125 0.7611310203125 0.4800234921875 0.7706278421875 0.4903903625 0.71671040625 0.4577602140625 0.7115024734375
9 0.45351149843750005 0.7283516718749999 0.44467416562500006 0.72528818125 0.43379745 0.7743040296875 0.4667674953125 0.78441355 0.4715260578125 0.769096096875 0.44790319062500006 0.7623564171874999 0.45351149843750005 0.7283516718749999
5 0.44008555156250007 0.7439754734374999 0.43226791093749994 0.7418310296875 0.419691709375 0.7932976734375 0.45402134375000003 0.8064706812500001 0.4582700609375 0.783494503125 0.43379745 0.775223078125 0.44008555156250007 0.7439754734374999
2 0.419691709375 0.7948294171875 0.42682955468749995 0.7620500671875 0.416462684375 0.759905625 0.3999776609375 0.8129040109375 0.43617673124999995 0.82668971875 0.44144514062500007 0.8021817953125 0.419691709375 0.7948294171875
1 0.40218699375 0.7785929171875 0.38077345937499996 0.8328167015625001 0.4178222734375 0.8490532015625 0.4259798109375 0.8239325781250001 0.3999776609375 0.8141294078125 0.40966473593749997 0.7798183125 0.40218699375 0.7785929171875
0 0.47861463125 0.7946495421875001 0.47861463125 0.8590048109374999 0.5219663437500001 0.8570347515625001 0.5175947421875 0.792022796875 0.47861463125 0.7946495421875001
3 0.6586077265625 0.8141235734375 0.6859781328125 0.7880275343750001 0.647976246875 0.74358271875 0.6219630515625 0.764378 0.6586077265625 0.8141235734375
11 0.61110536875 0.7284959484375 0.6346303468750001 0.752960984375 0.6468452390625 0.74195171875 0.658833928125 0.7554074875000001 0.671727425 0.747252475 0.6482024484375 0.7207486859375 0.6353089515625 0.7358354578124999 0.6210582437500001 0.719117684375 0.61110536875 0.7284959484375
2 0.6210582437500001 0.6758961203125 0.5979856703124999 0.6958759 0.6353089515625 0.7333889546875 0.6567981125 0.7117781734374999 0.6210582437500001 0.6758961203125
7 0.6690130046875 0.644499325 0.6556671046875 0.6710031125 0.697062015625 0.6987301546875 0.711086521875 0.673041865625 0.6690130046875 0.644499325
4 0.7065624875000001 0.68323563125 0.6981930249999999 0.6987301546875 0.671275021875 0.6824201296875 0.667203390625 0.6926138953125001 0.7092769078125001 0.718709934375 0.7230752125000001 0.6934293968749999 0.7065624875000001 0.68323563125
2 0.7176463703125 0.7048464125 0.7101817140625 0.718709934375 0.6825851078125 0.7032154109375 0.67760866875 0.7146324265625 0.7230752125000001 0.7456214734375 0.735968709375 0.7178944328125 0.7176463703125 0.7048464125