7 0.53261335 0.6511732203125 0.52547185 0.6117600015625 0.4968243484375 0.6131969875000001 0.5029734296874999 0.6517619046875 0.53261335 0.6511732203125
5 0.45752292031249997 0.7755278062500001 0.4269859328125 0.7606854421875 0.40431708125 0.8087641234375 0.4366316484375 0.82811115 0.45752292031249997 0.7755278062500001
3 0.4047934640625 0.810585378125 0.4101625203125 0.79401631875 0.39747870937499996 0.7873118609375 0.3701036578125 0.836709753125 0.4022241796875 0.8579334328125 0.42045453750000006 0.8198347421875001 0.4047934640625 0.810585378125
6 0.5403092609375 0.8009374953125 0.541475834375 0.7462628671875 0.5084205109375 0.743722646875 0.5065334609375001 0.7941153609375 0.5403092609375 0.8009374953125
9 0.50706079375 0.7608907046875 0.4978306265625 0.75855240625 0.49533783124999997 0.8083749687499999 0.5295517703125 0.81578110625 0.5316716203125 0.800100753125 0.5072421312500001 0.795297215625 0.50706079375 0.7608907046875
5 0.496444471875 0.7775832687500001 0.48837433125 0.776079421875 0.4846171734375 0.8284872984374999 0.5206865875 0.8388411390625 0.521017053125 0.8155560656249999 0.4954922203125 0.8092925234375 0.496444471875 0.7775832687500001
2 0.48487448593750004 0.8300165500000001 0.48640745937499996 0.796708790625 0.4758232203125 0.7954127 0.46846842187500004 0.8496683828125 0.5064844359375 0.860481575 0.5075632265625 0.83558414375 0.48487448593750004 0.8300165500000001
1 0.464883490625 0.8152330265625001 0.4528739546875 0.8711137703125 0.4921397015625 0.8843045187499999 0.4959648796875 0.85855993125 0.46867427343749996 0.8508917859375 0.472464028125 0.8158470171875001 0.464883490625 0.8152330265625001
0 0.5961893109374999 0.8837857078125 0.580956796875 0.8192357343750001 0.542955146875 0.8250349531250001 0.55376599375 0.8892855796875001 0.5961893109374999 0.8837857078125
3 0.701404153125 0.7602487765625 0.6792427937500001 0.78313023125 0.7237390593749999 0.829808503125 0.7463484671875 0.801524303125 0.701404153125 0.7602487765625
11 0.6876099921875001 0.7535464546874999 0.6707473140625 0.7380172484374999 0.6625070296875 0.7481913875 0.68981760625 0.7706994390624999 0.7000147453125 0.758712603125 0.71409860625 0.7711694546875 0.7254444765625 0.7619769265625 0.6977914171874999 0.7374334390625 0.6876099921875001 0.7535464546874999
2 0.6871990125 0.7511039296875001 0.7047616921875 0.7277769953125001 0.663486653125 0.6948659640625 0.644088396875 0.716693590625 0.6871990125 0.7511039296875001
7 0.7422788031249999 0.7114688250000001 0.751794734375 0.68467935625 0.7055062765625 0.659612071875 0.6967965921875 0.687160409375 0.7422788031249999 0.7114688250000001
4 0.749045465625 0.6952252390625 0.7433942250000001 0.7113766515625 0.7141073203125 0.6972868703125 0.7118042203125 0.7077958843750001 0.7576816984375 0.7304206453125001 0.7670430406250001 0.7040566984375001 0.749045465625 0.6952252390625
2 0.7636069265625001 0.7158975828125 0.758574034375 0.73034690625 0.728754871875 0.7171266046875 0.725764925 0.72893061875 0.7758106312499999 0.756163909375 0.7838686546875 0.727431178125 0.7636069265625001 0.7158975828125