7 0.5105169515625 0.645345071875 0.5086279328125001 0.60578509375 0.47971777812500005 0.604024234375 0.48072536250000003 0.6426398171875001 0.5105169515625 0.645345071875
5 0.41861387343749995 0.759345390625 0.38998634375 0.7413620484375001 0.36083295 0.7861425734374999 0.3906401046875 0.8087538796875 0.41861387343749995 0.759345390625
3 0.3610669796875 0.7879868296875 0.36866475 0.7722836734375 0.35684619375 0.7642834046875 0.3227986234375 0.809840084375 0.3521603203125 0.8342758515625001 0.375529840625 0.7988202859375 0.3610669796875 0.7879868296875
6 0.4982063671875 0.7935128406249999 0.5066865218750001 0.7398616328125 0.47388950156250004 0.7337001921875 0.46525964531249997 0.7830596765625 0.4982063671875 0.7935128406249999
9 0.470230846875 0.7504368140625 0.4612906203125 0.7471139890625 0.4521297640625 0.7958455265625 0.485437615625 0.8069216890625001 0.48965935 0.7917326703125 0.4658120296875 0.7843007281250001 0.470230846875 0.7504368140625
5 0.4573563796875 0.765680021875 0.4494674609375 0.7633065421875 0.4386934375 0.8144410093750001 0.4734671875 0.8286222703125 0.47691198437500004 0.805754621875 0.4521618421875 0.7967651828125 0.4573563796875 0.765680021875
2 0.43874690312500003 0.815973765625 0.4447373296875 0.783380590625 0.4343003453125 0.7809328875 0.4196727546875 0.8334863 0.4563364703125 0.8483350937499999 0.460747028125 0.8239643796875 0.43874690312500003 0.815973765625
1 0.4206834546875 0.7992168687500001 0.40117237499999997 0.8528529890625001 0.43877099218750004 0.8701789359375001 0.446047971875 0.8452792375 0.4197155265625 0.83471250625 0.42820055156250003 0.8006607984375 0.4206834546875 0.7992168687500001
0 0.5431460703125001 0.8811980437500001 0.5365072359374999 0.8160158609374999 0.497636621875 0.8175093875 0.49988293125 0.8819071656249999 0.5431460703125001 0.8811980437500001
3 0.6651383734375 0.77134000625 0.63986291875 0.7913916171875 0.6782272109374999 0.8422370046875001 0.7046742328125 0.8169206515624999 0.6651383734375 0.77134000625
11 0.663950953125 0.7696749984375 0.6764038343750001 0.7834887203124999 0.6890067890625 0.7757037312499999 0.664567453125 0.748497475 0.6522064484375 0.763218803125 0.637378721875 0.7460750609375 0.6277577421875 0.755169728125 0.6521259171875 0.780335884375 0.663950953125 0.7696749984375
2 0.6521210546875 0.760770684375 0.672846075 0.7397713109375 0.63587008125 0.7028249453125001 0.6135054421875 0.7221461359375 0.6521210546875 0.760770684375
7 0.7126361421875 0.7278870078125 0.72575759375 0.702590090625 0.6827070296875 0.6728036734375 0.6702923375000001 0.6989363843749999 0.7126361421875 0.7278870078125
4 0.7215914390625 0.7126588671875 0.7137666359375 0.7279199390625 0.6862916328125 0.7108153875000001 0.6825776734375 0.7208973375000001 0.7255428421875 0.7482356359375 0.7384524296875 0.7233401546875 0.7215914390625 0.7126588671875
2 0.733424578125 0.7346066453125 0.7264472359374999 0.74826198125 0.69832240625 0.7319537140625 0.6937467500000001 0.7432333765625 0.7402741859375 0.77556670625 0.7521939843750001 0.7481967625 0.733424578125 0.7346066453125