7 0.5130862953124999 0.609331465625 0.5160267281250001 0.5700098140625001 0.48728610312500004 0.565741753125 0.4835782078125 0.6040516484375 0.5130862953124999 0.609331465625
5 0.40711271250000003 0.7141422656249999 0.38063680624999996 0.6938417984374999 0.3459673203125 0.7356193765625 0.3730593828125 0.76060365625 0.40711271250000003 0.7141422656249999
3 0.33140132499999997 0.7825044171875 0.3591387359375 0.749451534375 0.3459764359375 0.7374652734375 0.35550439218749996 0.7225858390625 0.344644475 0.7136348453125 0.3049782875 0.7557531843749999 0.33140132499999997 0.7825044171875
6 0.48265694843749996 0.754913365625 0.4977042046875 0.7025498406249999 0.465608140625 0.6935865671875 0.450935196875 0.741689046875 0.48265694843749996 0.754913365625
9 0.47431391562499997 0.7524048046875 0.45133685312500005 0.74296569375 0.4598992625 0.709832990625 0.45135084374999995 0.7057631609375 0.43622277187499997 0.7531977140625 0.46823011875000004 0.767070221875 0.47431391562499997 0.7524048046875
5 0.45983361250000004 0.7651703828125 0.4361425625 0.7541107968749999 0.445142478125 0.7237962718750001 0.43753105468750003 0.720757934375 0.42049374687499996 0.7704300187500001 0.45359000156249996 0.78750400625 0.45983361250000004 0.7651703828125
2 0.43402427499999996 0.8055195734374999 0.4414187765625 0.7817825625 0.420360065625 0.7719518171875001 0.430341334375 0.7402141703125 0.4201868984375 0.7368798046875 0.399116615625 0.7876197781250001 0.43402427499999996 0.8055195734374999
1 0.39900966875 0.7888372203125 0.4116676375 0.7558738 0.40431507343749995 0.7537880125 0.37822135 0.8051731078125 0.4137627859375 0.8256064593750001 0.4240928453125 0.8015962234374999 0.39900966875 0.7888372203125
0 0.51695634375 0.8456298500000001 0.5182693406250001 0.7805323468750001 0.47915501875000005 0.7786154984375 0.473538390625 0.8425529296875001 0.51695634375 0.8456298500000001
3 0.652560578125 0.747547240625 0.624795890625 0.7651867390625 0.6570096578125 0.818864671875 0.686590871875 0.7961164359375 0.652560578125 0.747547240625
11 0.651574671875 0.7457954921875001 0.662359775 0.7605560765625 0.6759335671875 0.7539512609375 0.654779075 0.724887728125 0.6406003124999999 0.7383792984374999 0.6278433984375 0.7201152125 0.6170963 0.7282768171875 0.638428725 0.7553148328125 0.651574671875 0.7457954921875001
2 0.64081383125 0.7359486796875 0.6641366859375 0.7169736234374999 0.6316155765625 0.677174271875 0.6068555156250001 0.6943450421875 0.64081383125 0.7359486796875
7 0.7054411890625001 0.708685940625 0.7216734546875 0.6847930234375 0.68219358125 0.6515500390625 0.66656709375 0.6763319640625001 0.7054411890625001 0.708685940625
4 0.7158825578125 0.729954446875 0.7318535859375 0.706440365625 0.7162707859374999 0.6943952546875 0.7065694406249999 0.7088172796875 0.68114053125 0.6894873125000001 0.6761891640625 0.6991420796875001 0.7158825578125 0.729954446875
2 0.7272985046875 0.758293578125 0.742580453125 0.7322438078125 0.7254415578125 0.7171528328125001 0.71678515625 0.730059515625 0.6906081265624999 0.71146095625 0.684647396875 0.7222259578125 0.7272985046875 0.758293578125