0 0.1692172609375 0.6295348453125 0.1614531078125 0.61436839375 0.1839684421875 0.6037238640625 0.17618708593750002 0.5950479453125 0.11952145781250001 0.6142875484375 0.135981721875 0.642349528125 0.1692172609375 0.6295348453125
6 0.23114570156249997 0.620962615625 0.21283011875 0.59419721875 0.1651551421875 0.6150204921875 0.1761924234375 0.6429389296875 0.23114570156249997 0.620962615625
0 0.216477275 0.6654571734375 0.232780634375 0.6529067328125 0.2209027484375 0.6426975296874999 0.1735964625 0.674137790625 0.20222915000000002 0.7010971140625 0.231779859375 0.6811397968749999 0.216477275 0.6654571734375
3 0.23423285312500003 0.65397423125 0.21925595156250002 0.66513493125 0.2427343875 0.6903746578125001 0.264334965625 0.6755105203125 0.23423285312500003 0.65397423125
11 0.3273780796875 0.6955439812499999 0.2884110796875 0.6748812625 0.2506071015625 0.7144888859375 0.29445101875 0.741692521875 0.3273780796875 0.6955439812499999
10 0.3384841765625 0.6975002781249999 0.29853894531249997 0.746471075 0.3490237421875 0.7634807390625 0.3786432671875 0.7175612828125 0.339667990625 0.6980916390624999 0.3384841765625 0.6975002781249999
5 0.41455425625000003 0.7433675671875 0.41910549374999995 0.7230651625 0.40218191562500005 0.7200841375 0.3927935046875 0.768755534375 0.43945910781249997 0.7794105921875001 0.44588286562499996 0.751321071875 0.41455425625000003 0.7433675671875
5 0.4165439375 0.741282953125 0.4614799859375 0.7556918359375 0.4691560484375 0.7042837296875 0.4249917890625 0.698127753125 0.4165439375 0.741282953125
7 0.5540168609375 0.7273486046875 0.5103642578125 0.727776315625 0.5190829124999999 0.782072290625 0.5643221015625 0.7819240515625 0.5540168609375 0.7273486046875
11 0.6990110078125 0.7204209578125 0.6720992703124999 0.6929530765624999 0.6628226859375 0.6994359984375 0.7046511125 0.73846005 0.7315489109375 0.7212822140624999 0.7157088640625 0.7087517015625 0.6990110078125 0.7204209578125
3 0.67865739375 0.6640755265625 0.660490115625 0.6811678203125 0.69941410625 0.718056875 0.72247550625 0.70101496875 0.67865739375 0.6640755265625
9 0.6221777421875 0.6630554984375 0.660967365625 0.70073258125 0.6689261 0.692394134375 0.6587691640625 0.6816763765625 0.672168084375 0.6669909390625001 0.6496044046875 0.6459708203125001 0.6221777421875 0.6630554984375
4 0.4373395109375 0.580983496875 0.39992469218750004 0.57358131875 0.3905706890625 0.6092716453125 0.429966590625 0.61783448125 0.4373395109375 0.580983496875