0 0.1986045078125 0.7078000203125 0.1876371265625 0.6948763718750001 0.207152340625 0.6791985640625 0.197628396875 0.6725947765625 0.1468148 0.7047051843750001 0.16914556875 0.72812249375 0.1986045078125 0.7078000203125
6 0.25693924218749997 0.6848263140624999 0.23309473593750002 0.6631090515625 0.19138631875 0.6946362109375 0.20840763125 0.7191951671875 0.25693924218749997 0.6848263140624999
0 0.2526751828125 0.7315887921875001 0.2657166828125 0.7155241296875 0.2518614203125 0.7083962515625 0.2129002828125 0.7501674515625 0.24682810000000002 0.7696357296875 0.2710944140625 0.743233559375 0.2526751828125 0.7315887921875001
3 0.2673700078125 0.7162197640625 0.255306646875 0.7306186890624999 0.28383195 0.7496314953125001 0.30150771875000004 0.730063815625 0.2673700078125 0.7162197640625
11 0.3673625796875 0.7346623015625 0.3247948796875 0.72376286875 0.296917953125 0.771236375 0.34570294375 0.787348325 0.3673625796875 0.7346623015625
10 0.37861015 0.7339418156249999 0.3507559796875 0.791032346875 0.40370994375 0.7956556828125 0.4222025171875 0.7439740703125 0.37989517031250003 0.734237546875 0.37861015 0.7339418156249999
5 0.462953528125 0.7606006562500001 0.462814953125 0.739769484375 0.445675796875 0.7408673640625 0.4474894421875 0.7904466859375 0.495297309375 0.7897888843749999 0.49522903593749995 0.7609378078125 0.462953528125 0.7606006562500001
5 0.464420734375 0.7581020484375001 0.5113900546875 0.7615056640625 0.507294425 0.7096679 0.4629327984375 0.71411265 0.464420734375 0.7581020484375001
7 0.5950623 0.7120611703125 0.55267970625 0.7227914671875 0.57337889375 0.773565659375 0.6173682828125 0.7627324359375 0.5950623 0.7120611703125
11 0.73459915 0.671061265625 0.7022315984375 0.6506915015625 0.6946629140625 0.6591917328125 0.7441458515625 0.6872820796875 0.7664558890625 0.6642113828125 0.7482227781249999 0.6557608546875 0.73459915 0.671061265625
3 0.7021167937499999 0.6210418671875 0.6882832734375001 0.6419665046875 0.7344595609375 0.6686655874999999 0.7530669390625 0.646633609375 0.7021167937499999 0.6210418671875
9 0.6469263609375 0.6333941359375 0.693149178125 0.6608917765625 0.69901800625 0.6508973546875 0.6867230078125 0.642867990625 0.69645785625 0.6254120624999999 0.6697719984375 0.610289128125 0.6469263609375 0.6333941359375
4 0.448594546875 0.5972046921875 0.410520515625 0.5988420546875 0.409447290625 0.635781653125 0.44971024687499994 0.6348056171875001 0.448594546875 0.5972046921875