4 0.1594890671875 0.5537763265625 0.0933438125 0.5639995984375 0.10108155625 0.6067240015625 0.134386859375 0.5989793765625 0.13115784218749998 0.5703764515625 0.1606817421875 0.5619941390625 0.1594890671875 0.5537763265625
8 0.1355355828125 0.5751230421875 0.1392446 0.60915136875 0.203019153125 0.59318385625 0.1918636671875 0.5565636609375 0.1355355828125 0.5751230421875
9 0.1992963515625 0.6353116984375 0.19042453125 0.6271350109375 0.140510528125 0.67082609375 0.1743397828125 0.700581015625 0.20101297968749998 0.6810290593749999 0.180418634375 0.6535060359375 0.1992963515625 0.6353116984375
3 0.22999827499999997 0.6244558171875 0.2231334953125 0.6152814765625 0.1850290515625 0.6556196375 0.207877759375 0.6902033999999999 0.23312560312500002 0.665066621875 0.21160056093750002 0.6480755578124999 0.22999827499999997 0.6244558171875
0 0.21655999062500003 0.646239675 0.24506615156249997 0.6710885828125 0.287068334375 0.6300716140625 0.254664434375 0.6059015140625 0.21655999062500003 0.646239675
11 0.2851491984375 0.6952175578124999 0.272975975 0.6918285875 0.243641665625 0.7523513125 0.29080751562499996 0.7723302546874999 0.3038821390625 0.7438045062499999 0.2730199265625 0.7239027328125001 0.2851491984375 0.6952175578124999
5 0.2769176671875 0.7232239234375 0.3161717 0.7458769828125 0.34255362031250003 0.6861924875 0.29787480781250003 0.6706412921875 0.2769176671875 0.7232239234375
8 0.38884737187499996 0.7594689203125 0.4351695609375 0.7672805671875 0.43224560624999997 0.7026540109375 0.3858070796875 0.696158859375 0.38884737187499996 0.7594689203125
12 0.3838439921875 0.729230659375 0.3736778078125 0.724844034375 0.370813321875 0.7898305578125 0.4220949375 0.7958063171875 0.4225309859375 0.769157571875 0.3876693453125 0.761942490625 0.3838439921875 0.729230659375
10 0.527915625 0.77089598125 0.5709071109375 0.7621125796875 0.5484944515625 0.7008800703125 0.503728603125 0.7080281359375 0.527915625 0.77089598125
9 0.5268539343749999 0.7720530531249999 0.5139728328125 0.7465706 0.5054305796875 0.7430541140625 0.5273778874999999 0.809552603125 0.576754153125 0.8045181421875001 0.562762615625 0.767419684375 0.5268539343749999 0.7720530531249999
9 0.6524810125 0.7421699296875001 0.6230866421875 0.7579534828125001 0.588932690625 0.7264755843749999 0.6322890390625 0.781905134375 0.6704069031250001 0.7617853328125 0.6524810125 0.7421699296875001
1 0.643648896875 0.7207695859375 0.6161599671875 0.7352152265624999 0.5776081453125 0.70631416875 0.623592296875 0.75223140625 0.6581250921875 0.7389736234375001 0.643648896875 0.7207695859375
2 0.63723696875 0.6989477546875 0.6068853328125 0.7120810140625 0.57244243125 0.6838728765625001 0.6157896859374999 0.7326639187499999 0.649509684375 0.715120959375 0.63723696875 0.6989477546875
1 0.6267161234375 0.676433009375 0.6009159234375 0.691993053125 0.5624363375 0.6622745578125 0.6076890296874999 0.709727684375 0.640677565625 0.693720615625 0.6267161234375 0.676433009375
2 0.5890129484375 0.624445659375 0.5570539171875 0.6422855828125 0.600617878125 0.6886243046875 0.6318454515624999 0.6723202734375 0.5890129484375 0.624445659375
5 0.7080726171875 0.6793676609375 0.6969562234375 0.7040409140625 0.6513787343749999 0.6872290171875 0.7119471703125 0.7231613796875 0.7267931078125 0.6899912296874999 0.7080726171875 0.6793676609375
9 0.6924224437500001 0.66096565 0.6818930375 0.6857378921875 0.6347803921875 0.6728152140625 0.6959989546875 0.70139061875 0.7093097328125 0.6721096906249999 0.6924224437500001 0.66096565
5 0.675381584375 0.6448179796875 0.6655114046875 0.66887176875 0.6186877046875 0.6526793343749999 0.6804210203125 0.6821711671874999 0.6941743140625001 0.65462410625 0.675381584375 0.6448179796875
6 0.6167908265625 0.606730259375 0.604437315625 0.638661484375 0.665728115625 0.66641945 0.676320659375 0.634191259375 0.6167908265625 0.606730259375
8 0.419273221875 0.5228145171875 0.37503237968750003 0.5178427296875 0.371944403125 0.56626965625 0.417729503125 0.573990728125 0.419273221875 0.5228145171875