4 0.1312319609375 0.57894141875 0.065295625 0.5938296015625 0.0735212390625 0.6361514015624999 0.1066910546875 0.6260494484375 0.1031327765625 0.59757943125 0.13251887812500002 0.58710249375 0.1312319609375 0.57894141875
8 0.10755994843750001 0.60203495 0.1116608625 0.6359144375 0.17516270625000002 0.615429296875 0.1635951875 0.5794709124999999 0.10755994843750001 0.60203495
9 0.1719363515625 0.6579550765625 0.1629811796875 0.6503729671875 0.11364447656250001 0.6977014687499999 0.14777494687499998 0.7251845593749999 0.174183921875 0.70370119375 0.153296453125 0.677530546875 0.1719363515625 0.6579550765625
3 0.2024700265625 0.6449140265625 0.1955075375 0.636190478125 0.1579252734375 0.6793282046875 0.18114640937499998 0.7124247453125 0.2060668203125 0.68543816875 0.1843727640625 0.6698989640625 0.2024700265625 0.6449140265625
0 0.18930405625 0.66770983125 0.2180614234375 0.690643653125 0.259528225 0.646551978125 0.2268863203125 0.6245721015625 0.18930405625 0.66770983125
11 0.2583715828125 0.7120445625 0.246175334375 0.709496940625 0.21758675625 0.7722709 0.2649217109375 0.7890123078125 0.277645871875 0.7594781046875 0.2465933515625 0.7416725125 0.2583715828125 0.7120445625
5 0.2504778921875 0.740718565625 0.289942946875 0.7606968000000001 0.3155929125 0.6989705328125 0.270793271875 0.6864971546875 0.2504778921875 0.740718565625
8 0.362678640625 0.76924415 0.4090291515625 0.773837690625 0.40535532500000004 0.70920530625 0.358903990625 0.705940696875 0.362678640625 0.76924415
12 0.35732932812499996 0.7392577109375 0.3471257578125 0.735568646875 0.3450231890625 0.8009674859375 0.396304990625 0.8033718921874999 0.3964296046875 0.7766057875000001 0.3615310640625 0.771808265625 0.35732932812499996 0.7392577109375
10 0.50169165625 0.77097065 0.5445224093750001 0.75914829375 0.5214258890625 0.699285646875 0.476804103125 0.7095915828125 0.50169165625 0.77097065
9 0.5006449046875 0.7722058328125 0.487484025 0.747542309375 0.478912334375 0.7446125078125 0.501605559375 0.8097908765625 0.5508561640625 0.8012826015625001 0.5364508609375 0.7650429812499999 0.5006449046875 0.7722058328125
9 0.6257531078125 0.733428721875 0.596582690625 0.751321946875 0.562107865625 0.7221330046875 0.6060519984375 0.7747072703125 0.6438835 0.7518528375 0.6257531078125 0.733428721875
1 0.6166833390625001 0.7125770921875 0.589400175 0.728994621875 0.5505635 0.7026988609375 0.597020915625 0.7455458203124999 0.6313522515625001 0.72982679375 0.6166833390625001 0.7125770921875
2 0.6100255640625 0.6911331359374999 0.5798682656249999 0.7064344593749999 0.5451430234375 0.6805461609375001 0.5890006359375 0.7264609281250001 0.62247029375 0.7064996796874999 0.6100255640625 0.6911331359374999
1 0.5992563578125 0.66928171875 0.5736726328125 0.686699034375 0.5348985625 0.6595781140625 0.5806434234375 0.7040171859375 0.6134005250000001 0.68564805 0.5992563578125 0.66928171875
2 0.560997890625 0.6197650234375 0.5292902765624999 0.6399008984375001 0.573335696875 0.6833401796875 0.604330759375 0.6647964203125001 0.560997890625 0.6197650234375
5 0.68053679375 0.6665292140625 0.6697232703125 0.692061246875 0.6240114671875 0.6783859859375 0.684916925 0.7101943187499999 0.6993558234374999 0.67587655625 0.68053679375 0.6665292140625
9 0.6646931859375 0.6491630953125 0.654467009375 0.6747533375 0.6072674953125 0.6650874625000001 0.668736384375 0.6894693468749999 0.6816875718750001 0.6591609703125 0.6646931859375 0.6491630953125
5 0.6474870734375 0.63415604375 0.63791085 0.6589793312500001 0.5909617468749999 0.6460128125 0.65295538125 0.6712780671874999 0.666368709375 0.642678221875 0.6474870734375 0.63415604375
6 0.5885314687500001 0.600046846875 0.5765671671875 0.632947125 0.6380986609375 0.6565038484375 0.6483009203125001 0.6234289421875 0.5885314687500001 0.600046846875
8 0.390302790625 0.5296882046875 0.3460639296875 0.5277980359375001 0.343545015625 0.5765989734375 0.389358109375 0.5811392546875 0.390302790625 0.5296882046875