4 0.081267571875 0.5894628859375 0.11123982343750001 0.5791635765625001 0.11037876718749999 0.5710001203124999 0.04357875625 0.5854951453125 0.0495979203125 0.627838325 0.0833390546875 0.6179357875 0.081267571875 0.5894628859375
8 0.08546698281250001 0.5939413890624999 0.0877984296875 0.6278235296875 0.1524540359375 0.6077208796875 0.14275538906250002 0.5717176765625 0.08546698281250001 0.5939413890624999
9 0.1468501421875 0.6959317984375 0.127307 0.6696559484375 0.14699599218749998 0.650201246875 0.1384266046875 0.64257175625 0.0865480328125 0.6895834140625 0.119282259375 0.7172479734375 0.1468501421875 0.6959317984375
3 0.17973021718749999 0.6778658078124999 0.1588225640625 0.6622100484375 0.1782515890625 0.6373461078125 0.1717372109375 0.6285874921875 0.1318475390625 0.671479425 0.1533645203125 0.7046904171875 0.17973021718749999 0.6778658078124999
0 0.1638747953125 0.66005099375 0.1914673890625 0.6831378578125 0.23529650625 0.6393151859375 0.2037644671875 0.61715905625 0.1638747953125 0.66005099375
11 0.24752187656250002 0.752276059375 0.2173625859375 0.7343008515625 0.230707759375 0.7047600218750001 0.218629459375 0.7021429968749999 0.18671631718749998 0.7647112203125 0.23323448125000001 0.78171769375 0.24752187656250002 0.752276059375
5 0.22130203124999998 0.7333701140625 0.25977074375 0.753565575 0.28868665781249997 0.69202728125 0.2444834609375 0.679300921875 0.22130203124999998 0.7333701140625
8 0.3321511515625 0.7625309875 0.378319953125 0.7673914703125 0.37802703437499996 0.7027781765625 0.33168767187500003 0.69924520625 0.3321511515625 0.7625309875
12 0.36555939375 0.7700844874999999 0.33086780312499997 0.7650868156249999 0.3283657921875 0.7325321875 0.3183424953125 0.728786034375 0.312811528125 0.7941316781250001 0.3640325578125 0.79683310625 0.36555939375 0.7700844874999999
10 0.4712504078125 0.7650656375 0.5147548750000001 0.7535000171874999 0.4947647296875 0.6935404078125 0.44954638593749996 0.7035801328125 0.4712504078125 0.7650656375
9 0.5188895984374999 0.7956448093749999 0.5063642921875 0.759344025 0.4701376234375 0.76629395625 0.45825194375 0.7415692640625 0.449822828125 0.7385914 0.46913071562499997 0.8038610515625001 0.5188895984374999 0.7956448093749999
9 0.53430161875 0.716610278125 0.575547653125 0.76940743125 0.6146243984375 0.7467875375 0.5974360562500001 0.7282694203125 0.567291284375 0.745981628125 0.53430161875 0.716610278125
1 0.5237605828125 0.697121103125 0.56803263125 0.74021166875 0.60323099375 0.7247023421875001 0.5894470140625 0.70737805 0.5612691890625 0.7236264734375 0.5237605828125 0.697121103125
2 0.5194936203125 0.6749507218749999 0.5610018640625001 0.7210920421875 0.5955596703125 0.70133813125 0.58390405625 0.685908765625 0.5529069140625 0.701024953125 0.5194936203125 0.6749507218749999
1 0.5103344875 0.6539361718750001 0.553809678125 0.6986137046875001 0.5875706265625 0.6804467625 0.574265784375 0.6640083437500001 0.5477371890625 0.6812658203125 0.5103344875 0.6539361718750001
2 0.538552478125 0.6142999437500001 0.5057498078125 0.6342386296875 0.54757576875 0.677907109375 0.5795815828124999 0.659555390625 0.538552478125 0.6142999437500001
5 0.5985754546875001 0.6732510140625 0.657892134375 0.705393975 0.67414701875 0.6711817578125 0.655793703125 0.66173071875 0.6436290171875 0.6871838125 0.5985754546875001 0.6732510140625
9 0.58250680625 0.65986335 0.642776646875 0.684587790625 0.6573319093750001 0.6543737890625 0.6408396328125 0.6442832453125 0.629259990625 0.6697979328125 0.58250680625 0.65986335
5 0.56717950625 0.640705725 0.627928484375 0.6663160390625 0.642856978125 0.6378121875 0.6243977546874999 0.62918543125 0.6135090640625 0.6539374265625 0.56717950625 0.640705725
6 0.5671539296875 0.5947544 0.5534510375 0.627564425 0.6138267843749999 0.6514645875 0.6257745421875 0.618469784375 0.5671539296875 0.5947544
8 0.3723588453125 0.523285875 0.328162771875 0.5211393640625 0.3230843609375 0.569895075 0.3687178515625 0.574699203125 0.3723588453125 0.523285875