4 0.1678659953125 0.5755733265625 0.103078203125 0.5919881296875 0.11398591250000001 0.6340955484374999 0.146410878125 0.62322703125 0.1410424609375 0.5948552578124999 0.169671003125 0.583700028125 0.1678659953125 0.5755733265625
8 0.145741390625 0.5992053203125 0.1519967765625 0.632971003125 0.2139993890625 0.6110189390625 0.20016668593750003 0.5753492703124999 0.145741390625 0.5992053203125
9 0.21350228750000003 0.653596775 0.2040888921875 0.6462272078125 0.1579259375 0.6946783921875 0.193712365625 0.7213521984375 0.21866875624999998 0.699265796875 0.19616981718749998 0.6735954875 0.21350228750000003 0.653596775
3 0.24311100156249998 0.639852109375 0.23561135625000001 0.631295340625 0.20089981406250002 0.6752844359375 0.22616839843749997 0.7078225687499999 0.24928871406250003 0.6802705828125 0.2266655015625 0.6652447312499999 0.24311100156249998 0.639852109375
0 0.23144210312500002 0.66294200625 0.2615804953125 0.6851940703125 0.3001039953125 0.64016113125 0.26615364375 0.618952909375 0.23144210312500002 0.66294200625
11 0.303139234375 0.70564515625 0.290816384375 0.703382784375 0.2663275328125 0.76678814375 0.3145921546875 0.7824187484375 0.32538961875 0.7526043875 0.293290875 0.735531196875 0.303139234375 0.70564515625
5 0.2971028375 0.734487353125 0.3377280046875 0.7535362046875 0.3593539984375 0.69124636875 0.31389009375 0.6798224687500001 0.2971028375 0.734487353125
8 0.41079367031249997 0.7603859828124999 0.45729988906249996 0.7638982140625 0.4495035828125 0.699386353125 0.40298183125 0.6972046796875 0.41079367031249997 0.7603859828124999
12 0.403542575 0.7305402953125 0.39313347187500003 0.7270907203125 0.3952196046875 0.7925030671875 0.446502425 0.793712575 0.4449149 0.7669580687499999 0.4098134953125 0.76297541875 0.403542575 0.7305402953125
10 0.5495030296875 0.758875984375 0.59145013125 0.746063134375 0.5645940234375 0.6867704953125 0.5207642453125 0.69810943125 0.5495030296875 0.758875984375
9 0.5485383890625 0.7601348609375 0.533839409375 0.7357910203125 0.52510588125 0.733062315625 0.5518998515625 0.7976771828125 0.600459628125 0.788027196875 0.5837796078124999 0.752142496875 0.5485383890625 0.7601348609375
9 0.670794034375 0.71846683125 0.642854828125 0.7370293109375 0.6066159765625 0.70865859375 0.6537914859375 0.760181565625 0.6900486953125 0.7364589765625 0.670794034375 0.71846683125
1 0.6604177609375 0.6978375984375 0.6342658109375 0.71488125625 0.5938631296875 0.689503675 0.642922346875 0.7312461140625001 0.6761461468750001 0.7147365328124999 0.6604177609375 0.6978375984375
2 0.652408415625 0.6765602203125 0.6233195078125 0.6925551734375001 0.587042071875 0.6674891390625 0.633705425 0.7123582359375 0.665798809375 0.691628784375 0.652408415625 0.6765602203125
1 0.6402738265625 0.654971296875 0.61588019375 0.6729746453125001 0.5754871578125 0.6467708937500001 0.623937765625 0.6901211671875 0.6554225375 0.6709995531249999 0.6402738265625 0.654971296875
2 0.5989625875 0.6063719015625 0.5686371640625 0.627234871875 0.615329453125 0.669625453125 0.6450462671875 0.6503703203125 0.5989625875 0.6063719015625
5 0.7211361265625 0.6503284593750001 0.7119876578125 0.67609835 0.6655374421875 0.66349445 0.7282957171875 0.6938679624999999 0.740496890625 0.659232721875 0.7211361265625 0.6503284593750001
9 0.7042290984374999 0.6333405125 0.69566995 0.659154909375 0.6479928671875 0.6505928515625 0.710837953125 0.6735308234375 0.7218122578124999 0.6429374234375 0.7042290984374999 0.6333405125
5 0.6861144953125 0.6187420671874999 0.678154315625 0.643774796875 0.6305158125 0.63190805625 0.6939405734374999 0.65571670625 0.7054849062499999 0.6268201546875 0.6861144953125 0.6187420671874999
6 0.6251531203125 0.5860235578124999 0.6153285203125 0.6191844843750001 0.6781832515625 0.641296284375 0.6862398890625 0.6080018359375 0.6251531203125 0.5860235578124999
8 0.4230152625 0.520316853125 0.3787872921875 0.51945738125 0.3793968375 0.5682905093749999 0.42536383437499997 0.57176201875 0.4230152625 0.520316853125