4 0.15345761875 0.6008756015625 0.181638696875 0.5890410109374999 0.17955266875 0.5809474140625001 0.11546826875 0.5988899156249999 0.1278289765625 0.6407895671875 0.15980898906250002 0.629153546875 0.15345761875 0.6008756015625
8 0.1582995703125 0.6051209671875 0.1657250484375 0.6387780953125 0.2268358734375 0.6153571296875 0.21178142968749997 0.579970475 0.1582995703125 0.6051209671875
9 0.23458645625000002 0.7035924140625001 0.21123315781250002 0.67841806875 0.2278308703125 0.657993459375 0.2181780609375 0.6508351125 0.173803490625 0.7004153171875 0.2104530625 0.72628465625 0.23458645625000002 0.7035924140625001
3 0.2644804390625 0.6838627984375 0.241375890625 0.6693475328125 0.25689949218749997 0.643543740625 0.2491150609375 0.6351522921874999 0.2160129203125 0.6799986625 0.2423708875 0.7119838640625 0.2644804390625 0.6838627984375
0 0.246062371875 0.6669309734375 0.27692025937500003 0.6885053015625 0.3137902390625 0.6425251125 0.2791645109375 0.6220846 0.246062371875 0.6669309734375
11 0.34296355625 0.7545030796875001 0.310330578125 0.73815900625 0.3191127625 0.7080105640625 0.30673513125 0.7060328328125001 0.2845153734375 0.7700786609375 0.3332316390625 0.7846018781249999 0.34296355625 0.7545030796875001
5 0.3140984203125 0.737025190625 0.3553100984375 0.7551484265624999 0.374711746875 0.6922860562500001 0.3289379609375 0.6819089218750001 0.3140984203125 0.737025190625
8 0.4284706921875 0.7603032546875 0.47500764999999995 0.7627357203125 0.46496755156249997 0.6983344453125 0.41846168749999996 0.6972343640625 0.4284706921875 0.7603032546875
12 0.46275439062499996 0.766087528125 0.4275831484375 0.762918384375 0.42018876250000003 0.7305936421875 0.409679503125 0.72738280625 0.41405229375 0.792818615625 0.46527573125000005 0.7928345203125 0.46275439062499996 0.766087528125
10 0.5668519843750001 0.7555595390625001 0.60826715 0.7417551687499999 0.57938784375 0.683022975 0.53604211875 0.6953956781249999 0.5668519843750001 0.7555595390625001
9 0.6187283906250001 0.7835555375000001 0.6008247484375 0.7480199578125 0.56593334375 0.75684228125 0.550410984375 0.7328141203125 0.5415992203125 0.73028590625 0.570602903125 0.7943476421875 0.6187283906250001 0.7835555375000001
9 0.6220929671875 0.7039560390624999 0.6709792640625001 0.7544365453124999 0.70633375625 0.72984299375 0.68648719375 0.712279678125 0.6592534921875 0.7315136171875001 0.6220929671875 0.7039560390624999
1 0.6086946 0.6850771703125 0.6591183453125 0.7257224734375 0.6916980500000001 0.708420559375 0.6754090546875 0.6918694921874999 0.6499058718749999 0.7095412921875 0.6086946 0.6850771703125
2 0.6011161046875 0.663197315625 0.6492582390625 0.7070285484375 0.6805619890625 0.6855284546875 0.666670446875 0.6707552953125 0.6381994062499999 0.68744566875 0.6011161046875 0.663197315625
1 0.5888585453124999 0.6427254828125 0.6387311953125 0.6849945749999999 0.6694838484375001 0.6651182703125 0.6538038703125 0.6494253343749999 0.6300891234375 0.6680169109375 0.5888585453124999 0.6427254828125
2 0.61087259375 0.60173498125 0.5813379734375 0.6233275484374999 0.6294221828125 0.6646768609375 0.658405709375 0.644708084375 0.61087259375 0.60173498125
5 0.679315853125 0.6573692109375 0.743013328125 0.6863138640625001 0.7539773375000001 0.6513561640625001 0.7343431484375 0.6428932171875 0.7261153140625 0.6689046656250001 0.679315853125 0.6573692109375
9 0.661354259375 0.6448622046875 0.7248779734374999 0.6663611 0.7347590984375 0.6354782828125 0.71687473125 0.626280503125 0.70923660625 0.6523227765625 0.661354259375 0.6448622046875
5 0.64325751875 0.626564053125 0.7073902515625 0.6489210796875 0.7178996984375 0.6197237 0.6982848140625 0.612088059375 0.69121709375 0.6373338484375 0.64325751875 0.626564053125
6 0.6362985515624999 0.5807539562499999 0.6276547671875 0.614180340625 0.6911591734375 0.6348519296874999 0.6980338265625 0.601333071875 0.6362985515624999 0.5807539562499999
8 0.43226061250000003 0.5196848546874999 0.3880902859375 0.519854984375 0.3904088 0.5687277140625 0.43640617812500004 0.571131975 0.43226061250000003 0.5196848546874999