4 0.1670382890625 0.561734478125 0.101345109375 0.572355184375 0.1103116296875 0.6150800140625 0.14331351875 0.6071324984375 0.1392573328125 0.5785178875 0.1684680015625 0.5699541 0.1670382890625 0.561734478125
8 0.1437634109375 0.5832439671875 0.1484568046875 0.617286971875 0.2116171703125 0.6009297421875 0.19941898125 0.5643356125000001 0.1437634109375 0.5832439671875
9 0.209132371875 0.6431243390625 0.2000425640625 0.6349907578125 0.151519546875 0.6790201812500001 0.1861384640625 0.7086092125000001 0.212179109375 0.6888805062500001 0.1908294703125 0.6614484234375 0.209132371875 0.6431243390625
3 0.2394461453125 0.6320774578125 0.2323296 0.62293343125 0.1954908484375 0.663537340625 0.21929565312500002 0.6980245328125 0.2437512875 0.6727133703125 0.22178045000000002 0.655829934375 0.2394461453125 0.6320774578125
0 0.22667477812499998 0.6539631109374999 0.2558398109375 0.6786719921875 0.2965474328125 0.6373657703125 0.2635135296875 0.6133592 0.22667477812499998 0.6539631109374999
11 0.29653381093750003 0.7025925187500001 0.2842899875 0.6992710609375 0.25678999999999996 0.7600298515625 0.3044292375 0.779754528125 0.3166410484375 0.7511219046875001 0.28526980625 0.7313792125 0.29653381093750003 0.7025925187500001
5 0.2891386796875 0.730676903125 0.3289625234375 0.7531247828125001 0.35354144062500004 0.6932223703125 0.30851267031249996 0.6779156390625001 0.2891386796875 0.730676903125
8 0.40186590468750005 0.766306565625 0.4483083828125 0.773855878125 0.4435053265625 0.7091773703124999 0.3969852015625 0.702946640625 0.40186590468750005 0.766306565625
12 0.39599175937500003 0.736065240625 0.38572119531250004 0.731733334375 0.38475976875 0.7968060171875 0.436096571875 0.802488503125 0.43575395937500006 0.7758087421875 0.40076280000000003 0.7687896609375 0.39599175937500003 0.736065240625
10 0.5409443765625 0.7769332015625 0.5835796265625001 0.7678892 0.5594322078125 0.7067222453124999 0.5149790000000001 0.7141395328125 0.5409443765625 0.7769332015625
9 0.5399189203125 0.7780977124999999 0.5263241437499999 0.7526633078125 0.5176991296875 0.74919298125 0.5415359468750001 0.8156342593750001 0.590650534375 0.8103058937500001 0.57560893125 0.7732495640625 0.5399189203125 0.7780977124999999
9 0.6453964609375 0.78734421875 0.6828386 0.766980184375 0.6643819703125 0.7474485750000001 0.635516509375 0.763420753125 0.6005233703124999 0.7321088046875001 0.6453964609375 0.78734421875
1 0.6358540109375 0.7576896093750001 0.6699196578125 0.7442158734375 0.6549458890625 0.7260769812500001 0.6279423953125 0.7406986812499999 0.5886368078124999 0.711992025 0.6358540109375 0.7576896093750001
2 0.627498525 0.7381468124999999 0.6606282203125 0.7203880734375 0.647912071875 0.7042693078125 0.6180142296875 0.717593953125 0.5828282312499999 0.6895569453125 0.627498525 0.7381468124999999
1 0.6187473859375 0.7152334125 0.6511921359375 0.6990164812499999 0.636758665625 0.6817919875 0.6114724984375 0.6975194140625 0.5722151234374999 0.6679940249999999 0.6187473859375 0.7152334125
2 0.5976260609375 0.6299694171875 0.5662619062500001 0.6480151484375 0.6110768421875 0.694148809375 0.64175605625 0.6776448859374999 0.5976260609375 0.6299694171875
5 0.7231552109375 0.7280722359375 0.736998690625 0.6947799 0.7180116984375 0.684254375 0.7076411453125 0.7090189437500001 0.6616789984375 0.6924554140625 0.7231552109375 0.7280722359375
9 0.7066087640625 0.7063714109375 0.7190341421875 0.6769814234375 0.7018609046875001 0.6659241546875 0.6920788625000001 0.6907843890625001 0.64469861875 0.6781232046875 0.7066087640625 0.7063714109375
5 0.6905061828125 0.6872224578125 0.7034236468749999 0.659565603125 0.684388440625 0.6498588140625 0.675243128125 0.6739959734375 0.6280557421874999 0.6580598515625 0.6905061828125 0.6872224578125
6 0.6248224109375 0.612072775 0.6134294140625001 0.644110296875 0.675387771875 0.67153976875 0.6850152296875 0.6392152546875 0.6248224109375 0.612072775
8 0.425315115625 0.5292215687499999 0.3810320171875 0.5245029875 0.3793643890625 0.572999690625 0.42526838125 0.5804614703125 0.425315115625 0.5292215687499999