4 0.14881652343750001 0.5907127234375 0.0843264265625 0.6120568953125 0.09570703124999999 0.6534112249999999 0.1279520796875 0.64007111875 0.1222617765625 0.6120568953125 0.150713290625 0.5987167875 0.14881652343750001 0.5907127234375
8 0.1952873296875 0.62272898125 0.181061571875 0.5880447015625 0.1270036953125 0.6160589265625 0.13364238281250002 0.6494091921875 0.1952873296875 0.62272898125
9 0.1952873296875 0.6654173203125 0.18580349062499998 0.65874726875 0.14028106875 0.7107736828125 0.176319653125 0.734785875 0.2009776328125 0.7107736828125 0.1782164203125 0.6867614921875 0.1952873296875 0.6654173203125
3 0.224687225 0.6494091921875 0.21710015624999998 0.6414051296875 0.1829583390625 0.6880955015625 0.2085647015625 0.7187777468750001 0.2313259125 0.6894295140625 0.2085647015625 0.67608940625 0.224687225 0.6494091921875
0 0.28159025312499997 0.6454071609375001 0.24744843749999998 0.6267310109374999 0.21330662031249997 0.6734213859375 0.24365490156249997 0.6934315453125001 0.28159025312499997 0.6454071609375001
11 0.2853837890625 0.7107736828125 0.27305480000000004 0.7094396734374999 0.2493452046875 0.7748061953125001 0.2977127765625 0.786812290625 0.3081449984375 0.756130046875 0.27589995 0.7414559281249999 0.2853837890625 0.7107736828125
5 0.34133843124999996 0.692097534375 0.295816009375 0.6840934703125 0.2796934859375 0.74012191875 0.3204739890625 0.756130046875 0.34133843124999996 0.692097534375
8 0.431434890625 0.6934315453125001 0.3849640859375 0.6947655562499999 0.3934995390625 0.75746405625 0.4399703453125 0.75746405625 0.431434890625 0.6934315453125001
12 0.38591246875 0.7281158234375 0.375480246875 0.7254478015625 0.3783254 0.7908143234375 0.42953812343750003 0.7881463015625 0.42764135468750003 0.7614660875 0.39255115625000003 0.760132078125 0.38591246875 0.7281158234375
10 0.5461893296875 0.6720873734375 0.502563675 0.6867614921875 0.531963571875 0.7454579609375 0.573692459375 0.7294498328125 0.5461893296875 0.6720873734375
9 0.5310151875 0.7467919703125 0.5160565890625 0.7235184453125 0.5073055937500001 0.72144576875 0.5348087234375 0.7841442703125 0.5831762968749999 0.7708041640625 0.5661053890625001 0.7361198859375 0.5310151875 0.7467919703125
9 0.58839741875 0.6908339390625 0.636096028125 0.7388762468750001 0.6720172015625 0.7123701453125 0.6525844359375 0.6958038328125 0.6249074640625001 0.7165117234375 0.58839741875 0.6908339390625
1 0.5754422406249999 0.67261099375 0.6249074640625001 0.710713515625 0.65788428125 0.6916622546875 0.6419847453124999 0.67592425625 0.6160743906249999 0.6949755171875001 0.5754422406249999 0.67261099375
2 0.5683757796875 0.6510747875 0.6154855171875 0.6924905703124999 0.647284590625 0.66929773125 0.6337405406250001 0.6552163656250001 0.6048858265625 0.673439309375 0.5683757796875 0.6510747875
1 0.5565983453125 0.6311952125 0.6054746984375 0.6709543640625 0.6366848984375 0.64941815625 0.621374234375 0.634508475 0.5972304953124999 0.65438805 0.5565983453125 0.6311952125
2 0.596641621875 0.6510747875 0.626085209375 0.6295385796875 0.57956434375 0.5889511125 0.5495318859375 0.6121439515625 0.596641621875 0.6510747875
5 0.64669571875 0.641135 0.7097049921874999 0.666812784375 0.7214824265625001 0.6311952125 0.702049659375 0.6237403703125 0.693216584375 0.6502464703124999 0.64669571875 0.641135
9 0.6290295671874999 0.6295385796875 0.692038840625 0.6477615250000001 0.7026385312500001 0.6162855296874999 0.6849723796875 0.6080023734375 0.676728175 0.634508475 0.6290295671874999 0.6295385796875
5 0.611363415625 0.6121439515625 0.6749615609374999 0.6311952125 0.6861501234375 0.6013758484375 0.6667173562500001 0.5947493234375 0.659062025 0.62042710625 0.611363415625 0.6121439515625
6 0.659062025 0.6179421609375 0.6667173562500001 0.5839812171875 0.6054746984375 0.5665865890624999 0.5960527515625 0.6005475312499999 0.659062025 0.6179421609375
8 0.35991519375 0.5674149046875 0.40584718750000004 0.5674149046875 0.40290282812499995 0.516059334375 0.35873745156250003 0.5185442828125 0.35991519375 0.5674149046875