4 0.19088422968750002 0.6300653125 0.131219240625 0.6633682640624999 0.1498486234375 0.70184400625 0.179202146875 0.682569934375 0.16857028125 0.6561199249999999 0.1941887 0.6375706859375 0.19088422968750002 0.6300653125
8 0.17395761875 0.6591477765625 0.18648120625 0.6906617703125 0.242386925 0.65265725625 0.22215364218749997 0.6212816265625001 0.17395761875 0.6591477765625
9 0.2500504828125 0.694618796875 0.239515290625 0.6898743921875 0.2040340015625 0.7497130296875001 0.243828240625 0.766430475 0.26379566875 0.7381156843750001 0.23707429218749998 0.7188613234375001 0.2500504828125 0.694618796875
3 0.276123703125 0.6732657546875 0.267216578125 0.666847634375 0.2419826578125 0.719266578125 0.2727027921875 0.7445338078125 0.289844721875 0.71133624375 0.2650392359375 0.7025722640625001 0.276123703125 0.6732657546875
0 0.2692291421875 0.6990436265625 0.30270226875 0.7129144265625 0.33143180625 0.65845935 0.2944630640625 0.6466246812499999 0.2692291421875 0.6990436265625
11 0.346901734375 0.7219881296875 0.334523159375 0.7230325421875 0.32291358125 0.7918163671875 0.3726915328125 0.7943764171875001 0.3774548875 0.7622232671875 0.3430721546875 0.753960071875 0.346901734375 0.7219881296875
5 0.3465677734375 0.7519239421874999 0.3895939765625 0.75986755625 0.3986417125 0.6929386531249999 0.3523835453125 0.6937688718749999 0.3465677734375 0.7519239421874999
8 0.46173421406250004 0.7472257984375 0.5074892390625 0.73834658125 0.48758991875 0.6770351453125001 0.44207438125 0.687225659375 0.46173421406250004 0.7472257984375
12 0.44899531093749995 0.7198269078124999 0.4382448015625 0.7191976046875 0.452780953125 0.782907590625 0.502725884375 0.770499734375 0.49606860937499997 0.7446361875 0.4612794125 0.7500296046875 0.44899531093749995 0.7198269078124999
10 0.5959101375 0.7089676734375 0.63412245 0.685258921875 0.5967450390625 0.63412814375 0.556425690625 0.656888015625 0.5959101375 0.7089676734375
9 0.5952158468750001 0.7104601796875001 0.5763095109374999 0.69044105625 0.5673212109375 0.6900757265624999 0.605656565625 0.746451696875 0.65088428125 0.7240970828125 0.627849671875 0.6932650812500001 0.5952158468750001 0.7104601796875001
9 0.7057590234375 0.6371118109375 0.68222590625 0.6627553984375 0.641668453125 0.6444908015624999 0.697257090625 0.6826013421875 0.7278665109375 0.6496830359375 0.7057590234375 0.6371118109375
1 0.6917537484375 0.6195959890625 0.6696626328125 0.643273603125 0.625641375 0.6290534703125 0.6811849921875 0.657055909375 0.7102337249999999 0.6320281 0.6917537484375 0.6195959890625
2 0.679918975 0.6008158921875 0.65478015 0.624241871875 0.6148175046875 0.609234128125 0.6686367234375 0.64094348125 0.69578234375 0.612069640625 0.679918975 0.6008158921875
1 0.66402559375 0.5828234078125 0.643822584375 0.606977684375 0.5996526249999999 0.591943340625 0.6549138453125 0.6216867203125 0.6817770671875001 0.5945538203125 0.66402559375 0.5828234078125
2 0.6146810781250001 0.5460303421875 0.5892748625 0.5745666359375 0.6426479734375 0.6038333484375 0.6677717921874999 0.577038 0.6146810781250001 0.5460303421875
5 0.7415252625 0.556823915625 0.737586709375 0.584566475 0.690146671875 0.5844989140625 0.7567951890625 0.5977002812500001 0.7619970296874999 0.5604388 0.7415252625 0.556823915625
9 0.7218856828125 0.5446168390625 0.718526928125 0.5722468828125 0.6706708 0.5764754171875001 0.7359809984375 0.5823488703125 0.740766746875 0.5493834828125 0.7218856828125 0.5446168390625
5 0.7015326046875 0.535077434375 0.69860495 0.5617807453125 0.6501540140625 0.5627524328125 0.7161927171875 0.5693275812499999 0.72185566875 0.5378781015625 0.7015326046875 0.535077434375
6 0.636177384375 0.519095878125 0.6329973468750001 0.5542788703125 0.69815884375 0.5593381078124999 0.699599478125 0.5244926624999999 0.636177384375 0.519095878125
8 0.4276548625 0.5081344624999999 0.3846158625 0.51901581875 0.39454888593750004 0.5668293531249999 0.43977339843749996 0.5580530875 0.4276548625 0.5081344624999999