4 0.1085061046875 0.5537763265625 0.041119371875 0.5639995984375 0.044903879687499995 0.6067240015625 0.0790766328125 0.5989793765625 0.07850268906249999 0.5703764515625 0.1089371109375 0.5619941390625 0.1085061046875 0.5537763265625
8 0.082456525 0.5751230421875 0.083006278125 0.60915136875 0.148548034375 0.59318385625 0.1407613109375 0.5565636609375 0.082456525 0.5751230421875
9 0.1408778546875 0.6353116984375 0.132730490625 0.6271350109375 0.07852247500000001 0.67082609375 0.10972215156250001 0.700581015625 0.1383357875 0.6810290593749999 0.12022026875 0.6535060359375 0.1408778546875 0.6353116984375
3 0.1727262421875 0.6244558171875 0.1666877390625 0.6152814765625 0.124653490625 0.6556196375 0.144374290625 0.6902033999999999 0.1720775296875 0.665066621875 0.15204447031249999 0.6480755578124999 0.1727262421875 0.6244558171875
0 0.157196771875 0.646239675 0.1835080296875 0.6710885828125 0.22952029999999998 0.6300716140625 0.19923101875 0.6059015140625 0.157196771875 0.646239675
11 0.22151367031250002 0.6952175578124999 0.209603784375 0.6918285875 0.17449424687499998 0.7523513125 0.2200007390625 0.7723302546874999 0.23579409375 0.7438045062499999 0.20665489843749998 0.7239027328125001 0.22151367031250002 0.6952175578124999
5 0.2106329234375 0.7232239234375 0.2479436734375 0.7458769828125 0.28000976875 0.6861924875 0.2365879453125 0.6706412921875 0.2106329234375 0.7232239234375
8 0.3196668671875 0.7594689203125 0.365461434375 0.7672805671875 0.3685554578125 0.7026540109375 0.3225211984375 0.696158859375 0.3196668671875 0.7594689203125
12 0.317463453125 0.729230659375 0.3076624265625 0.724844034375 0.2987212140625 0.7898305578125 0.349668078125 0.7958063171875 0.352592775 0.769157571875 0.31825289843750004 0.761942490625 0.317463453125 0.729230659375
10 0.45827322031250006 0.77089598125 0.5022711906249999 0.7621125796875 0.48547508749999996 0.7008800703125 0.439847646875 0.7080281359375 0.45827322031250006 0.77089598125
9 0.45709894375 0.7720530531249999 0.446539775 0.7465706 0.438288540625 0.7430541140625 0.45412586875 0.809552603125 0.50418653125 0.8045181421875001 0.493596059375 0.767419684375 0.45709894375 0.7720530531249999
9 0.562072940625 0.781905134375 0.6022339718749999 0.7617853328125 0.5860605999999999 0.7421699296875001 0.5550656187499999 0.7579534828125001 0.5237006125 0.7264755843749999 0.562072940625 0.781905134375
1 0.55610743125 0.75223140625 0.5920274765625 0.7389736234375001 0.579187090625 0.7207695859375 0.5502306781249999 0.7352152265624999 0.5142082296875 0.70631416875 0.55610743125 0.75223140625
2 0.550096865625 0.7326639187499999 0.58560045625 0.715120959375 0.57478361875 0.6989477546875 0.543074525 0.7120810140625 0.51111419375 0.6838728765625001 0.550096865625 0.7326639187499999
1 0.5441013171875 0.709727684375 0.57872694375 0.693720615625 0.56631803125 0.676433009375 0.5389536968749999 0.691993053125 0.503080078125 0.6622745578125 0.5441013171875 0.709727684375
2 0.5333022359374999 0.624445659375 0.499539553125 0.6422855828125 0.5389687140625 0.6886243046875 0.5718534359375 0.6723202734375 0.5333022359374999 0.624445659375
5 0.6475590140625 0.7231613796875 0.665564778125 0.6899912296874999 0.6477542703125 0.6793676609375 0.63428715625 0.7040409140625 0.59008039375 0.6872290171875 0.6475590140625 0.7231613796875
9 0.6335730421875 0.70139061875 0.6496740484375 0.6721096906249999 0.633753278125 0.66096565 0.620866465625 0.6857378921875 0.574754946875 0.6728152140625 0.6335730421875 0.70139061875
5 0.61972088125 0.6821711671874999 0.6361045296875 0.65462410625 0.6181451906250001 0.6448179796875 0.6059875109374999 0.66887176875 0.5604713140625 0.6526793343749999 0.61972088125 0.6821711671874999
6 0.5628539703125 0.606730259375 0.5474670765625 0.638661484375 0.6064340031250001 0.66641945 0.6200799875 0.634191259375 0.5628539703125 0.606730259375
8 0.372308578125 0.5228145171875 0.3283394 0.5178427296875 0.32071900000000003 0.56626965625 0.3659825953125 0.573990728125 0.372308578125 0.5228145171875