5 0.3216188484375 0.7789626125 0.3061391390625 0.7632651734375 0.32107027499999996 0.7503648859375 0.306173415625 0.7412286078125 0.277013990625 0.77814438125 0.3045791859375 0.7993583015625 0.3216188484375 0.7789626125
4 0.3677836609375 0.7436877140625 0.35621245 0.7343508390625 0.33139008125 0.7608298453125 0.32170455 0.7510985406249999 0.309104796875 0.76301611875 0.3351614484375 0.7872683203124999 0.3677836609375 0.7436877140625
7 0.366463675 0.7208205796875 0.340715590625 0.7024443421875 0.305881990625 0.737948028125 0.33137293749999996 0.758234459375 0.366463675 0.7208205796875
8 0.3952117109375 0.757752203125 0.3718121828125 0.809057003125 0.40661152031250003 0.8228172234375 0.42803965625 0.772543590625 0.3952117109375 0.757752203125
9 0.39310320625 0.8197022890625 0.37047506406249997 0.8108218203125 0.3846519234375 0.77902016875 0.3717607390625 0.7740434984375 0.3451384171875 0.8275075484375 0.3819434328125 0.845427378125 0.39310320625 0.8197022890625
2 0.478198721875 0.8382882171875 0.45219350468749997 0.8354358484375 0.457507678125 0.8095721359375 0.44094799531250006 0.8073429875 0.4331310265625 0.8626902109374999 0.474170240625 0.8682146203125001 0.478198721875 0.8382882171875
5 0.4969869078125 0.783121321875 0.4850042796875 0.7795634953125 0.47660445625000003 0.8147358890625 0.45812480781250003 0.8077104 0.453702046875 0.83239756875 0.494741259375 0.8379219765625001 0.4969869078125 0.783121321875
4 0.4387880375 0.8070522296875 0.4752330515625 0.81130993125 0.4868042390625 0.7661921234375 0.45265632031249997 0.7557609421875 0.4387880375 0.8070522296875
10 0.5642884687499999 0.775974234375 0.5292662875 0.7829286546875001 0.540683234375 0.8369753921875001 0.57759109375 0.8296265375 0.5642884687499999 0.775974234375
4 0.5282377734375 0.8722514609375001 0.5695512640625 0.864847390625 0.562248534375 0.8346921999999999 0.5406146671875 0.840207509375 0.5335690734375 0.8081421234375 0.5191179234375001 0.8120312421874999 0.5282377734375 0.8722514609375001
12 0.621013109375 0.8147270625 0.6520239359375 0.799453421875 0.625452996875 0.7517942718749999 0.5946135953125 0.7657944484375 0.621013109375 0.8147270625
12 0.6396641765625 0.80686541875 0.6220073765625 0.8155091734375001 0.6051905453125 0.78796288125 0.5935336265625 0.792876409375 0.6179960390625 0.848030965625 0.651698240625 0.831823078125 0.6396641765625 0.80686541875
4 0.6662522156249999 0.7618242656249999 0.6896860453125 0.74293758125 0.65606953125 0.7040540531249999 0.6312814421875 0.7221101671875 0.6662522156249999 0.7618242656249999
5 0.6755434453125 0.7118616578125 0.6693721390625 0.7168653468749999 0.6899603265625001 0.7436227734374999 0.6785262640624999 0.755049 0.6926345703125001 0.76732048125 0.7119370484374999 0.7491742046875001 0.6755434453125 0.7118616578125
2 0.7056114578125 0.7580467468750001 0.6947088156250001 0.7682479703125 0.6770005796875 0.75549189375 0.66868645625 0.762800215625 0.69270315 0.7913157 0.7180226546874999 0.7720345843749999 0.7056114578125 0.7580467468750001
3 0.4920326421875 0.6048284390625 0.4622217828125 0.5975741625000001 0.45418195156249996 0.6327950171875 0.48586134375 0.637059471875 0.4920326421875 0.6048284390625