5 0.40624688593749997 0.7899911687500001 0.38736293125 0.7791603609375 0.398635659375 0.76263164375 0.3819407078125 0.7579518578125 0.36282793125 0.8015081687500001 0.3947868484375 0.814312053125 0.40624688593749997 0.7899911687500001
4 0.442241925 0.743322475 0.428719440625 0.7375323453125 0.41122496249999996 0.7698521828125 0.3994318140625 0.7631624515625 0.3901746171875 0.7781027015624999 0.421424115625 0.7942455203125001 0.442241925 0.743322475
7 0.43530197812500004 0.7216885390625001 0.4058061109375 0.711113246875 0.38084620468749997 0.7548763468749999 0.41056583125 0.767360165625 0.43530197812500004 0.7216885390625001
8 0.47229803437499995 0.7492864781249999 0.462328046875 0.8050960984375 0.49945066093749996 0.80873404375 0.5077659031249999 0.7544602031250001 0.47229803437499995 0.7492864781249999
9 0.4855916953125 0.8094637296875 0.46146945156249997 0.8071626828125 0.4673321078125 0.772659028125 0.45361016562499995 0.7714274999999999 0.4410522515625 0.8302033046874999 0.4811478765625 0.8372895109374999 0.4855916953125 0.8094637296875
2 0.5726395296875 0.8038699062499999 0.546737665625 0.8082994156250001 0.5454835265625 0.781952771875 0.5288874625 0.784376290625 0.53501573125 0.8397762906249999 0.5761451078125 0.83377018125 0.5726395296875 0.8038699062499999
5 0.5771856078125001 0.745617 0.564695190625 0.74549976875 0.5652642125 0.7816524765625 0.5456205515625 0.7799915609375 0.547447084375 0.8049604796875001 0.5885764625000001 0.7989543703125 0.5771856078125001 0.745617
4 0.5267227609375 0.784692403125 0.5630873578125 0.778735021875 0.5631288671875 0.7321400703125 0.5274615375 0.7315249484375 0.5267227609375 0.784692403125
10 0.64062284375 0.7201765796874999 0.6084124937500001 0.736527471875 0.632854009375 0.7853707859375 0.6667936937500001 0.768120290625 0.64062284375 0.7201765796874999
4 0.6295289921875 0.8227392078125 0.667723496875 0.80422031875 0.6531827875 0.7772256359374999 0.633587728125 0.788498978125 0.61882325625 0.7595957703125 0.60578474375 0.7673233921875 0.6295289921875 0.8227392078125
12 0.7051755078124999 0.741809234375 0.7314398421874999 0.7185618234375 0.6938973765625 0.6800435203124999 0.667483871875 0.702018578125 0.7051755078124999 0.741809234375
12 0.7212997515625 0.7291015296875 0.7063324484375 0.7422873531249999 0.6832196578125 0.7204268593750001 0.6731420046875 0.728369175 0.7104971578125 0.774679646875 0.7391378046875 0.7497910859375 0.7212997515625 0.7291015296875
4 0.7359096468749999 0.67843795625 0.7539383843749999 0.6538049140625 0.711742178125 0.6256722140625001 0.692195715625 0.6498798203125 0.7359096468749999 0.67843795625
5 0.7325427765625 0.627811253125 0.7278022984375 0.6343271140625 0.7543737546875 0.65438840625 0.746124321875 0.6685344265625 0.762831425 0.6764477796875 0.777040709375 0.653666628125 0.7325427765625 0.627811253125
2 0.7731085359375001 0.6639468609375 0.7650707140625 0.67676784375 0.744755771875 0.66938134375 0.7385097218750001 0.678705334375 0.7688381921875 0.6995121265625001 0.7885962625 0.673979484375 0.7731085359375001 0.6639468609375
3 0.5282468875 0.57546689375 0.4975680953125 0.576711571875 0.4984979 0.6128115953125 0.53024689375 0.6081753 0.5282468875 0.57546689375