12 0.1367504703125 0.85728395 0.10683630468750001 0.84237331875 0.0213672609375 0.8871052140625 0.0822639546875 0.9062760265625001 0.10790466875 0.8956255750000001 0.0897424953125 0.8817799875000001 0.1367504703125 0.85728395
5 0.22328787656250002 0.8604790859375001 0.162391184375 0.83917818125 0.0993577625 0.8828450328124999 0.150639190625 0.9009508015625001 0.22328787656250002 0.8604790859375001
8 0.30448346875 0.8892353046875 0.268159125 0.8775198078124999 0.22328787656250002 0.9318371109375001 0.30555183124999996 0.9414225171874999 0.32050891406250004 0.925446840625 0.28097948125 0.9084061171875 0.30448346875 0.8892353046875
3 0.29059475 0.9073410718750001 0.3536281703125 0.9275769296874999 0.3974310546875 0.8817799875000001 0.323714003125 0.86686935625 0.29059475 0.9073410718750001
9 0.48610518750000004 0.8913653937499999 0.44230230156249994 0.8956255750000001 0.4390972140625 0.9499428765625 0.5309764343750001 0.9467477421874999 0.528839709375 0.9233167484375 0.48717354999999996 0.925446840625 0.48610518750000004 0.8913653937499999
12 0.4903786390625 0.9179915234375 0.575847684375 0.9275769296874999 0.5619589640625 0.8753897171875 0.480763371875 0.8775198078124999 0.4903786390625 0.9179915234375
9 0.6741370843750001 0.8807149421875 0.6420861921875 0.8913653937499999 0.6890941671874999 0.9414225171874999 0.773494846875 0.9275769296874999 0.7467857703125 0.9041459359375 0.70405125 0.91373134375 0.6741370843750001 0.8807149421875
2 0.706187975 0.9105362078124999 0.7863152046875 0.897755665625 0.7350337765625 0.8551538593749999 0.661316728125 0.8658043109375001 0.706187975 0.9105362078124999
12 0.823720096875 0.8487635890625 0.79380593125 0.85728395 0.86645461875 0.89988575625 0.9294880390625 0.8817799875000001 0.8995738734375 0.8700644921875 0.86645461875 0.8711295375000001 0.823720096875 0.8487635890625
11 0.86859134375 0.8689994453125 0.92628295 0.862609175 0.8579077156249999 0.8189423250000001 0.7980793828125 0.8402432265625001 0.86859134375 0.8689994453125
6 0.9284196765624999 0.812552053125 0.9070524140625 0.8274626843749999 0.9914530953125 0.8487635890625 0.9914530953125 0.8306578218749999 0.9850429171874999 0.8295927765625001 0.9284196765624999 0.812552053125
1 0.920941134375 0.784860878125 0.8824800640625 0.8040316921875 0.9925214578125001 0.8263976390625001 0.9946581859375 0.802966646875 0.920941134375 0.784860878125
5 0.43910939843749996 0.7731453828125 0.508552996875 0.7710152921875 0.510689725 0.7379988921875 0.445519578125 0.7369338484375 0.43910939843749996 0.7731453828125