12 0 0.894447796875 0.0400534703125 0.908190740625 0.0661902375 0.898137084375 0.0486729328125 0.8838687671875001 0.096821828125 0.860466853125 0.0676021375 0.8448599609375 0 0.8778629140625 0 0.894447796875
5 0.05823859375 0.8851576109374999 0.10867673281250001 0.9044569671874999 0.18321041875 0.86567616875 0.1233058328125 0.8429578781249999 0.05823859375 0.8851576109374999
8 0.26306666875 0.8963222359374999 0.22728798281249998 0.88376128125 0.179886865625 0.93703419375 0.2617043734375 0.948534315625 0.27740553437500004 0.93290676875 0.2386697859375 0.9149459875 0.26306666875 0.8963222359374999
3 0.3563614921875 0.8910302984375 0.2833389140625 0.8744038828124999 0.24833466093749998 0.9141047390624999 0.31042558124999997 0.9358077171874999 0.3563614921875 0.8910302984375
9 0.4445891765625 0.9026796171875 0.4005878703125 0.905920275 0.3948529140625 0.9601629781250001 0.48688095000000003 0.9591063562500001 0.485835540625 0.9356256296875 0.44407017031249996 0.93678593125 0.4445891765625 0.9026796171875
12 0.5211870328125 0.8884694578125 0.43989222968749997 0.8887097 0.44762249687500005 0.9294052125000001 0.5326450953124999 0.9409799328125 0.5211870328125 0.8884694578125
9 0.6331171265625 0.89640565625 0.60057018125 0.906310115625 0.6452467093750001 0.9574613624999999 0.7302922578125 0.945580221875 0.704674496875 0.9215275671875001 0.6614935281250001 0.93011831875 0.6331171265625 0.89640565625
2 0.6952043453125001 0.8722619609375 0.62099124375 0.8811966281249999 0.6637790703124999 0.926972915625 0.7445015625 0.9160573546874999 0.6952043453125001 0.8722619609375
12 0.784188296875 0.8679358875000001 0.7538772890625001 0.8757599875000001 0.824541765625 0.9200527109375001 0.8884184765625 0.9034140624999999 0.85904996875 0.8910023062500001 0.8258811078124999 0.8912964921875 0.784188296875 0.8679358875000001
11 0.8197648640624999 0.8389103484374999 0.7589444249999999 0.8588187296875001 0.8281170437500001 0.8892161328125001 0.88610628125 0.88416865 0.8197648640624999 0.8389103484374999
6 0.9527645859374999 0.8537341484375001 0.9464040125000001 0.8525199046875 0.8905744562500001 0.8341612609375 0.8685127203125 0.8485745640625 0.9519212953125 0.871839915625 0.9527645859374999 0.8537341484375001
1 0.9540313687499999 0.8494988328125 0.9572594140625 0.8261175734374999 0.8843856515624999 0.8062960203125 0.8450316859375 0.82457164375 0.9540313687499999 0.8494988328125
5 0.4763168734375 0.749885328125 0.4111963328125 0.74730343125 0.40309957343749997 0.7833657671875 0.47264238281250004 0.7828519953125 0.4763168734375 0.749885328125