12 0.12413383124999999 0.86191166875 0.094120728125 0.8496481609375 0.00887730625 0.9017303328124999 0.0699103203125 0.9155396234375001 0.0954994640625 0.9026773374999999 0.0772493265625 0.8904506187499999 0.12413383124999999 0.86191166875
5 0.0868747 0.890673890625 0.1382823421875 0.9042599109375 0.21072499374999998 0.8575464328125 0.1496795828125 0.8416122421875001 0.0868747 0.890673890625
8 0.2921209421875 0.8791461640625 0.255713653125 0.8706294515625 0.2111403109375 0.9287304734375 0.293493478125 0.93111289375 0.30836365625 0.9138707828125 0.26871898125000004 0.900321553125 0.2921209421875 0.8791461640625
3 0.3850629 0.8635969906250001 0.311229115625 0.8551563968749999 0.278331959375 0.8984199296875 0.3415087671875 0.9131051828125001 0.3850629 0.8635969906250001
9 0.47382885156250004 0.865419959375 0.4300329625 0.8734926656249999 0.427142709375 0.9279572578125 0.5190406640624999 0.9167511218750001 0.5167666984375 0.8935637421875 0.4750960078125 0.89932506875 0.47382885156250004 0.865419959375
12 0.549620465625 0.8428630703125 0.46840428125000005 0.852074340625 0.47825900781249997 0.8916082031249999 0.5638185671875 0.8937108984375 0.549620465625 0.8428630703125
9 0.66187515625 0.8383849265625001 0.6298732296875 0.8518066640624999 0.677191646875 0.8976391015624999 0.761546034375 0.8764611718750001 0.7346897328125 0.8554183515625 0.6919936375 0.8687100593749999 0.66187515625 0.8383849265625001
2 0.7226478203125 0.8075713859375 0.6489628093750001 0.8246295515625001 0.6941126359374999 0.8653362296875 0.7741980359375 0.8455937171875 0.7226478203125 0.8075713859375
12 0.81133298125 0.793456565625 0.7814562515625 0.8045669234374999 0.8543824078125001 0.84072441875 0.917336059375 0.81716153125 0.887341553125 0.8080853687499999 0.854215040625 0.8120383125 0.81133298125 0.793456565625
11 0.8453609249999999 0.7607242750000001 0.785632259375 0.78719478125 0.8563402359375001 0.8097269296875 0.9140180890625 0.7983171859375 0.8453609249999999 0.7607242750000001
6 0.9758295968749999 0.778275071875 0.97634546875 0.7605457234374999 0.9726097687499999 0.760252990625 0.9158643421875 0.748195628125 0.8945751812499999 0.7649347390625 0.9758295968749999 0.778275071875
1 0.97717370625 0.7320810640625 0.9082215937499999 0.7212246609374999 0.8698564734374999 0.7437054375 0.9764777812500001 0.7559984640625 0.97717370625 0.7320810640625
5 0.49753075312500006 0.71028176875 0.432327928125 0.7149070703125 0.4261259046875 0.7515897640625 0.49558532031249997 0.743404153125 0.49753075312500006 0.71028176875