12 0.13577736875 0.8248875625000001 0.10666682812499999 0.8072606671875 0.029316664062499997 0.8395194375000001 0.029622623437500002 0.8482809484375 0.0787667484375 0.8686037687500001 0.10494567031249999 0.8603825875 0.08752239687499999 0.84490850625 0.13577736875 0.8248875625000001
5 0.097074565625 0.8468627124999999 0.14736876875 0.8696570843749999 0.2220815296875 0.836112696875 0.162346709375 0.809243215625 0.097074565625 0.8468627124999999
8 0.3017093703125 0.8722921546875 0.2660262125 0.8572507796875 0.21834466406250003 0.907163 0.30004398593750004 0.9243536234375 0.3158262875 0.909837121875 0.2772193515625 0.8891955671874999 0.3017093703125 0.8722921546875
3 0.394976571875 0.8735085984375001 0.32209651250000004 0.8518101625 0.2868830703125 0.8890288671875 0.3488087671875 0.9150365078125 0.394976571875 0.8735085984375001
9 0.483081190625 0.8912950578125001 0.43908857343749996 0.8914653265625001 0.4330414484375 0.9452504749999999 0.525018 0.950609425 0.524109934375 0.9270808625000001 0.482363965625 0.9253288390625001 0.483081190625 0.8912950578125001
12 0.5597137953125 0.882438990625 0.47846850625000004 0.87701265 0.48595703125 0.9182035890625 0.5708590046875 0.9356921296875 0.5597137953125 0.882438990625
9 0.67152759375 0.8981683687500001 0.638943375 0.905793715625 0.6832941578125 0.9600044343749999 0.7683556078125 0.9540637171874999 0.7428939078125001 0.9282511203125001 0.6996899734375 0.93382295625 0.67152759375 0.8981683687500001
2 0.733716475 0.8783779484375 0.6594978421875 0.8821303671875 0.70199239375 0.9308402109375 0.782727875 0.925562725 0.733716475 0.8783779484375
12 0.8226698828125001 0.8802587562499999 0.7923323124999999 0.8859618109375 0.86269469375 0.935132703125 0.926628259375 0.922964059375 0.8973503953125 0.9085185203125 0.8642005953125 0.9065004906249999 0.8226698828125001 0.8802587562499999
11 0.8583931359375001 0.85374388125 0.7974948953125 0.869391796875 0.8664472421875 0.904578196875 0.9244295453125 0.9035780015625001 0.8583931359375001 0.85374388125
6 0.9070542046875 0.86679556875 0.9902751109375 0.8958497812499999 0.9912232718749999 0.877822090625 0.98487375 0.876165803125 0.9291860296875001 0.8539353546875 0.9070542046875 0.86679556875
1 0.9925139156249999 0.8736795859375001 0.9958760484375 0.8505482484375 0.9231633109375 0.825668453125 0.8837276046874999 0.8411815828125 0.9925139156249999 0.8736795859375001
5 0.5156784734375 0.740875096875 0.4506137453125 0.7337569859374999 0.4423121296875 0.7692165281250001 0.5118143765625 0.77355050625 0.5156784734375 0.740875096875