12 0 0.8528220203125001 0.0011349703125000002 0.8533820562500001 0.0281859390625 0.8467140828125 0.01249664375 0.8302828578125 0.0628968109375 0.8131427015625 0.0357743484375 0.793886540625 0 0.8061232984375 0 0.8528220203125001
5 0.021819621875 0.832785684375 0.0695253625 0.8584229406249999 0.1478408421875 0.8293481609375 0.09115786875000001 0.7991014203125 0.021819621875 0.832785684375
8 0.22336052031250003 0.870028259375 0.1893888828125 0.8529657546875 0.13625854375 0.8999212562500001 0.21594497656249997 0.9218024734375 0.23330935 0.9082573 0.19703678125 0.8854449796875 0.22336052031250003 0.870028259375
3 0.3163638203125 0.87666675 0.24598249062500002 0.8508073265625 0.20670550156249998 0.885841146875 0.2656715375 0.91535666875 0.3163638203125 0.87666675
9 0.402380821875 0.8995142984375001 0.358430471875 0.8971243546875 0.3464488125 0.95036100625 0.4377055375 0.9610517640625 0.4393984921875 0.9375563984375 0.397904071875 0.9333819078125 0.402380821875 0.8995142984375001
12 0.47988557343749993 0.8951492703125 0.3993526609375 0.8850157359375 0.4022794453125 0.9264917640625001 0.4851311640625 0.948856146875 0.47988557343749993 0.8951492703125
9 0.58980613125 0.9173267125000001 0.5564245984375 0.9230283531250001 0.5947238546875 0.9796212843750001 0.6803236187499999 0.9786513546875 0.657749403125 0.9514517187499999 0.6139897984375 0.9544894828125001 0.58980613125 0.9173267125000001
2 0.6540953921875 0.9012269421875001 0.57956518125 0.900647434375 0.616618596875 0.951651603125 0.6978251171875 0.9510907843749999 0.6540953921875 0.9012269421875001
12 0.7427174796875 0.9082763828125 0.7117918765625 0.9121934749999999 0.7766234875 0.96527841875 0.841812846875 0.9568740671875 0.8141717765625 0.940777896875 0.7812909796875 0.936838515625 0.7427174796875 0.9082763828125
11 0.7813208640625 0.8839369156249999 0.718778175 0.89598441875 0.783746909375 0.9350539640625 0.8417592265625 0.9374309656250001 0.7813208640625 0.8839369156249999
6 0.82847224375 0.8997720890625001 0.9083672937499999 0.9335620453125 0.9113060859375001 0.9156554390625 0.9051483906250001 0.913635778125 0.8519943124999999 0.888246578125 0.82847224375 0.8997720890625001
1 0.9130526609375 0.911603175 0.9189659953125 0.8887520312499999 0.8491032765625001 0.859732615625 0.808008215625 0.872894565625 0.9130526609375 0.911603175
5 0.451553328125 0.7515409171874999 0.387365440625 0.740663221875 0.3751572890625 0.775510103125 0.4440841640625 0.783872028125 0.451553328125 0.7515409171874999