4 0.443368603125 0.41928979687499995 0.42839930624999994 0.3486003265625 0.36606379375000003 0.3661859765625 0.3778018671875 0.43460339687499994 0.443368603125 0.41928979687499995
3 0.224765028125 0.7342231046875 0.274361196875 0.6393852484375 0.20759944218749998 0.620459128125 0.16095305 0.711923240625 0.224765028125 0.7342231046875
8 0.16140857656250002 0.7145783578125 0.174783446875 0.6759896546874999 0.1503713515625 0.6673851484375 0.09718564843750001 0.772151321875 0.1652741640625 0.7953828640625 0.199105809375 0.728633021875 0.16140857656250002 0.7145783578125
11 0.391087003125 0.754148865625 0.4064310625 0.6481976453125 0.33089961562500003 0.646712590625 0.3116947296875 0.750727321875 0.391087003125 0.754148865625
7 0.3119984140625 0.7524973968750001 0.3159887953125 0.7140549546875 0.28552530625 0.7113128875 0.255880465625 0.8230332640625001 0.33679115937500004 0.8353051890625001 0.3555553796875 0.7561446593750001 0.3119984140625 0.7524973968750001
6 0.604040515625 0.6551011984375 0.58226975 0.56248485625 0.5084882046875 0.5780550703125 0.529539575 0.66990614375 0.604040515625 0.6551011984375
5 0.5305626515624999 0.6724414890625 0.5133869671875 0.610036215625 0.49397823125 0.6168833109375 0.51279921875 0.7128733953124999 0.5929756640625 0.6968707390625 0.5851993296875 0.661828521875 0.5305626515624999 0.6724414890625
2 0.5136704546875 0.7145237 0.49922049843750005 0.6542944578125 0.478221134375 0.65872598125 0.4984087 0.76268140625 0.5797202453125 0.7464392125 0.5712967250000001 0.7041969203125 0.5136704546875 0.7145237
1 0.5001511703125 0.76598201875 0.48418279374999995 0.6969023953125 0.4617844625 0.7034633078125 0.4750892203125 0.8152907921875 0.562835478125 0.8022760796874999 0.5552035546874999 0.75436424375 0.5001511703125 0.76598201875
0 0.7435533109375 0.64216710625 0.6845880890625 0.5555657953125 0.61524235 0.586707384375 0.6690598 0.6707267109374999 0.7435533109375 0.64216710625
9 0.670650428125 0.67314228125 0.6482696265625 0.6420991468749999 0.613576846875 0.6558399796875001 0.6594958390625 0.758950678125 0.7390574859375 0.7256532140624999 0.7076134078125 0.6589223671875 0.670650428125 0.67314228125
7 0.855530653125 0.544252771875 0.7777316765625 0.4781334421875 0.7217108921875 0.518385109375 0.8018198890624999 0.5876852796875001 0.855530653125 0.544252771875
11 0.8032586734375 0.589215815625 0.774714453125 0.5668100078125 0.743506615625 0.5871520625 0.8221842546874999 0.66867635625 0.8831213343750001 0.6228017859375 0.8280716187499999 0.569306203125 0.8032586734375 0.589215815625
2 0.9287871390625 0.46734889375 0.955287875 0.41957065312499997 0.8619882359375 0.3796494875 0.8287889187499999 0.4260900921875 0.9287871390625 0.46734889375
10 0.9482208328124999 0.436652409375 0.9306416328125 0.4678746203125 0.862665140625 0.44186819218749995 0.8526085078125 0.45866376249999996 0.94882553125 0.505305921875 0.98312013125 0.45496585156249997 0.9482208328124999 0.436652409375