4 0.465451675 0.44652520156250003 0.4584390265625 0.37363388125 0.3948076109375 0.37763388125 0.398873228125 0.44759400156250007 0.465451675 0.44652520156250003
3 0.21435177656249998 0.7102294703124999 0.27390172968750004 0.6273454265625 0.209919553125 0.5944035999999999 0.1536612046875 0.6745927703125 0.21435177656249998 0.7102294703124999
8 0.1538189828125 0.6773077546875 0.17131437656249998 0.6421269453125 0.148104515625 0.6284213000000001 0.0839064125 0.720325115625 0.1487264453125 0.7577952671875 0.1895750046875 0.699228746875 0.1538189828125 0.6773077546875
11 0.3767537203125 0.7654576734375 0.40363250781250004 0.664289375 0.3290464671875 0.6466654109375 0.298560521875 0.7450986109375 0.3767537203125 0.7654576734375
7 0.29866570625 0.7469085984375 0.3068575671875 0.7098641703124999 0.2770119078125 0.7006432671875 0.23534358281249998 0.8044393921875 0.31406270625 0.8338483953125 0.3413694640625 0.7598232265625 0.29866570625 0.7469085984375
6 0.5984354265625 0.713373690625 0.5871116796875 0.6174107671875 0.5123750968749999 0.6169749890625 0.5230713546875 0.712029565625 0.5984354265625 0.713373690625
5 0.523804028125 0.7147479015625 0.5136935203124999 0.6495514328125 0.4937299109375 0.6521490921875001 0.5017620515625001 0.7508068875 0.5828750921875 0.7521845328125 0.5790467109375 0.7159746984375001 0.523804028125 0.7147479015625
2 0.5024421328125 0.7526202265624999 0.49478899062500004 0.6901521515625 0.473517809375 0.6900281234375 0.48202328124999994 0.7968308640624999 0.5642861140625001 0.798215215625 0.56061189375 0.7547687843750001 0.5024421328125 0.7526202265624999
1 0.48338344375000003 0.8004575468749999 0.4752043796875 0.728939528125 0.45231369218750006 0.7306154328125001 0.4531387546875 0.8437062046875001 0.54141351875 0.8496490484375 0.5391484328125 0.8007827031250001 0.48338344375000003 0.8004575468749999
0 0.7379322125 0.7304714531250001 0.689134990625 0.632480653125 0.617069759375 0.6483448296875001 0.6610574390624999 0.7426888359375 0.7379322125 0.7304714531250001
9 0.6623650078125001 0.7454105234374999 0.643641903125 0.7100185328124999 0.6077915515625001 0.71614230625 0.6418554421875 0.8276175171875 0.7242688171875 0.8118136765624999 0.7005149484375 0.73930015625 0.6623650078125001 0.7454105234374999
7 0.859557440625 0.657900928125 0.7898608031250001 0.57607264375 0.7299772046874999 0.603768790625 0.8016089031250001 0.6892271078125 0.859557440625 0.657900928125
11 0.8028638812500001 0.6910438015625 0.77708785625 0.6628481859375001 0.7439578296875 0.6762253265625 0.8128238453125001 0.77342845625 0.87819345 0.7412408593750001 0.8296174515624999 0.6767247953125 0.8028638812500001 0.6910438015625
2 0.9405435890625 0.5977590687500001 0.9720432562499999 0.5563271046875 0.8841149328125001 0.49700970624999996 0.8461336234375001 0.5356898140624999 0.9405435890625 0.5977590687500001
10 0.9631640796875001 0.5716550218750001 0.942320871875 0.5986741203125 0.877917959375 0.5584923374999999 0.8661117062500001 0.5728985 0.9561854593750001 0.6394659078125 0.9956810890625001 0.59717588125 0.9631640796875001 0.5716550218750001