4 0.44176482968749997 0.4181805859375 0.43728775156250005 0.34576337343749997 0.373403253125 0.354956315625 0.37503051875 0.42467866093750006 0.44176482968749997 0.4181805859375
3 0.180999721875 0.7027090171875 0.2435530359375 0.614859146875 0.1806085234375 0.58708939375 0.1214468765625 0.6719724328125001 0.180999721875 0.7027090171875
8 0.121510028125 0.674678190625 0.140266371875 0.63802395 0.1174943078125 0.6261921484374999 0.049969268750000004 0.7234528109375 0.113594834375 0.7556886484375 0.1565634 0.693713503125 0.121510028125 0.674678190625
11 0.34176011875 0.7447712640625 0.37222327499999996 0.6412761921875 0.29812055625 0.6297092953125001 0.2641394359375 0.7307596843749999 0.34176011875 0.7447712640625
7 0.26418153437499997 0.7325635203124999 0.273682934375 0.6948016406249999 0.2441064875 0.6880015765625 0.1987356078125 0.79533371875 0.2765667953125 0.81836448125 0.30650984531250003 0.7420139921875 0.26418153437499997 0.7325635203124999
6 0.5656570875 0.6745448140625 0.55766775 0.57937656875 0.482813378125 0.58503315 0.49020586093749996 0.6793429890625 0.5656570875 0.6745448140625
5 0.49084481562500004 0.6820052328124999 0.48299537812500004 0.617545728125 0.462905428125 0.6217744093750001 0.4675030953125 0.7199094828125 0.5487123515625 0.7146761890625 0.546142940625 0.67872998125 0.49084481562500004 0.6820052328124999
2 0.468121 0.721669809375 0.46263792343750004 0.6597420140625 0.44133321875 0.6613519640625001 0.44612033906250004 0.7676043046875 0.5284812 0.7622839859375 0.526319190625 0.71907891875 0.468121 0.721669809375
1 0.44735614687499997 0.771124953125 0.44166256875 0.7001779734375 0.41867255468750003 0.7037222984375 0.41554578593749997 0.8168972374999999 0.5037699250000001 0.8156513890625 0.5032090234375 0.7669042734375 0.44735614687499997 0.771124953125
0 0.7048044796874999 0.6802929171875001 0.6593458546875001 0.586149128125 0.58659779375 0.6079097046874999 0.62736579375 0.6987939203125 0.7048044796874999 0.6802929171875001
9 0.62858055 0.7014126484375 0.6110613140625001 0.6674996796875 0.5749330828125 0.6765543734375 0.6051607796875 0.7854017734375 0.68827329375 0.762857975 0.667011990625 0.69218390625 0.62858055 0.7014126484375
7 0.8291830250000001 0.5977096546875 0.7622227968749999 0.5214538578125001 0.7012644421875 0.5540691343749999 0.77003628125 0.6338020656250001 0.8291830250000001 0.5977096546875
11 0.7712299859375 0.63551888125 0.7463937140625 0.6093869171875 0.7127370953125001 0.6254829125 0.77832776875 0.717201859375 0.8449389015625 0.6796418671875 0.7985317234375 0.6189996015625 0.7712299859375 0.63551888125
2 0.9124156921875001 0.5308848234375 0.9454197578124999 0.4868293515625 0.8594084828125 0.43460093437499997 0.820007434375 0.47642928281249997 0.9124156921875001 0.5308848234375
10 0.9359889593749999 0.502901675 0.9141641515625001 0.53165620625 0.8510512390624999 0.496671103125 0.8387203765625 0.5120590671875 0.9266274624999999 0.5713722984375 0.9676717171875 0.5258057390624999 0.9359889593749999 0.502901675