4 0.455502934375 0.4295626140625 0.44722727031250004 0.3571180890625 0.38376274062500004 0.365939175 0.38904464375000003 0.43567219062499996 0.455502934375 0.4295626140625
3 0.2093937359375 0.7125774203125 0.26740460625 0.625090309375 0.202944328125 0.5969535375 0.14817295625 0.6814935171875 0.2093937359375 0.7125774203125
8 0.148377934375 0.6841996890625001 0.1652319109375 0.6476540453124999 0.1418179359375 0.6356894328125 0.0793236125 0.732558546875 0.144699596875 0.7651654421874999 0.1844625015625 0.7034394546875 0.148377934375 0.6841996890625001
11 0.3725132015625 0.755576534375 0.39758320468749997 0.652257084375 0.3228028859375 0.640258471875 0.2940834328125 0.7411127109375 0.3725132015625 0.755576534375
7 0.29422008593750004 0.7429168234375 0.3017521453125 0.7052096265625 0.2717908515625 0.6982372140625001 0.2319997703125 0.8053069890625 0.3111128015625 0.8287913765624999 0.337084421875 0.7526139453125 0.29422008593750004 0.7429168234375
6 0.5929468984375 0.686652690625 0.5799635546874999 0.591436290625 0.505333275 0.5966570734375 0.5176742109375 0.691011575 0.5929468984375 0.686652690625
5 0.51845326875 0.6936775859375001 0.507218928125 0.62917126875 0.48733113906250003 0.633283034375 0.4970749828125 0.7314465625000001 0.5780884625 0.7266860796875 0.5736331875 0.69072429375 0.51845326875 0.6936775859375001
2 0.4977857140625 0.733210515625 0.48905267031250005 0.67124973125 0.4678117421875 0.6727356453125 0.478170521875 0.7790176828125001 0.5603321593749999 0.7741768812500001 0.55590435625 0.730958484375 0.4977857140625 0.733210515625
1 0.4795919859375 0.7825455890625 0.47017568125000003 0.7115642375 0.4473491703125 0.7149747468750001 0.450149121875 0.8281334171875001 0.5383931796875 0.8274012984375 0.53527765625 0.7786500828125 0.4795919859375 0.7825455890625
0 0.732529828125 0.6932111828124999 0.68209469375 0.5988010625 0.610416515625 0.6201383828125 0.6559857140625 0.71126155625 0.732529828125 0.6932111828124999
9 0.6573388484375 0.7138874046875 0.63802584375 0.6798718359375 0.6023371421875 0.6887163015625 0.63829703125 0.7977415890625 0.7203086328125 0.775681390625 0.69532386875 0.7048823 0.6573388484375 0.7138874046875
7 0.8527015734375001 0.6113507921875 0.7816813015624999 0.5347037640625001 0.7223729421875 0.5669646234375 0.7953887578125001 0.6470993968750001 0.8527015734375001 0.6113507921875
11 0.796673565625 0.648823190625 0.770444140625 0.6225461515624999 0.7375983640625 0.6384464328125 0.8080579406249999 0.7305489015625 0.8727654593749999 0.693376159375 0.8231361484375 0.6324626140625 0.796673565625 0.648823190625
2 0.9325133624999999 0.5450095015625 0.9632410359374999 0.501145465625 0.874410221875 0.44841528750000004 0.8371627015625001 0.49001491093749994 0.9325133624999999 0.5450095015625
10 0.9546432328125001 0.517163146875 0.9343039265625 0.5457910781249999 0.8692970421874999 0.5104378546875 0.8577605171875 0.5257542765625 0.9488601765625001 0.585580428125 0.98755663125 0.5402520984375 0.9546432328125001 0.517163146875