4 0.45440996718750004 0.4478114953125 0.44193805468749997 0.3754710109375 0.37911209375 0.385405309375 0.388438496875 0.45508505 0.45440996718750004 0.4478114953125
3 0.22524517031250002 0.73528225 0.27805385781249997 0.646733209375 0.2120850296875 0.6197063890625001 0.1623380515625 0.7052500796875 0.22524517031250002 0.73528225
8 0.1626999875 0.707954184375 0.1773954828125 0.6710937984374999 0.153332115625 0.65953138125 0.0965944109375 0.7575459625 0.1637370703125 0.7890294124999999 0.199831915625 0.7265745531250001 0.1626999875 0.707954184375
11 0.3905421359375 0.7754568265625 0.4095545140625 0.67164185 0.3342245046875 0.660942425 0.3114265484375 0.7623545453125 0.3905421359375 0.7754568265625
7 0.3116678390625 0.764157278125 0.316992325 0.7262974796874999 0.28668489375 0.7198443875 0.2531986578125 0.827668859375 0.3335206984375 0.8497848156250001 0.3550112140625 0.773111278125 0.3116678390625 0.764157278125
6 0.60653159375 0.7026450296875 0.5880371390625 0.6076021578125 0.513858171875 0.6141291265625 0.5316613703125 0.708320840625 0.60653159375 0.7026450296875
5 0.5325939140625 0.7109747343749999 0.5176307859375 0.6466285625 0.49802146093750005 0.651089925 0.5134542015625 0.7491381453125 0.5940304984375 0.742960259375 0.5874928734375 0.7070561828125 0.5325939140625 0.7109747343749999
2 0.5142661015625001 0.7508906718749999 0.5019473390625 0.689047771875 0.48083486249999996 0.6909054484375 0.49735341093749996 0.797065975 0.579070921875 0.790787675 0.5721387453125 0.7476224546875 0.5142661015625001 0.7508906718749999
1 0.4989772078125 0.8005710296874999 0.48545199375000003 0.7297144546875 0.4628689875 0.733525490625 0.47224354531249996 0.8466984921874999 0.56027035625 0.844424953125 0.554326128125 0.79570090625 0.4989772078125 0.8005710296874999
0 0.7462196 0.7067696421874999 0.690394371875 0.613187521875 0.6200988390625 0.6357884828125 0.670876625 0.7261667953125001 0.7462196 0.7067696421874999
9 0.672379775 0.7287704828125 0.651127 0.6950731703125 0.616023246875 0.704545809375 0.6582517484375 0.8130040453125 0.738818215625 0.78949935 0.7097659593750001 0.7190970109375 0.672379775 0.7287704828125
7 0.8613933093749999 0.6227649468750001 0.7860566140625 0.5473153234375 0.7287416125 0.5806299140625 0.8062727140625 0.6595343828125 0.8613933093749999 0.6227649468750001
11 0.8076552171875001 0.6612367046875 0.7799497093750001 0.635403028125 0.7480935453125 0.6518857812500001 0.8237693859374999 0.742809271875 0.8861872359375 0.704485771875 0.8331140546875 0.6444048687499999 0.8076552171875001 0.6612367046875
2 0.9371893859375 0.5549928328125 0.9653055515625001 0.5105676906250001 0.873584328125 0.45935930625 0.83882954375 0.5016326265625 0.9371893859375 0.5549928328125
10 0.9576561921875 0.5267444640625001 0.939021853125 0.555743578125 0.872087865625 0.52150581875 0.8614648234375 0.5370322609375 0.9558630296875 0.5953009625 0.9918470562499999 0.54927155 0.9576561921875 0.5267444640625001