4 0.436808440625 0.424274746875 0.42726662812500005 0.35254365 0.3639464453125 0.3657759046875 0.370446696875 0.435009453125 0.436808440625 0.424274746875
3 0.195603209375 0.7239283484375 0.252095384375 0.632558296875 0.187134015625 0.6089715765625 0.13383037343749998 0.6971740203125 0.195603209375 0.7239283484375
8 0.1340826328125 0.699860809375 0.15030108749999999 0.6622079484375 0.1266746421875 0.65189933125 0.065862140625 0.7529465656250001 0.1318174046875 0.780931128125 0.17050862656250002 0.7165469250000001 0.1340826328125 0.699860809375
11 0.3594982953125 0.755466334375 0.38276815000000003 0.6505918671875001 0.30776694375 0.6438329953124999 0.2808040375 0.7465014937500001 0.3594982953125 0.755466334375
7 0.2809722109375 0.7482926812499999 0.28784704687499996 0.7101308140625 0.2577594484375 0.7052618093749999 0.21983175312499997 0.8149066046875 0.2993668765625 0.8328274 0.324012390625 0.7549810734375 0.2809722109375 0.7482926812499999
6 0.5787621609375 0.6712929171875001 0.5641143515625 0.5771611546875001 0.48956385625000004 0.5875788671875 0.5035541109375 0.680895171875 0.5787621609375 0.6712929171875001
5 0.504379834375 0.6835018234375 0.4920174984375 0.61990044375 0.4721984703125 0.6253919984375 0.4836577421875 0.7226913671874999 0.564600446875 0.7122877484375 0.559516596875 0.676704334375 0.504379834375 0.6835018234375
2 0.48439938125 0.724402421875 0.474583165625 0.6631672843749999 0.453364946875 0.6661323265625 0.4655809984375 0.771492053125 0.5476706328125001 0.7609281640625001 0.5424875578125 0.7180998515625 0.48439938125 0.724402421875
1 0.467064275 0.7749141625 0.45640719531249996 0.7047230703125 0.43363675468749996 0.7097197140625 0.43841289375 0.822470515625 0.5266576125 0.8155832390625 0.5226904140624999 0.7671409453125 0.467064275 0.7749141625
0 0.7184808687500001 0.6681007953125 0.6663896390625 0.5773867 0.5950730937500001 0.6036847234375 0.642240253125 0.6914575296875001 0.7184808687500001 0.6681007953125
9 0.6436394421875 0.69398404375 0.6237295781250001 0.6613797703125 0.588189865625 0.672697521875 0.6260588234375 0.77900923125 0.7076977453125 0.751268753125 0.6814730171875001 0.6823457453125 0.6436394421875 0.69398404375
7 0.8372416328125001 0.5780101109375 0.7648722765625 0.5064619125 0.7061181578125 0.5427999546875 0.7805442578124999 0.6176901265625 0.8372416328125001 0.5780101109375
11 0.7818593609375 0.6193210453125 0.7551671390625 0.5949233078125 0.722593978125 0.6130852828125 0.79467240625 0.7000990125000001 0.8587407468749999 0.6584816296875 0.8080403171875 0.601144978125 0.7818593609375 0.6193210453125
2 0.91590725625 0.5062251796874999 0.945873740625 0.4602997453125 0.8561087203125 0.41386606718749996 0.8195818578124999 0.4579862140625 0.91590725625 0.5062251796874999
10 0.9375542984375 0.4768871859375 0.9177117390625 0.5068803671875 0.8520776796874999 0.47612888125 0.8408068249999999 0.49222140625 0.9329649312500001 0.545579440625 0.9708758453125 0.497636503125 0.9375542984375 0.4768871859375