4 0.173250965625 0.7543320078125 0.2336617171875 0.694148484375 0.2002511734375 0.66571465 0.141448875 0.7210255625 0.173250965625 0.7543320078125
2 0.17165425 0.6909337984375 0.1555804515625 0.6772408859375 0.09562925781250001 0.736032234375 0.12926924687500002 0.7657205765625 0.156373778125 0.7381989140624999 0.1411040390625 0.7230449906249999 0.17165425 0.6909337984375
5 0.3101214546875 0.7920018953125 0.34263099218750004 0.717887953125 0.29015616718750004 0.7043162921875 0.259484525 0.7748121296875 0.3101214546875 0.7920018953125
10 0.2590249671875 0.776204303125 0.2723514796875 0.7397324203125 0.24869799062500003 0.7314550375 0.2055095984375 0.803801634375 0.2555719109375 0.8237069187499999 0.27613327656250003 0.78383893125 0.2590249671875 0.776204303125
8 0.4618071546875 0.81695895625 0.4769786046875 0.7359064734375 0.419794484375 0.7297775234375 0.4014084765625 0.8069210671875 0.4618071546875 0.81695895625
0 0.40140814062499997 0.8088716609375 0.4100277015625 0.7661883234375 0.38074714374999996 0.760335621875 0.3560447265625 0.8419921078125 0.4147209015625 0.8523741687499999 0.4256365796875 0.8124829312499999 0.40140814062499997 0.8088716609375
10 0.6048897234374999 0.789020203125 0.589975215625 0.7113784109375 0.530836128125 0.7218944734375 0.5435692453125001 0.7973714203125 0.6048897234374999 0.789020203125
5 0.5437986890625 0.7986259296875 0.5345052156250001 0.7536701640625 0.5040740828125 0.761050875 0.517380140625 0.8435652812500001 0.5797351265625 0.8291557765625001 0.5735401484375 0.795284075 0.5437986890625 0.7986259296875
5 0.7599952984375 0.7182564375 0.71928586875 0.6511635046875 0.66527436875 0.6770984828125 0.7049487359375 0.74293276875 0.7599952984375 0.7182564375
2 0.70572496875 0.744243134375 0.6820062390625 0.7069724390625 0.6593142546874999 0.71932225 0.7020076203125 0.788461215625 0.7582626359375 0.76012401875 0.7385112656249999 0.72987640625 0.70572496875 0.744243134375
0 0.8620733015625 0.6206795984375 0.7969447703125 0.5755628171875 0.758892184375 0.611009746875 0.8241069062499999 0.6565977953125001 0.8620733015625 0.6206795984375
3 0.8249693328125 0.6583794234375 0.7862372843750001 0.6314358 0.7685482296874999 0.64913631875 0.8332442890625 0.70068984375 0.8737989703125001 0.6642544874999999 0.8436937015625 0.6404720421875 0.8249693328125 0.6583794234375
1 0.9030627250000001 0.564617909375 0.9269669390624999 0.52662456875 0.8553654249999999 0.49599027968750004 0.8290455609375 0.53397779375 0.9030627250000001 0.564617909375
12 0.914798721875 0.548106853125 0.90401159375 0.565405290625 0.8588073203125001 0.548547628125 0.84586311875 0.5672540374999999 0.9196204453125001 0.6038079093750001 0.9463722812500001 0.5623146734375 0.914798721875 0.548106853125
10 0.5079282593750001 0.5825077671875001 0.4974130625 0.5235479265625 0.44642358125000003 0.535201453125 0.45529961406249997 0.594000325 0.5079282593750001 0.5825077671875001