4 0.06777317187500001 0.6488027625 0.1458751234375 0.61566310625 0.1255031890625 0.5764293984375 0.050690006249999996 0.6056367484375 0.06777317187500001 0.6488027625
2 0.089740984375 0.5890669187500001 0.0799450125 0.57017909375 0.002782709375 0.602195234375 0.0229028515625 0.642686275 0.05813685625 0.6273333625 0.0496244640625 0.607388928125 0.089740984375 0.5890669187500001
5 0.180373415625 0.73602393125 0.23783335156250002 0.6792738140625 0.1943415609375 0.64664603125 0.13991860312499999 0.7007211734375 0.180373415625 0.73602393125
10 0.1389789546875 0.701844690625 0.16478553437500001 0.6729009125000001 0.1459799109375 0.6561792859375 0.07930143437500001 0.7072170703125 0.11822087343750001 0.7448337656249999 0.1519715609375 0.7154759703125 0.1389789546875 0.701844690625
8 0.3113706515625 0.8170267000000001 0.355368159375 0.7472070609375 0.3047706296875 0.7197285 0.2592469 0.7846791203125 0.3113706515625 0.8170267000000001
0 0.2585252828125 0.786498209375 0.2822774359375 0.7499700234375 0.2573732421875 0.7333682921875 0.2043414671875 0.8001240796875001 0.254745578125 0.8321371187500001 0.27958789375 0.7990868046874999 0.2585252828125 0.786498209375
10 0.4539749515625 0.845422246875 0.46889821875 0.76733384375 0.4103382921875 0.7546352187500001 0.39419896875 0.8298744171875001 0.4539749515625 0.845422246875
5 0.3939471765625 0.83113175 0.40197991406250005 0.7856670718750001 0.3711185125 0.7809695796875 0.352906478125 0.8629902875000001 0.4158790953125 0.873281571875 0.4226774875 0.83933360625 0.3939471765625 0.83113175
5 0.6235301109375 0.838452715625 0.6107063859374999 0.7603859749999999 0.5511849343749999 0.7640191546875 0.563517228125 0.840518109375 0.6235301109375 0.838452715625
2 0.5637502609375 0.8420356281249999 0.555605703125 0.79824863125 0.53006125625 0.8011308234375001 0.543962434375 0.8818608093750001 0.6064462203125001 0.876841015625 0.59937224375 0.841113928125 0.5637502609375 0.8420356281249999
0 0.7539790156249999 0.7862954734375001 0.7104544984375 0.7194316234375 0.6621688781249999 0.7380095421874999 0.7055988078125 0.8053457187499999 0.7539790156249999 0.7862954734375001
3 0.705737253125 0.8073355609374999 0.6798947875 0.767466503125 0.6569966765624999 0.777242971875 0.6977411625000001 0.8499454484375001 0.748705353125 0.8313978921875 0.7296689578125 0.79776016875 0.705737253125 0.8073355609374999
1 0.8126026859375 0.7496089109375 0.8487504546875 0.7232716796875 0.7938865265625 0.6674514859375 0.7555077609375 0.6928639671875 0.8126026859375 0.7496089109375
12 0.8295576359375 0.7386762546875 0.8131887046875 0.75070436875 0.7776333125 0.7177788406250001 0.7587496218750001 0.7302991875 0.8134175015625 0.7924607 0.8534919750000001 0.7639430093749999 0.8295576359375 0.7386762546875
10 0.44070461562499996 0.6159185625 0.4527864703125 0.5569280703125 0.4013398375 0.54839176875 0.3878021796875 0.606608321875 0.44070461562499996 0.6159185625