4 0.1394561328125 0.71470251875 0.20632216250000002 0.6591169406249999 0.1765058625 0.6281673546875 0.11179976875 0.6790041828125 0.1394561328125 0.71470251875
2 0.145232784375 0.651211390625 0.1308897328125 0.6363081562499999 0.064640825 0.69053695 0.094538928125 0.722757853125 0.12460001093749999 0.69729938125 0.111223546875 0.680996625 0.145232784375 0.651211390625
5 0.27075103437500003 0.7627131921875 0.3115781046875 0.6910919671875 0.26113984375 0.6735553640624999 0.2225545109375 0.7416991562499999 0.27075103437500003 0.7627131921875
10 0.2219373875 0.743055940625 0.2393804828125 0.70760856875 0.216895709375 0.6975449046875 0.1656887859375 0.766591465625 0.21300051875 0.790276340625 0.238009109375 0.751981840625 0.2219373875 0.743055940625
8 0.4182066671875 0.7991377468749999 0.44265345468749995 0.7192690140625 0.3866833265625 0.7088154796875 0.3595039859375 0.7845337390625 0.4182066671875 0.7991377468749999
0 0.359277225 0.7864834484375 0.3727757671875 0.74447116875 0.34443191875 0.736405303125 0.310467809375 0.8161565390625001 0.36742317343750003 0.8309742171875 0.38287354375 0.7919265625 0.359277225 0.7864834484375
10 0.5632749828125 0.78203875 0.5575042890625 0.703302515625 0.497664203125 0.70933873125 0.501523971875 0.7857459999999999 0.5632749828125 0.78203875
5 0.501605775 0.78701731875 0.4976124875 0.7413780812499999 0.466592025 0.746452734375 0.47020278437499996 0.8299377187499999 0.5336824625000001 0.8202531343749999 0.531473790625 0.7859275546875 0.501605775 0.78701731875
5 0.7252318171875001 0.7230434109375 0.6926683687499999 0.65289941875 0.6361209624999999 0.6747357796875 0.6678045515625 0.74354335 0.7252318171875001 0.7230434109375
2 0.6684218546875 0.7449118796875001 0.6492379890625 0.7058627296875 0.6253118453125001 0.7164899390625 0.6596042875 0.7888291890625 0.718654346875 0.7647614421875 0.7025877281249999 0.73303250625 0.6684218546875 0.7449118796875001
0 0.837739584375 0.63323405625 0.7784206124999999 0.5832086796875 0.7365877140625 0.615760459375 0.795937415625 0.666263415625 0.837739584375 0.63323405625
3 0.7965854484375 0.6681095234375001 0.761321428125 0.6382467984375 0.7417331265625 0.6546009453125 0.79987624375 0.7110275046875 0.844303984375 0.6776770765625 0.8172239765624999 0.65162695 0.7965854484375 0.6681095234375001
1 0.8848764921875001 0.5802988328125 0.9129809484375 0.544131115625 0.8455647328125 0.508092028125 0.8150665359374999 0.544071121875 0.8848764921875001 0.5802988328125
12 0.8984259765625 0.5646831406249999 0.8857256250000001 0.581157671875 0.8428754640625 0.5608866953125 0.8278735562499999 0.578605346875 0.8967394859375 0.62072455 0.92807280625 0.5812739671875 0.8984259765625 0.5646831406249999
10 0.491137815625 0.5682798874999999 0.48755915156249996 0.508550290625 0.4356650125 0.51634016875 0.4376376046875 0.575784828125 0.491137815625 0.5682798874999999