4 0.1713950296875 0.6149697781250001 0.10381134375 0.65781995625 0.1290239109375 0.6968328031250001 0.19905881875 0.6495057421875 0.1713950296875 0.6149697781250001
2 0.1388287984375 0.6341564234375 0.12552216562500002 0.617527996875 0.05618760625 0.6635759484375 0.0838513953125 0.699391021875 0.11536710312500001 0.67764615625 0.10311099531250001 0.65973861875 0.1388287984375 0.6341564234375
5 0.2526355234375 0.670611053125 0.209914228125 0.7339269875000001 0.25648744375 0.7607882921875 0.301659959375 0.6942745828125 0.2526355234375 0.670611053125
10 0.2092138796875 0.735206096875 0.2288236546875 0.7019492421875 0.20711283281249998 0.6891581437500001 0.15178525625 0.7518345234375 0.1973079453125 0.7812540484375 0.224621559375 0.7460785296875 0.2092138796875 0.735206096875
8 0.3751966125 0.7211358890625 0.3433307296875 0.7934055921875001 0.40075935312500005 0.8151504578125 0.430174015625 0.7384038703125 0.3751966125 0.7211358890625
0 0.3429805546875 0.79532425625 0.3590885828125 0.7550322984375 0.3314247953125 0.743520309375 0.2925554203125 0.8189877875 0.34823317187499997 0.840732653125 0.36609207499999996 0.80363846875 0.3429805546875 0.79532425625
10 0.4855015921875 0.735206096875 0.48445106875 0.8119526828125 0.5460817875 0.8157900124999999 0.5453814390625 0.73648520625 0.4855015921875 0.735206096875
5 0.48445106875 0.81323179375 0.4834005453125 0.7671838421875 0.4522350109375 0.7684629515625 0.45048413906249996 0.8522446421875 0.5142159046875 0.8503259765625 0.5142159046875 0.8157900124999999 0.48445106875 0.81323179375
5 0.6253705125 0.7175648046875 0.6524689171875 0.79012136875 0.7108751890625 0.776667171875 0.6829875109375 0.7026690859375 0.6253705125 0.7175648046875
2 0.6529950999999999 0.7915628921875 0.636420346875 0.750239284375 0.6119528546875 0.757927396875 0.6414190828125 0.83432801875 0.70166699375 0.817510271875 0.687723153125 0.7838747781250001 0.6529950999999999 0.7915628921875
0 0.729028490625 0.6709556203125 0.7848038484375001 0.7286164671875001 0.8284770078125 0.7007470578125 0.7727016484375 0.64356671875 0.729028490625 0.6709556203125
3 0.78533003125 0.7305384953125 0.7521805265625 0.69642249375 0.731659403125 0.7103571984375 0.7858562140625 0.77378413125 0.8321602859375 0.7459147203125001 0.8069035187500001 0.716603790625 0.78533003125 0.7305384953125
1 0.8442624859375 0.5767762375000001 0.8116391625 0.608970209375 0.8787274484375001 0.6536573671875 0.9089829500000001 0.6209828859375001 0.8442624859375 0.5767762375000001
12 0.8931974703125001 0.6397226625 0.8795167218750001 0.6546183812499999 0.8382113859375 0.62915150625 0.822162815625 0.6450082390625 0.88793564375 0.69546148125 0.9216113328125 0.6599039578125 0.8931974703125001 0.6397226625
10 0.43620785624999997 0.5349721234375 0.43436621718749996 0.5945549984375 0.48803684531249997 0.593593984375 0.4882999375 0.533530603125 0.43620785624999997 0.5349721234375