4 0.1775166171875 0.7457448296875 0.23827853281250003 0.6855276734375 0.2050328484375 0.6570779484375 0.1459077609375 0.7124197718749999 0.1775166171875 0.7457448296875
2 0.17628871875000002 0.6823111921875 0.16029431249999998 0.668610625 0.1000000609375 0.7274348296875 0.13346789375 0.7571397625 0.160733003125 0.72960271875 0.1455511703125 0.7144403265625 0.17628871875000002 0.6823111921875
5 0.31417025781249996 0.78343576875 0.3471115359375 0.709280409375 0.29471478125 0.6957011640624999 0.26363248125 0.7662363953125 0.31417025781249996 0.78343576875
10 0.2631648171875 0.767629346875 0.27670374531249997 0.7311370828125 0.2530980125 0.722855075 0.20948798281249997 0.7952421000000001 0.2594353359375 0.8151585078125001 0.2802289953125 0.7752682421875 0.2631648171875 0.767629346875
8 0.46571332656250003 0.8084067765625 0.481356590625 0.727309 0.42420715937500003 0.7211766234375 0.40537202656250004 0.798363275 0.46571332656250003 0.8084067765625
0 0.40536034218749994 0.8003149609375001 0.41422837812499996 0.7576077703124999 0.384981375 0.7517517984375 0.3598034671875 0.833453915625 0.4184202328125 0.8438417781249999 0.4295681796875 0.8039282484375001 0.40536034218749994 0.8003149609375001
10 0.6089608609375 0.7804524109375001 0.5944978140625 0.7027672265625 0.53529654375 0.71328916875 0.5475907578125 0.7888082937500001 0.6089608609375 0.7804524109375001
5 0.5478129078125 0.7900635031250001 0.538780825 0.7450826140625 0.5083062390624999 0.7524674499999999 0.521132459375 0.8350279687500001 0.5835723328125 0.8206104109375 0.5775743109375 0.78671978125 0.5478129078125 0.7900635031250001
5 0.76448075625 0.7096491 0.7241609812500001 0.642518671875 0.669997678125 0.66846814375 0.7092896984375 0.7343392203125 0.76448075625 0.7096491
2 0.710058321875 0.7356503187500001 0.6865560281249999 0.6983587953125 0.6637918109375 0.7107155078125 0.7060836515625 0.7798931078125 0.7625044828124999 0.7515400750000001 0.7429287578125 0.7212755609375 0.710058321875 0.7356503187500001
0 0.8671281828125 0.61201773125 0.8022610359375 0.5668757359375001 0.7640015765625 0.602342475 0.8289521765625001 0.647956 0.8671281828125 0.61201773125
3 0.8298042499999999 0.6497386234375 0.7912283046875 0.62277994375 0.7734359703125 0.6404903531249999 0.8378331875 0.6920726859374999 0.8786005343750001 0.655616971875 0.8486331203124999 0.6318212328125 0.8298042499999999 0.6497386234375
1 0.9084444609375 0.5559247125 0.9325701234375 0.5179101390625 0.8611456265624999 0.48725873125 0.8346043078125 0.5252674765625 0.9084444609375 0.5559247125
12 0.9202767156249999 0.53940443125 0.9093887640625 0.556712534375 0.864281803125 0.5398454515625 0.8512285531250001 0.5585623156249999 0.9247744593749999 0.595136615625 0.95176815 0.553620190625 0.9202767156249999 0.53940443125
10 0.51319923125 0.5738245703125 0.5030268796875 0.5148317796875 0.45196873593750003 0.5264918187500001 0.4605028328125 0.5853235484375 0.51319923125 0.5738245703125