4 0.11135156093750001 0.6792288453124999 0.184274690625 0.6368960109375 0.1588744453125 0.6005089046875 0.088684009375 0.6385460968750001 0.11135156093750001 0.6792288453124999
2 0.125145575 0.6173796765625 0.1129287703125 0.5998608640625 0.0407864109375 0.6409663703125 0.0661048484375 0.678629665625 0.0989488890625 0.6591332234375 0.0878623375 0.640411515625 0.125145575 0.6173796765625
5 0.2344724453125 0.7519310203125 0.28380949843750003 0.688720784375 0.23639553124999999 0.6616910093749999 0.18970936249999998 0.721881790625 0.2344724453125 0.7519310203125
10 0.18892859374999998 0.7231091171874999 0.2106265296875 0.6912963375000001 0.18977675 0.677019753125 0.13055015781249998 0.735692934375 0.17410118125000001 0.768221253125 0.2036104171875 0.735031665625 0.18892859374999998 0.7231091171874999
8 0.374981984375 0.8162344578124999 0.4092468328125 0.7417153328125 0.3554826484375 0.720651178125 0.31905775468750003 0.790532628125 0.374981984375 0.8162344578124999
0 0.3185855640625 0.7924224796875 0.3372386203125 0.7533463578124999 0.3103658546875 0.7399306390625 0.266746815625 0.8125139484374999 0.320923640625 0.8380936218749999 0.341119590625 0.8023301265624999 0.3185855640625 0.7924224796875
10 0.519975859375 0.8270112749999999 0.52434891875 0.7478387390625 0.4646694078125 0.7423849078125 0.4587125546875 0.8188829125 0.519975859375 0.8270112749999999
5 0.4586307484375 0.8201591031250001 0.4605273484375 0.7741430328125001 0.4293417 0.7732448921875 0.422235946875 0.8567130734375 0.4859642671875 0.8592451703125 0.488173053125 0.824788084375 0.4586307484375 0.8201591031250001
5 0.686945203125 0.7994749484375 0.6638453531249999 0.7237002312499999 0.6053897328125 0.7345421578125 0.6277940656250001 0.8088235796875001 0.686945203125 0.7994749484375
2 0.6282270125 0.810298521875 0.6143279625 0.767912925 0.5894172015625 0.7738764515625001 0.6139388203125 0.8521583484375 0.6751430703125 0.839582334375 0.663378025 0.8050508421875 0.6282270125 0.810298521875
0 0.8091697859375 0.731932975 0.7571618609375 0.6709919484375 0.711823465625 0.69527134375 0.7638006578125001 0.7566917796875 0.8091697859375 0.731932975
3 0.7642028734374999 0.758646128125 0.7333009109375 0.722295303125 0.7119291999999999 0.73476648125 0.76196219375 0.8018297015625 0.8099570265624999 0.7772544453125 0.786624865625 0.74624836875 0.7642028734374999 0.758646128125
1 0.8623324296874999 0.6884566624999999 0.8946177734375 0.6579676484375 0.8328527031249999 0.609346609375 0.7982349578125 0.639191015625 0.8623324296874999 0.6884566624999999
12 0.8776650171875 0.6755633171875 0.863058678125 0.6894705484375 0.8234638640625 0.6611800859375 0.806432928125 0.6758809390625 0.868848771875 0.730807725 0.9047319203124999 0.6976808703125 0.8776650171875 0.6755633171875
10 0.4762565953125 0.6012731140625001 0.48036058437499995 0.5413652734375 0.42827942343750003 0.5391691859375001 0.42263074375 0.5984874890625 0.4762565953125 0.6012731140625001