4 0.0925044515625 0.702090125 0.16501966562499998 0.6576167671875 0.1391658296875 0.621953590625 0.0693364609375 0.66204994375 0.0925044515625 0.702090125
2 0.10559406874999999 0.6398132640624999 0.0931588953125 0.6226426328125 0.0214110640625 0.6658654171875 0.047197865625 0.7028077046875 0.07985317343750001 0.68234700625 0.068535559375 0.6639400703125 0.10559406874999999 0.6398132640624999
5 0.21661621874999998 0.7712393546875 0.2652745703125 0.706566284375 0.2174902875 0.6809051625 0.17145074531249999 0.7424803375 0.21661621874999998 0.7712393546875
10 0.1706833609375 0.743730909375 0.192036053125 0.7112730921875 0.170995584375 0.6975973453125001 0.112383278125 0.7580192984375 0.15636415625 0.78929373125 0.185521240625 0.75523115625 0.1706833609375 0.743730909375
8 0.358039128125 0.83148015 0.39147590781249997 0.75593211875 0.33740348125 0.7364239796875001 0.3017501046875 0.8073952468750001 0.358039128125 0.83148015
0 0.3012993765625 0.8092996421875001 0.31951901718750003 0.7696640375 0.292458546875 0.757024834375 0.2496340890625 0.8309085078124999 0.304172240625 0.8549220671875 0.3239751671875 0.818555578125 0.3012993765625 0.8092996421875001
10 0.5033280453125 0.8380411406249999 0.506783884375 0.758707796875 0.4469710734375 0.7549887703125 0.44189843125 0.8316925515625 0.5033280453125 0.8380411406249999
5 0.44183139687499995 0.8329716625 0.44319414375 0.7868809046874999 0.41196157343750006 0.786890115625 0.405819890625 0.8706004640625 0.46965220781249994 0.8712786687499999 0.47146216250000006 0.8367427046874999 0.44183139687499995 0.8329716625
5 0.6701717875 0.805633115625 0.646162184375 0.73049869375 0.587764534375 0.7430467000000001 0.6110604109375 0.8167074390625 0.6701717875 0.805633115625
2 0.611511046875 0.818170403125 0.597101971875 0.7761714265624999 0.5722315625000001 0.782862565625 0.5976938046875 0.8604638437500001 0.6588230953124999 0.8461010109375 0.6466420171875 0.81189735 0.611511046875 0.818170403125
0 0.7917524109375 0.734504909375 0.7389737453125 0.6750518984375 0.693865196875 0.7006612546875 0.746618678125 0.7605947734375 0.7917524109375 0.734504909375
3 0.74704413125 0.7625382421875 0.7156825703125 0.7270715015625 0.694431159375 0.740170034375 0.74530390625 0.80580531875 0.7930685515625 0.779822653125 0.7693479046875 0.7494825890625 0.74704413125 0.7625382421875
1 0.8444707171875001 0.6894627671875 0.8764386156249999 0.6580211031250001 0.8140349234375 0.611177296875 0.7797243859375 0.6420419703125 0.8444707171875001 0.6894627671875
12 0.8596710265624999 0.6761176703125 0.8452096265625 0.6904559421875 0.805238953125 0.663306003125 0.7883593656250001 0.67850880625 0.8514880515625001 0.7316420859375 0.8870272312499999 0.6974567421875 0.8596710265624999 0.6761176703125
10 0.456927903125 0.6134799625 0.4603387828125 0.5534273015625 0.4081711546875 0.55274623125 0.403206909375 0.612254065625 0.456927903125 0.6134799625